0.0	0.0	1.111140466039204
0.19634954084936207	0.0	0.9382536653846911
0.39269908169872414	0.0	0.7506605550357299
0.5890486225480862	0.0	0.5555702330196018
0.7853981633974483	0.0	0.3604799110034733
0.9817477042468103	0.0	0.17288680065451167
1.1780972450961724	0.0	-5.551115123125783E-16
1.3744467859455345	0.0	-0.15153654816694562
1.5707963267948966	0.0	-0.2758993792829435
1.7671458676442586	0.0	-0.3683092994916849
1.9634954084936207	0.0	-0.4252150473836286
2.1598449493429825	0.0	-0.44442976698039804
2.356194490192345	0.0	-0.4252150473836285
2.552544031041707	0.0	-0.36830929949168456
2.748893571891069	0.0	-0.27589937928294317
2.945243112740431	0.0	-0.1515365481669455
3.141592653589793	0.0	-1.1102230246251565E-16
3.3379421944391554	0.0	0.17288680065451262
3.5342917352885173	0.0	0.3604799110034739
3.730641276137879	0.0	0.555570233019602
3.9269908169872414	0.0	0.7506605550357304
4.123340357836604	0.0	0.9382536653846921
4.319689898685965	0.0	1.111140466039204
4.516039439535327	0.0	1.2626770142061494
4.71238898038469	0.0	1.3870398453221473
4.908738521234052	0.0	1.479449765530889
5.105088062083414	0.0	1.5363555134228326
5.301437602932776	0.0	1.555570233019602
5.497787143782138	0.0	1.5363555134228324
5.6941366846315	0.0	1.4794497655308887
5.890486225480862	0.0	1.3870398453221475
6.086835766330224	0.0	1.2626770142061496
6.283185307179586	0.0	1.1111404660392041

0.0	0.19634954084936207	0.9382536653846911
0.19634954084936207	0.19634954084936207	0.7653668647301785
0.39269908169872414	0.19634954084936207	0.5777737543812171
0.5890486225480862	0.19634954084936207	0.3826834323650891
0.7853981633974483	0.19634954084936207	0.18759311034896062
0.9817477042468103	0.19634954084936207	-1.0547118733938987E-15
1.1780972450961724	0.19634954084936207	-0.17288680065451328
1.3744467859455345	0.19634954084936207	-0.32442334882145835
1.5707963267948966	0.19634954084936207	-0.44878617993745623
1.7671458676442586	0.19634954084936207	-0.5411961001461976
1.9634954084936207	0.19634954084936207	-0.5981018480381413
2.1598449493429825	0.19634954084936207	-0.6173165676349108
2.356194490192345	0.19634954084936207	-0.5981018480381413
2.552544031041707	0.19634954084936207	-0.5411961001461973
2.748893571891069	0.19634954084936207	-0.4487861799374559
2.945243112740431	0.19634954084936207	-0.32442334882145824
3.141592653589793	0.19634954084936207	-0.17288680065451284
3.3379421944391554	0.19634954084936207	-1.1102230246251565E-16
3.5342917352885173	0.19634954084936207	0.18759311034896117
3.730641276137879	0.19634954084936207	0.3826834323650892
3.9269908169872414	0.19634954084936207	0.5777737543812177
4.123340357836604	0.19634954084936207	0.7653668647301795
4.319689898685965	0.19634954084936207	0.9382536653846913
4.516039439535327	0.19634954084936207	1.0897902135516366
4.71238898038469	0.19634954084936207	1.2141530446676345
4.908738521234052	0.19634954084936207	1.3065629648763761
5.105088062083414	0.19634954084936207	1.3634687127683198
5.301437602932776	0.19634954084936207	1.3826834323650892
5.497787143782138	0.19634954084936207	1.3634687127683196
5.6941366846315	0.19634954084936207	1.306562964876376
5.890486225480862	0.19634954084936207	1.2141530446676347
6.086835766330224	0.19634954084936207	1.0897902135516369
6.283185307179586	0.19634954084936207	0.9382536653846913

0.0	0.39269908169872414	0.7506605550357299
0.19634954084936207	0.39269908169872414	0.5777737543812171
0.39269908169872414	0.39269908169872414	0.39018064403225583
0.5890486225480862	0.39269908169872414	0.1950903220161278
0.7853981633974483	0.39269908169872414	-6.938893903907228E-16
0.9817477042468103	0.39269908169872414	-0.18759311034896237
1.1780972450961724	0.39269908169872414	-0.3604799110034746
1.3744467859455345	0.39269908169872414	-0.5120164591704197
1.5707963267948966	0.39269908169872414	-0.6363792902864176
1.7671458676442586	0.39269908169872414	-0.728789210495159
1.9634954084936207	0.39269908169872414	-0.7856949583871027
2.1598449493429825	0.39269908169872414	-0.804909677983872
2.356194490192345	0.39269908169872414	-0.7856949583871025
2.552544031041707	0.39269908169872414	-0.7287892104951585
2.748893571891069	0.39269908169872414	-0.6363792902864172
2.945243112740431	0.39269908169872414	-0.5120164591704195
3.141592653589793	0.39269908169872414	-0.36047991100347415
3.3379421944391554	0.39269908169872414	-0.18759311034896142
3.5342917352885173	0.39269908169872414	-1.3877787807814457E-16
3.730641276137879	0.39269908169872414	0.19509032201612792
3.9269908169872414	0.39269908169872414	0.3901806440322564
4.123340357836604	0.39269908169872414	0.577773754381218
4.319689898685965	0.39269908169872414	0.7506605550357299
4.516039439535327	0.39269908169872414	0.9021971032026754
4.71238898038469	0.39269908169872414	1.0265599343186733
4.908738521234052	0.39269908169872414	1.118969854527415
5.105088062083414	0.39269908169872414	1.1758756024193584
5.301437602932776	0.39269908169872414	1.195090322016128
5.497787143782138	0.39269908169872414	1.1758756024193584
5.6941366846315	0.39269908169872414	1.1189698545274145
5.890486225480862	0.39269908169872414	1.0265599343186733
6.086835766330224	0.39269908169872414	0.9021971032026754
6.283185307179586	0.39269908169872414	0.7506605550357301

0.0	0.5890486225480862	0.5555702330196018
0.19634954084936207	0.5890486225480862	0.3826834323650891
0.39269908169872414	0.5890486225480862	0.1950903220161278
0.5890486225480862	0.5890486225480862	-2.4492935982947064E-16
0.7853981633974483	0.5890486225480862	-0.19509032201612872
0.9817477042468103	0.5890486225480862	-0.3826834323650904
1.1780972450961724	0.5890486225480862	-0.5555702330196026
1.3744467859455345	0.5890486225480862	-0.7071067811865477
1.5707963267948966	0.5890486225480862	-0.8314696123025456
1.7671458676442586	0.5890486225480862	-0.923879532511287
1.9634954084936207	0.5890486225480862	-0.9807852804032307
2.1598449493429825	0.5890486225480862	-1.0000000000000002
2.356194490192345	0.5890486225480862	-0.9807852804032305
2.552544031041707	0.5890486225480862	-0.9238795325112866
2.748893571891069	0.5890486225480862	-0.8314696123025452
2.945243112740431	0.5890486225480862	-0.7071067811865476
3.141592653589793	0.5890486225480862	-0.5555702330196022
3.3379421944391554	0.5890486225480862	-0.38268343236508945
3.5342917352885173	0.5890486225480862	-0.19509032201612816
3.730641276137879	0.5890486225480862	-1.2246467991473532E-16
3.9269908169872414	0.5890486225480862	0.19509032201612836
4.123340357836604	0.5890486225480862	0.38268343236509006
4.319689898685965	0.5890486225480862	0.555570233019602
4.516039439535327	0.5890486225480862	0.7071067811865474
4.71238898038469	0.5890486225480862	0.8314696123025452
4.908738521234052	0.5890486225480862	0.9238795325112868
5.105088062083414	0.5890486225480862	0.9807852804032304
5.301437602932776	0.5890486225480862	0.9999999999999999
5.497787143782138	0.5890486225480862	0.9807852804032303
5.6941366846315	0.5890486225480862	0.9238795325112865
5.890486225480862	0.5890486225480862	0.8314696123025453
6.086835766330224	0.5890486225480862	0.7071067811865475
6.283185307179586	0.5890486225480862	0.5555702330196021

0.0	0.7853981633974483	0.3604799110034733
0.19634954084936207	0.7853981633974483	0.18759311034896062
0.39269908169872414	0.7853981633974483	-6.938893903907228E-16
0.5890486225480862	0.7853981633974483	-0.19509032201612872
0.7853981633974483	0.7853981633974483	-0.3901806440322572
0.9817477042468103	0.7853981633974483	-0.5777737543812189
1.1780972450961724	0.7853981633974483	-0.7506605550357311
1.3744467859455345	0.7853981633974483	-0.9021971032026762
1.5707963267948966	0.7853981633974483	-1.026559934318674
1.7671458676442586	0.7853981633974483	-1.1189698545274154
1.9634954084936207	0.7853981633974483	-1.175875602419359
2.1598449493429825	0.7853981633974483	-1.1950903220161286
2.356194490192345	0.7853981633974483	-1.175875602419359
2.552544031041707	0.7853981633974483	-1.1189698545274152
2.748893571891069	0.7853981633974483	-1.0265599343186738
2.945243112740431	0.7853981633974483	-0.9021971032026761
3.141592653589793	0.7853981633974483	-0.7506605550357307
3.3379421944391554	0.7853981633974483	-0.5777737543812179
3.5342917352885173	0.7853981633974483	-0.39018064403225666
3.730641276137879	0.7853981633974483	-0.1950903220161286
3.9269908169872414	0.7853981633974483	-1.3877787807814457E-16
4.123340357836604	0.7853981633974483	0.18759311034896156
4.319689898685965	0.7853981633974483	0.36047991100347343
4.516039439535327	0.7853981633974483	0.5120164591704188
4.71238898038469	0.7853981633974483	0.6363792902864167
4.908738521234052	0.7853981633974483	0.7287892104951583
5.105088062083414	0.7853981633974483	0.7856949583871019
5.301437602932776	0.7853981633974483	0.8049096779838714
5.497787143782138	0.7853981633974483	0.7856949583871018
5.6941366846315	0.7853981633974483	0.728789210495158
5.890486225480862	0.7853981633974483	0.6363792902864168
6.086835766330224	0.7853981633974483	0.5120164591704189
6.283185307179586	0.7853981633974483	0.36047991100347354

0.0	0.9817477042468103	0.17288680065451167
0.19634954084936207	0.9817477042468103	-1.0547118733938987E-15
0.39269908169872414	0.9817477042468103	-0.18759311034896237
0.5890486225480862	0.9817477042468103	-0.3826834323650904
0.7853981633974483	0.9817477042468103	-0.5777737543812189
0.9817477042468103	0.9817477042468103	-0.7653668647301806
1.1780972450961724	0.9817477042468103	-0.9382536653846928
1.3744467859455345	0.9817477042468103	-1.089790213551638
1.5707963267948966	0.9817477042468103	-1.2141530446676359
1.7671458676442586	0.9817477042468103	-1.306562964876377
1.9634954084936207	0.9817477042468103	-1.363468712768321
2.1598449493429825	0.9817477042468103	-1.3826834323650903
2.356194490192345	0.9817477042468103	-1.3634687127683207
2.552544031041707	0.9817477042468103	-1.3065629648763768
2.748893571891069	0.9817477042468103	-1.2141530446676354
2.945243112740431	0.9817477042468103	-1.0897902135516377
3.141592653589793	0.9817477042468103	-0.9382536653846923
3.3379421944391554	0.9817477042468103	-0.7653668647301797
3.5342917352885173	0.9817477042468103	-0.5777737543812184
3.730641276137879	0.9817477042468103	-0.3826834323650903
3.9269908169872414	0.9817477042468103	-0.1875931103489618
4.123340357836604	0.9817477042468103	-1.1102230246251565E-16
4.319689898685965	0.9817477042468103	0.17288680065451179
4.516039439535327	0.9817477042468103	0.3244233488214572
4.71238898038469	0.9817477042468103	0.44878617993745507
4.908738521234052	0.9817477042468103	0.5411961001461967
5.105088062083414	0.9817477042468103	0.5981018480381403
5.301437602932776	0.9817477042468103	0.6173165676349097
5.497787143782138	0.9817477042468103	0.5981018480381401
5.6941366846315	0.9817477042468103	0.5411961001461963
5.890486225480862	0.9817477042468103	0.4487861799374552
6.086835766330224	0.9817477042468103	0.3244233488214573
6.283185307179586	0.9817477042468103	0.1728868006545119

0.0	1.1780972450961724	-5.551115123125783E-16
0.19634954084936207	1.1780972450961724	-0.17288680065451328
0.39269908169872414	1.1780972450961724	-0.3604799110034746
0.5890486225480862	1.1780972450961724	-0.5555702330196026
0.7853981633974483	1.1780972450961724	-0.7506605550357311
0.9817477042468103	1.1780972450961724	-0.9382536653846928
1.1780972450961724	1.1780972450961724	-1.111140466039205
1.3744467859455345	1.1780972450961724	-1.26267701420615
1.5707963267948966	1.1780972450961724	-1.387039845322148
1.7671458676442586	1.1780972450961724	-1.4794497655308894
1.9634954084936207	1.1780972450961724	-1.536355513422833
2.1598449493429825	1.1780972450961724	-1.5555702330196026
2.356194490192345	1.1780972450961724	-1.536355513422833
2.552544031041707	1.1780972450961724	-1.4794497655308891
2.748893571891069	1.1780972450961724	-1.3870398453221475
2.945243112740431	1.1780972450961724	-1.26267701420615
3.141592653589793	1.1780972450961724	-1.1111404660392046
3.3379421944391554	1.1780972450961724	-0.9382536653846918
3.5342917352885173	1.1780972450961724	-0.7506605550357306
3.730641276137879	1.1780972450961724	-0.5555702330196025
3.9269908169872414	1.1780972450961724	-0.36047991100347404
4.123340357836604	1.1780972450961724	-0.17288680065451234
4.319689898685965	1.1780972450961724	-4.440892098500626E-16
4.516039439535327	1.1780972450961724	0.15153654816694495
4.71238898038469	1.1780972450961724	0.27589937928294284
4.908738521234052	1.1780972450961724	0.36830929949168445
5.105088062083414	1.1780972450961724	0.42521504738362803
5.301437602932776	1.1780972450961724	0.4444297669803975
5.497787143782138	1.1780972450961724	0.4252150473836279
5.6941366846315	1.1780972450961724	0.3683092994916841
5.890486225480862	1.1780972450961724	0.27589937928294295
6.086835766330224	1.1780972450961724	0.15153654816694506
6.283185307179586	1.1780972450961724	-3.3306690738754696E-16

0.0	1.3744467859455345	-0.15153654816694562
0.19634954084936207	1.3744467859455345	-0.32442334882145835
0.39269908169872414	1.3744467859455345	-0.5120164591704197
0.5890486225480862	1.3744467859455345	-0.7071067811865477
0.7853981633974483	1.3744467859455345	-0.9021971032026762
0.9817477042468103	1.3744467859455345	-1.089790213551638
1.1780972450961724	1.3744467859455345	-1.26267701420615
1.3744467859455345	1.3744467859455345	-1.4142135623730951
1.5707963267948966	1.3744467859455345	-1.538576393489093
1.7671458676442586	1.3744467859455345	-1.6309863136978344
1.9634954084936207	1.3744467859455345	-1.6878920615897781
2.1598449493429825	1.3744467859455345	-1.7071067811865475
2.356194490192345	1.3744467859455345	-1.687892061589778
2.552544031041707	1.3744467859455345	-1.630986313697834
2.748893571891069	1.3744467859455345	-1.5385763934890928
2.945243112740431	1.3744467859455345	-1.414213562373095
3.141592653589793	1.3744467859455345	-1.2626770142061496
3.3379421944391554	1.3744467859455345	-1.0897902135516369
3.5342917352885173	1.3744467859455345	-0.9021971032026757
3.730641276137879	1.3744467859455345	-0.7071067811865476
3.9269908169872414	1.3744467859455345	-0.512016459170419
4.123340357836604	1.3744467859455345	-0.3244233488214574
4.319689898685965	1.3744467859455345	-0.1515365481669455
4.516039439535327	1.3744467859455345	-1.1102230246251565E-16
4.71238898038469	1.3744467859455345	0.12436283111599777
4.908738521234052	1.3744467859455345	0.2167727513247394
5.105088062083414	1.3744467859455345	0.27367849921668297
5.301437602932776	1.3744467859455345	0.2928932188134524
5.497787143782138	1.3744467859455345	0.27367849921668286
5.6941366846315	1.3744467859455345	0.21677275132473905
5.890486225480862	1.3744467859455345	0.12436283111599788
6.086835766330224	1.3744467859455345	0.0
6.283185307179586	1.3744467859455345	-0.1515365481669454

0.0	1.5707963267948966	-0.2758993792829435
0.19634954084936207	1.5707963267948966	-0.44878617993745623
0.39269908169872414	1.5707963267948966	-0.6363792902864176
0.5890486225480862	1.5707963267948966	-0.8314696123025456
0.7853981633974483	1.5707963267948966	-1.026559934318674
0.9817477042468103	1.5707963267948966	-1.2141530446676359
1.1780972450961724	1.5707963267948966	-1.387039845322148
1.3744467859455345	1.5707963267948966	-1.538576393489093
1.5707963267948966	1.5707963267948966	-1.662939224605091
1.7671458676442586	1.5707963267948966	-1.7553491448138323
1.9634954084936207	1.5707963267948966	-1.812254892705776
2.1598449493429825	1.5707963267948966	-1.8314696123025453
2.356194490192345	1.5707963267948966	-1.8122548927057758
2.552544031041707	1.5707963267948966	-1.7553491448138319
2.748893571891069	1.5707963267948966	-1.6629392246050907
2.945243112740431	1.5707963267948966	-1.5385763934890928
3.141592653589793	1.5707963267948966	-1.3870398453221475
3.3379421944391554	1.5707963267948966	-1.2141530446676347
3.5342917352885173	1.5707963267948966	-1.0265599343186735
3.730641276137879	1.5707963267948966	-0.8314696123025455
3.9269908169872414	1.5707963267948966	-0.6363792902864169
4.123340357836604	1.5707963267948966	-0.4487861799374553
4.319689898685965	1.5707963267948966	-0.2758993792829434
4.516039439535327	1.5707963267948966	-0.124362831115998
4.71238898038469	1.5707963267948966	-1.1102230246251565E-16
4.908738521234052	1.5707963267948966	0.0924099202087415
5.105088062083414	1.5707963267948966	0.14931566810068508
5.301437602932776	1.5707963267948966	0.16853038769745454
5.497787143782138	1.5707963267948966	0.14931566810068497
5.6941366846315	1.5707963267948966	0.09240992020874117
5.890486225480862	1.5707963267948966	0.0
6.086835766330224	1.5707963267948966	-0.12436283111599788
6.283185307179586	1.5707963267948966	-0.2758993792829433

0.0	1.7671458676442586	-0.3683092994916849
0.19634954084936207	1.7671458676442586	-0.5411961001461976
0.39269908169872414	1.7671458676442586	-0.728789210495159
0.5890486225480862	1.7671458676442586	-0.923879532511287
0.7853981633974483	1.7671458676442586	-1.1189698545274154
0.9817477042468103	1.7671458676442586	-1.306562964876377
1.1780972450961724	1.7671458676442586	-1.4794497655308894
1.3744467859455345	1.7671458676442586	-1.6309863136978344
1.5707963267948966	1.7671458676442586	-1.7553491448138323
1.7671458676442586	1.7671458676442586	-1.8477590650225737
1.9634954084936207	1.7671458676442586	-1.9046648129145174
2.1598449493429825	1.7671458676442586	-1.923879532511287
2.356194490192345	1.7671458676442586	-1.9046648129145174
2.552544031041707	1.7671458676442586	-1.8477590650225735
2.748893571891069	1.7671458676442586	-1.7553491448138319
2.945243112740431	1.7671458676442586	-1.6309863136978344
3.141592653589793	1.7671458676442586	-1.479449765530889
3.3379421944391554	1.7671458676442586	-1.3065629648763761
3.5342917352885173	1.7671458676442586	-1.118969854527415
3.730641276137879	1.7671458676442586	-0.9238795325112868
3.9269908169872414	1.7671458676442586	-0.7287892104951583
4.123340357836604	1.7671458676442586	-0.5411961001461967
4.319689898685965	1.7671458676442586	-0.3683092994916848
4.516039439535327	1.7671458676442586	-0.2167727513247394
4.71238898038469	1.7671458676442586	-0.0924099202087415
4.908738521234052	1.7671458676442586	1.1102230246251565E-16
5.105088062083414	1.7671458676442586	0.05690574789194369
5.301437602932776	1.7671458676442586	0.07612046748871315
5.497787143782138	1.7671458676442586	0.05690574789194358
5.6941366846315	1.7671458676442586	-2.220446049250313E-16
5.890486225480862	1.7671458676442586	-0.09240992020874139
6.086835766330224	1.7671458676442586	-0.21677275132473928
6.283185307179586	1.7671458676442586	-0.36830929949168467

0.0	1.9634954084936207	-0.4252150473836286
0.19634954084936207	1.9634954084936207	-0.5981018480381413
0.39269908169872414	1.9634954084936207	-0.7856949583871027
0.5890486225480862	1.9634954084936207	-0.9807852804032307
0.7853981633974483	1.9634954084936207	-1.175875602419359
0.9817477042468103	1.9634954084936207	-1.363468712768321
1.1780972450961724	1.9634954084936207	-1.536355513422833
1.3744467859455345	1.9634954084936207	-1.6878920615897781
1.5707963267948966	1.9634954084936207	-1.812254892705776
1.7671458676442586	1.9634954084936207	-1.9046648129145174
1.9634954084936207	1.9634954084936207	-1.961570560806461
2.1598449493429825	1.9634954084936207	-1.9807852804032304
2.356194490192345	1.9634954084936207	-1.9615705608064609
2.552544031041707	1.9634954084936207	-1.904664812914517
2.748893571891069	1.9634954084936207	-1.8122548927057758
2.945243112740431	1.9634954084936207	-1.687892061589778
3.141592653589793	1.9634954084936207	-1.5363555134228326
3.3379421944391554	1.9634954084936207	-1.3634687127683198
3.5342917352885173	1.9634954084936207	-1.1758756024193586
3.730641276137879	1.9634954084936207	-0.9807852804032305
3.9269908169872414	1.9634954084936207	-0.785694958387102
4.123340357836604	1.9634954084936207	-0.5981018480381404
4.319689898685965	1.9634954084936207	-0.4252150473836285
4.516039439535327	1.9634954084936207	-0.2736784992166831
4.71238898038469	1.9634954084936207	-0.1493156681006852
4.908738521234052	1.9634954084936207	-0.05690574789194358
5.105088062083414	1.9634954084936207	0.0
5.301437602932776	1.9634954084936207	0.01921471959676946
5.497787143782138	1.9634954084936207	-1.1102230246251565E-16
5.6941366846315	1.9634954084936207	-0.056905747891943914
5.890486225480862	1.9634954084936207	-0.14931566810068508
6.086835766330224	1.9634954084936207	-0.27367849921668297
6.283185307179586	1.9634954084936207	-0.42521504738362836

0.0	2.1598449493429825	-0.44442976698039804
0.19634954084936207	2.1598449493429825	-0.6173165676349108
0.39269908169872414	2.1598449493429825	-0.804909677983872
0.5890486225480862	2.1598449493429825	-1.0000000000000002
0.7853981633974483	2.1598449493429825	-1.1950903220161286
0.9817477042468103	2.1598449493429825	-1.3826834323650903
1.1780972450961724	2.1598449493429825	-1.5555702330196026
1.3744467859455345	2.1598449493429825	-1.7071067811865475
1.5707963267948966	2.1598449493429825	-1.8314696123025453
1.7671458676442586	2.1598449493429825	-1.923879532511287
1.9634954084936207	2.1598449493429825	-1.9807852804032304
2.1598449493429825	2.1598449493429825	-2.0
2.356194490192345	2.1598449493429825	-1.9807852804032304
2.552544031041707	2.1598449493429825	-1.9238795325112865
2.748893571891069	2.1598449493429825	-1.8314696123025451
2.945243112740431	2.1598449493429825	-1.7071067811865475
3.141592653589793	2.1598449493429825	-1.5555702330196022
3.3379421944391554	2.1598449493429825	-1.3826834323650894
3.5342917352885173	2.1598449493429825	-1.195090322016128
3.730641276137879	2.1598449493429825	-1.0
3.9269908169872414	2.1598449493429825	-0.8049096779838716
4.123340357836604	2.1598449493429825	-0.6173165676349098
4.319689898685965	2.1598449493429825	-0.44442976698039793
4.516039439535327	2.1598449493429825	-0.29289321881345254
4.71238898038469	2.1598449493429825	-0.16853038769745465
4.908738521234052	2.1598449493429825	-0.07612046748871304
5.105088062083414	2.1598449493429825	-0.01921471959676946
5.301437602932776	2.1598449493429825	0.0
5.497787143782138	2.1598449493429825	-0.01921471959676957
5.6941366846315	2.1598449493429825	-0.07612046748871337
5.890486225480862	2.1598449493429825	-0.16853038769745454
6.086835766330224	2.1598449493429825	-0.2928932188134524
6.283185307179586	2.1598449493429825	-0.4444297669803978

0.0	2.356194490192345	-0.4252150473836285
0.19634954084936207	2.356194490192345	-0.5981018480381413
0.39269908169872414	2.356194490192345	-0.7856949583871025
0.5890486225480862	2.356194490192345	-0.9807852804032305
0.7853981633974483	2.356194490192345	-1.175875602419359
0.9817477042468103	2.356194490192345	-1.3634687127683207
1.1780972450961724	2.356194490192345	-1.536355513422833
1.3744467859455345	2.356194490192345	-1.687892061589778
1.5707963267948966	2.356194490192345	-1.8122548927057758
1.7671458676442586	2.356194490192345	-1.9046648129145174
1.9634954084936207	2.356194490192345	-1.9615705608064609
2.1598449493429825	2.356194490192345	-1.9807852804032304
2.356194490192345	2.356194490192345	-1.9615705608064609
2.552544031041707	2.356194490192345	-1.904664812914517
2.748893571891069	2.356194490192345	-1.8122548927057756
2.945243112740431	2.356194490192345	-1.687892061589778
3.141592653589793	2.356194490192345	-1.5363555134228326
3.3379421944391554	2.356194490192345	-1.3634687127683198
3.5342917352885173	2.356194490192345	-1.1758756024193584
3.730641276137879	2.356194490192345	-0.9807852804032304
3.9269908169872414	2.356194490192345	-0.785694958387102
4.123340357836604	2.356194490192345	-0.5981018480381403
4.319689898685965	2.356194490192345	-0.42521504738362836
4.516039439535327	2.356194490192345	-0.27367849921668297
4.71238898038469	2.356194490192345	-0.14931566810068508
4.908738521234052	2.356194490192345	-0.05690574789194347
5.105088062083414	2.356194490192345	1.1102230246251565E-16
5.301437602932776	2.356194490192345	0.01921471959676957
5.497787143782138	2.356194490192345	0.0
5.6941366846315	2.356194490192345	-0.0569057478919438
5.890486225480862	2.356194490192345	-0.14931566810068497
6.086835766330224	2.356194490192345	-0.27367849921668286
6.283185307179586	2.356194490192345	-0.42521504738362825

0.0	2.552544031041707	-0.36830929949168456
0.19634954084936207	2.552544031041707	-0.5411961001461973
0.39269908169872414	2.552544031041707	-0.7287892104951585
0.5890486225480862	2.552544031041707	-0.9238795325112866
0.7853981633974483	2.552544031041707	-1.1189698545274152
0.9817477042468103	2.552544031041707	-1.3065629648763768
1.1780972450961724	2.552544031041707	-1.4794497655308891
1.3744467859455345	2.552544031041707	-1.630986313697834
1.5707963267948966	2.552544031041707	-1.7553491448138319
1.7671458676442586	2.552544031041707	-1.8477590650225735
1.9634954084936207	2.552544031041707	-1.904664812914517
2.1598449493429825	2.552544031041707	-1.9238795325112865
2.356194490192345	2.552544031041707	-1.904664812914517
2.552544031041707	2.552544031041707	-1.847759065022573
2.748893571891069	2.552544031041707	-1.7553491448138316
2.945243112740431	2.552544031041707	-1.630986313697834
3.141592653589793	2.552544031041707	-1.4794497655308887
3.3379421944391554	2.552544031041707	-1.306562964876376
3.5342917352885173	2.552544031041707	-1.1189698545274145
3.730641276137879	2.552544031041707	-0.9238795325112865
3.9269908169872414	2.552544031041707	-0.7287892104951581
4.123340357836604	2.552544031041707	-0.5411961001461963
4.319689898685965	2.552544031041707	-0.36830929949168445
4.516039439535327	2.552544031041707	-0.21677275132473905
4.71238898038469	2.552544031041707	-0.09240992020874117
4.908738521234052	2.552544031041707	4.440892098500626E-16
5.105088062083414	2.552544031041707	0.056905747891944025
5.301437602932776	2.552544031041707	0.07612046748871348
5.497787143782138	2.552544031041707	0.056905747891943914
5.6941366846315	2.552544031041707	1.1102230246251565E-16
5.890486225480862	2.552544031041707	-0.09240992020874106
6.086835766330224	2.552544031041707	-0.21677275132473894
6.283185307179586	2.552544031041707	-0.36830929949168434

0.0	2.748893571891069	-0.27589937928294317
0.19634954084936207	2.748893571891069	-0.4487861799374559
0.39269908169872414	2.748893571891069	-0.6363792902864172
0.5890486225480862	2.748893571891069	-0.8314696123025452
0.7853981633974483	2.748893571891069	-1.0265599343186738
0.9817477042468103	2.748893571891069	-1.2141530446676354
1.1780972450961724	2.748893571891069	-1.3870398453221475
1.3744467859455345	2.748893571891069	-1.5385763934890928
1.5707963267948966	2.748893571891069	-1.6629392246050907
1.7671458676442586	2.748893571891069	-1.7553491448138319
1.9634954084936207	2.748893571891069	-1.8122548927057758
2.1598449493429825	2.748893571891069	-1.8314696123025451
2.356194490192345	2.748893571891069	-1.8122548927057756
2.552544031041707	2.748893571891069	-1.7553491448138316
2.748893571891069	2.748893571891069	-1.6629392246050902
2.945243112740431	2.748893571891069	-1.5385763934890926
3.141592653589793	2.748893571891069	-1.387039845322147
3.3379421944391554	2.748893571891069	-1.2141530446676345
3.5342917352885173	2.748893571891069	-1.026559934318673
3.730641276137879	2.748893571891069	-0.8314696123025451
3.9269908169872414	2.748893571891069	-0.6363792902864167
4.123340357836604	2.748893571891069	-0.44878617993745495
4.319689898685965	2.748893571891069	-0.27589937928294306
4.516039439535327	2.748893571891069	-0.12436283111599766
4.71238898038469	2.748893571891069	2.220446049250313E-16
4.908738521234052	2.748893571891069	0.09240992020874184
5.105088062083414	2.748893571891069	0.14931566810068542
5.301437602932776	2.748893571891069	0.16853038769745488
5.497787143782138	2.748893571891069	0.1493156681006853
5.6941366846315	2.748893571891069	0.0924099202087415
5.890486225480862	2.748893571891069	3.3306690738754696E-16
6.086835766330224	2.748893571891069	-0.12436283111599755
6.283185307179586	2.748893571891069	-0.27589937928294295

0.0	2.945243112740431	-0.1515365481669455
0.19634954084936207	2.945243112740431	-0.32442334882145824
0.39269908169872414	2.945243112740431	-0.5120164591704195
0.5890486225480862	2.945243112740431	-0.7071067811865476
0.7853981633974483	2.945243112740431	-0.9021971032026761
0.9817477042468103	2.945243112740431	-1.0897902135516377
1.1780972450961724	2.945243112740431	-1.26267701420615
1.3744467859455345	2.945243112740431	-1.414213562373095
1.5707963267948966	2.945243112740431	-1.5385763934890928
1.7671458676442586	2.945243112740431	-1.6309863136978344
1.9634954084936207	2.945243112740431	-1.687892061589778
2.1598449493429825	2.945243112740431	-1.7071067811865475
2.356194490192345	2.945243112740431	-1.687892061589778
2.552544031041707	2.945243112740431	-1.630986313697834
2.748893571891069	2.945243112740431	-1.5385763934890926
2.945243112740431	2.945243112740431	-1.414213562373095
3.141592653589793	2.945243112740431	-1.2626770142061496
3.3379421944391554	2.945243112740431	-1.0897902135516369
3.5342917352885173	2.945243112740431	-0.9021971032026755
3.730641276137879	2.945243112740431	-0.7071067811865475
3.9269908169872414	2.945243112740431	-0.512016459170419
4.123340357836604	2.945243112740431	-0.3244233488214573
4.319689898685965	2.945243112740431	-0.1515365481669454
4.516039439535327	2.945243112740431	0.0
4.71238898038469	2.945243112740431	0.12436283111599788
4.908738521234052	2.945243112740431	0.2167727513247395
5.105088062083414	2.945243112740431	0.2736784992166831
5.301437602932776	2.945243112740431	0.29289321881345254
5.497787143782138	2.945243112740431	0.27367849921668297
5.6941366846315	2.945243112740431	0.21677275132473917
5.890486225480862	2.945243112740431	0.124362831115998
6.086835766330224	2.945243112740431	1.1102230246251565E-16
6.283185307179586	2.945243112740431	-0.15153654816694528

0.0	3.141592653589793	-1.1102230246251565E-16
0.19634954084936207	3.141592653589793	-0.17288680065451284
0.39269908169872414	3.141592653589793	-0.36047991100347415
0.5890486225480862	3.141592653589793	-0.5555702330196022
0.7853981633974483	3.141592653589793	-0.7506605550357307
0.9817477042468103	3.141592653589793	-0.9382536653846923
1.1780972450961724	3.141592653589793	-1.1111404660392046
1.3744467859455345	3.141592653589793	-1.2626770142061496
1.5707963267948966	3.141592653589793	-1.3870398453221475
1.7671458676442586	3.141592653589793	-1.479449765530889
1.9634954084936207	3.141592653589793	-1.5363555134228326
2.1598449493429825	3.141592653589793	-1.5555702330196022
2.356194490192345	3.141592653589793	-1.5363555134228326
2.552544031041707	3.141592653589793	-1.4794497655308887
2.748893571891069	3.141592653589793	-1.387039845322147
2.945243112740431	3.141592653589793	-1.2626770142061496
3.141592653589793	3.141592653589793	-1.1111404660392041
3.3379421944391554	3.141592653589793	-0.9382536653846913
3.5342917352885173	3.141592653589793	-0.7506605550357301
3.730641276137879	3.141592653589793	-0.5555702330196021
3.9269908169872414	3.141592653589793	-0.3604799110034736
4.123340357836604	3.141592653589793	-0.1728868006545119
4.319689898685965	3.141592653589793	0.0
4.516039439535327	3.141592653589793	0.1515365481669454
4.71238898038469	3.141592653589793	0.2758993792829433
4.908738521234052	3.141592653589793	0.3683092994916849
5.105088062083414	3.141592653589793	0.4252150473836285
5.301437602932776	3.141592653589793	0.44442976698039793
5.497787143782138	3.141592653589793	0.42521504738362836
5.6941366846315	3.141592653589793	0.36830929949168456
5.890486225480862	3.141592653589793	0.2758993792829434
6.086835766330224	3.141592653589793	0.1515365481669455
6.283185307179586	3.141592653589793	1.1102230246251565E-16

0.0	3.3379421944391554	0.17288680065451262
0.19634954084936207	3.3379421944391554	-1.1102230246251565E-16
0.39269908169872414	3.3379421944391554	-0.18759311034896142
0.5890486225480862	3.3379421944391554	-0.38268343236508945
0.7853981633974483	3.3379421944391554	-0.5777737543812179
0.9817477042468103	3.3379421944391554	-0.7653668647301797
1.1780972450961724	3.3379421944391554	-0.9382536653846918
1.3744467859455345	3.3379421944391554	-1.0897902135516369
1.5707963267948966	3.3379421944391554	-1.2141530446676347
1.7671458676442586	3.3379421944391554	-1.3065629648763761
1.9634954084936207	3.3379421944391554	-1.3634687127683198
2.1598449493429825	3.3379421944391554	-1.3826834323650894
2.356194490192345	3.3379421944391554	-1.3634687127683198
2.552544031041707	3.3379421944391554	-1.306562964876376
2.748893571891069	3.3379421944391554	-1.2141530446676345
2.945243112740431	3.3379421944391554	-1.0897902135516369
3.141592653589793	3.3379421944391554	-0.9382536653846913
3.3379421944391554	3.3379421944391554	-0.7653668647301787
3.5342917352885173	3.3379421944391554	-0.5777737543812174
3.730641276137879	3.3379421944391554	-0.38268343236508934
3.9269908169872414	3.3379421944391554	-0.18759311034896087
4.123340357836604	3.3379421944391554	8.326672684688674E-16
4.319689898685965	3.3379421944391554	0.17288680065451273
4.516039439535327	3.3379421944391554	0.3244233488214581
4.71238898038469	3.3379421944391554	0.448786179937456
4.908738521234052	3.3379421944391554	0.5411961001461976
5.105088062083414	3.3379421944391554	0.5981018480381413
5.301437602932776	3.3379421944391554	0.6173165676349106
5.497787143782138	3.3379421944391554	0.598101848038141
5.6941366846315	3.3379421944391554	0.5411961001461973
5.890486225480862	3.3379421944391554	0.4487861799374561
6.086835766330224	3.3379421944391554	0.32442334882145824
6.283185307179586	3.3379421944391554	0.17288680065451284

0.0	3.5342917352885173	0.3604799110034739
0.19634954084936207	3.5342917352885173	0.18759311034896117
0.39269908169872414	3.5342917352885173	-1.3877787807814457E-16
0.5890486225480862	3.5342917352885173	-0.19509032201612816
0.7853981633974483	3.5342917352885173	-0.39018064403225666
0.9817477042468103	3.5342917352885173	-0.5777737543812184
1.1780972450961724	3.5342917352885173	-0.7506605550357306
1.3744467859455345	3.5342917352885173	-0.9021971032026757
1.5707963267948966	3.5342917352885173	-1.0265599343186735
1.7671458676442586	3.5342917352885173	-1.118969854527415
1.9634954084936207	3.5342917352885173	-1.1758756024193586
2.1598449493429825	3.5342917352885173	-1.195090322016128
2.356194490192345	3.5342917352885173	-1.1758756024193584
2.552544031041707	3.5342917352885173	-1.1189698545274145
2.748893571891069	3.5342917352885173	-1.026559934318673
2.945243112740431	3.5342917352885173	-0.9021971032026755
3.141592653589793	3.5342917352885173	-0.7506605550357301
3.3379421944391554	3.5342917352885173	-0.5777737543812174
3.5342917352885173	3.5342917352885173	-0.3901806440322561
3.730641276137879	3.5342917352885173	-0.19509032201612805
3.9269908169872414	3.5342917352885173	4.163336342344337E-16
4.123340357836604	3.5342917352885173	0.18759311034896212
4.319689898685965	3.5342917352885173	0.360479911003474
4.516039439535327	3.5342917352885173	0.5120164591704194
4.71238898038469	3.5342917352885173	0.6363792902864173
4.908738521234052	3.5342917352885173	0.7287892104951589
5.105088062083414	3.5342917352885173	0.7856949583871025
5.301437602932776	3.5342917352885173	0.8049096779838719
5.497787143782138	3.5342917352885173	0.7856949583871023
5.6941366846315	3.5342917352885173	0.7287892104951585
5.890486225480862	3.5342917352885173	0.6363792902864174
6.086835766330224	3.5342917352885173	0.5120164591704195
6.283185307179586	3.5342917352885173	0.3604799110034741

0.0	3.730641276137879	0.555570233019602
0.19634954084936207	3.730641276137879	0.3826834323650892
0.39269908169872414	3.730641276137879	0.19509032201612792
0.5890486225480862	3.730641276137879	-1.2246467991473532E-16
0.7853981633974483	3.730641276137879	-0.1950903220161286
0.9817477042468103	3.730641276137879	-0.3826834323650903
1.1780972450961724	3.730641276137879	-0.5555702330196025
1.3744467859455345	3.730641276137879	-0.7071067811865476
1.5707963267948966	3.730641276137879	-0.8314696123025455
1.7671458676442586	3.730641276137879	-0.9238795325112868
1.9634954084936207	3.730641276137879	-0.9807852804032305
2.1598449493429825	3.730641276137879	-1.0
2.356194490192345	3.730641276137879	-0.9807852804032304
2.552544031041707	3.730641276137879	-0.9238795325112865
2.748893571891069	3.730641276137879	-0.8314696123025451
2.945243112740431	3.730641276137879	-0.7071067811865475
3.141592653589793	3.730641276137879	-0.5555702330196021
3.3379421944391554	3.730641276137879	-0.38268343236508934
3.5342917352885173	3.730641276137879	-0.19509032201612805
3.730641276137879	3.730641276137879	0.0
3.9269908169872414	3.730641276137879	0.19509032201612847
4.123340357836604	3.730641276137879	0.38268343236509017
4.319689898685965	3.730641276137879	0.5555702330196021
4.516039439535327	3.730641276137879	0.7071067811865475
4.71238898038469	3.730641276137879	0.8314696123025453
4.908738521234052	3.730641276137879	0.923879532511287
5.105088062083414	3.730641276137879	0.9807852804032305
5.301437602932776	3.730641276137879	1.0
5.497787143782138	3.730641276137879	0.9807852804032304
5.6941366846315	3.730641276137879	0.9238795325112866
5.890486225480862	3.730641276137879	0.8314696123025455
6.086835766330224	3.730641276137879	0.7071067811865476
6.283185307179586	3.730641276137879	0.5555702330196022

0.0	3.9269908169872414	0.7506605550357304
0.19634954084936207	3.9269908169872414	0.5777737543812177
0.39269908169872414	3.9269908169872414	0.3901806440322564
0.5890486225480862	3.9269908169872414	0.19509032201612836
0.7853981633974483	3.9269908169872414	-1.3877787807814457E-16
0.9817477042468103	3.9269908169872414	-0.1875931103489618
1.1780972450961724	3.9269908169872414	-0.36047991100347404
1.3744467859455345	3.9269908169872414	-0.512016459170419
1.5707963267948966	3.9269908169872414	-0.6363792902864169
1.7671458676442586	3.9269908169872414	-0.7287892104951583
1.9634954084936207	3.9269908169872414	-0.785694958387102
2.1598449493429825	3.9269908169872414	-0.8049096779838716
2.356194490192345	3.9269908169872414	-0.785694958387102
2.552544031041707	3.9269908169872414	-0.7287892104951581
2.748893571891069	3.9269908169872414	-0.6363792902864167
2.945243112740431	3.9269908169872414	-0.512016459170419
3.141592653589793	3.9269908169872414	-0.3604799110034736
3.3379421944391554	3.9269908169872414	-0.18759311034896087
3.5342917352885173	3.9269908169872414	4.163336342344337E-16
3.730641276137879	3.9269908169872414	0.19509032201612847
3.9269908169872414	3.9269908169872414	0.39018064403225694
4.123340357836604	3.9269908169872414	0.5777737543812187
4.319689898685965	3.9269908169872414	0.7506605550357306
4.516039439535327	3.9269908169872414	0.9021971032026759
4.71238898038469	3.9269908169872414	1.0265599343186738
4.908738521234052	3.9269908169872414	1.1189698545274154
5.105088062083414	3.9269908169872414	1.175875602419359
5.301437602932776	3.9269908169872414	1.1950903220161284
5.497787143782138	3.9269908169872414	1.1758756024193588
5.6941366846315	3.9269908169872414	1.1189698545274152
5.890486225480862	3.9269908169872414	1.026559934318674
6.086835766330224	3.9269908169872414	0.9021971032026761
6.283185307179586	3.9269908169872414	0.7506605550357306

0.0	4.123340357836604	0.9382536653846921
0.19634954084936207	4.123340357836604	0.7653668647301795
0.39269908169872414	4.123340357836604	0.577773754381218
0.5890486225480862	4.123340357836604	0.38268343236509006
0.7853981633974483	4.123340357836604	0.18759311034896156
0.9817477042468103	4.123340357836604	-1.1102230246251565E-16
1.1780972450961724	4.123340357836604	-0.17288680065451234
1.3744467859455345	4.123340357836604	-0.3244233488214574
1.5707963267948966	4.123340357836604	-0.4487861799374553
1.7671458676442586	4.123340357836604	-0.5411961001461967
1.9634954084936207	4.123340357836604	-0.5981018480381404
2.1598449493429825	4.123340357836604	-0.6173165676349098
2.356194490192345	4.123340357836604	-0.5981018480381403
2.552544031041707	4.123340357836604	-0.5411961001461963
2.748893571891069	4.123340357836604	-0.44878617993745495
2.945243112740431	4.123340357836604	-0.3244233488214573
3.141592653589793	4.123340357836604	-0.1728868006545119
3.3379421944391554	4.123340357836604	8.326672684688674E-16
3.5342917352885173	4.123340357836604	0.18759311034896212
3.730641276137879	4.123340357836604	0.38268343236509017
3.9269908169872414	4.123340357836604	0.5777737543812187
4.123340357836604	4.123340357836604	0.7653668647301803
4.319689898685965	4.123340357836604	0.9382536653846922
4.516039439535327	4.123340357836604	1.0897902135516375
4.71238898038469	4.123340357836604	1.2141530446676354
4.908738521234052	4.123340357836604	1.306562964876377
5.105088062083414	4.123340357836604	1.3634687127683207
5.301437602932776	4.123340357836604	1.38268343236509
5.497787143782138	4.123340357836604	1.3634687127683205
5.6941366846315	4.123340357836604	1.3065629648763768
5.890486225480862	4.123340357836604	1.2141530446676356
6.086835766330224	4.123340357836604	1.0897902135516377
6.283185307179586	4.123340357836604	0.9382536653846923

0.0	4.319689898685965	1.111140466039204
0.19634954084936207	4.319689898685965	0.9382536653846913
0.39269908169872414	4.319689898685965	0.7506605550357299
0.5890486225480862	4.319689898685965	0.555570233019602
0.7853981633974483	4.319689898685965	0.36047991100347343
0.9817477042468103	4.319689898685965	0.17288680065451179
1.1780972450961724	4.319689898685965	-4.440892098500626E-16
1.3744467859455345	4.319689898685965	-0.1515365481669455
1.5707963267948966	4.319689898685965	-0.2758993792829434
1.7671458676442586	4.319689898685965	-0.3683092994916848
1.9634954084936207	4.319689898685965	-0.4252150473836285
2.1598449493429825	4.319689898685965	-0.44442976698039793
2.356194490192345	4.319689898685965	-0.42521504738362836
2.552544031041707	4.319689898685965	-0.36830929949168445
2.748893571891069	4.319689898685965	-0.27589937928294306
2.945243112740431	4.319689898685965	-0.1515365481669454
3.141592653589793	4.319689898685965	0.0
3.3379421944391554	4.319689898685965	0.17288680065451273
3.5342917352885173	4.319689898685965	0.360479911003474
3.730641276137879	4.319689898685965	0.5555702330196021
3.9269908169872414	4.319689898685965	0.7506605550357306
4.123340357836604	4.319689898685965	0.9382536653846922
4.319689898685965	4.319689898685965	1.1111404660392041
4.516039439535327	4.319689898685965	1.2626770142061496
4.71238898038469	4.319689898685965	1.3870398453221475
4.908738521234052	4.319689898685965	1.4794497655308891
5.105088062083414	4.319689898685965	1.5363555134228326
5.301437602932776	4.319689898685965	1.5555702330196022
5.497787143782138	4.319689898685965	1.5363555134228326
5.6941366846315	4.319689898685965	1.4794497655308887
5.890486225480862	4.319689898685965	1.3870398453221475
6.086835766330224	4.319689898685965	1.2626770142061496
6.283185307179586	4.319689898685965	1.1111404660392044

0.0	4.516039439535327	1.2626770142061494
0.19634954084936207	4.516039439535327	1.0897902135516366
0.39269908169872414	4.516039439535327	0.9021971032026754
0.5890486225480862	4.516039439535327	0.7071067811865474
0.7853981633974483	4.516039439535327	0.5120164591704188
0.9817477042468103	4.516039439535327	0.3244233488214572
1.1780972450961724	4.516039439535327	0.15153654816694495
1.3744467859455345	4.516039439535327	-1.1102230246251565E-16
1.5707963267948966	4.516039439535327	-0.124362831115998
1.7671458676442586	4.516039439535327	-0.2167727513247394
1.9634954084936207	4.516039439535327	-0.2736784992166831
2.1598449493429825	4.516039439535327	-0.29289321881345254
2.356194490192345	4.516039439535327	-0.27367849921668297
2.552544031041707	4.516039439535327	-0.21677275132473905
2.748893571891069	4.516039439535327	-0.12436283111599766
2.945243112740431	4.516039439535327	0.0
3.141592653589793	4.516039439535327	0.1515365481669454
3.3379421944391554	4.516039439535327	0.3244233488214581
3.5342917352885173	4.516039439535327	0.5120164591704194
3.730641276137879	4.516039439535327	0.7071067811865475
3.9269908169872414	4.516039439535327	0.9021971032026759
4.123340357836604	4.516039439535327	1.0897902135516375
4.319689898685965	4.516039439535327	1.2626770142061496
4.516039439535327	4.516039439535327	1.414213562373095
4.71238898038469	4.516039439535327	1.5385763934890928
4.908738521234052	4.516039439535327	1.6309863136978344
5.105088062083414	4.516039439535327	1.687892061589778
5.301437602932776	4.516039439535327	1.7071067811865475
5.497787143782138	4.516039439535327	1.687892061589778
5.6941366846315	4.516039439535327	1.630986313697834
5.890486225480862	4.516039439535327	1.5385763934890928
6.086835766330224	4.516039439535327	1.414213562373095
6.283185307179586	4.516039439535327	1.2626770142061496

0.0	4.71238898038469	1.3870398453221473
0.19634954084936207	4.71238898038469	1.2141530446676345
0.39269908169872414	4.71238898038469	1.0265599343186733
0.5890486225480862	4.71238898038469	0.8314696123025452
0.7853981633974483	4.71238898038469	0.6363792902864167
0.9817477042468103	4.71238898038469	0.44878617993745507
1.1780972450961724	4.71238898038469	0.27589937928294284
1.3744467859455345	4.71238898038469	0.12436283111599777
1.5707963267948966	4.71238898038469	-1.1102230246251565E-16
1.7671458676442586	4.71238898038469	-0.0924099202087415
1.9634954084936207	4.71238898038469	-0.1493156681006852
2.1598449493429825	4.71238898038469	-0.16853038769745465
2.356194490192345	4.71238898038469	-0.14931566810068508
2.552544031041707	4.71238898038469	-0.09240992020874117
2.748893571891069	4.71238898038469	2.220446049250313E-16
2.945243112740431	4.71238898038469	0.12436283111599788
3.141592653589793	4.71238898038469	0.2758993792829433
3.3379421944391554	4.71238898038469	0.448786179937456
3.5342917352885173	4.71238898038469	0.6363792902864173
3.730641276137879	4.71238898038469	0.8314696123025453
3.9269908169872414	4.71238898038469	1.0265599343186738
4.123340357836604	4.71238898038469	1.2141530446676354
4.319689898685965	4.71238898038469	1.3870398453221475
4.516039439535327	4.71238898038469	1.5385763934890928
4.71238898038469	4.71238898038469	1.6629392246050907
4.908738521234052	4.71238898038469	1.7553491448138323
5.105088062083414	4.71238898038469	1.8122548927057758
5.301437602932776	4.71238898038469	1.8314696123025453
5.497787143782138	4.71238898038469	1.8122548927057758
5.6941366846315	4.71238898038469	1.7553491448138319
5.890486225480862	4.71238898038469	1.6629392246050907
6.086835766330224	4.71238898038469	1.5385763934890928
6.283185307179586	4.71238898038469	1.3870398453221475

0.0	4.908738521234052	1.479449765530889
0.19634954084936207	4.908738521234052	1.3065629648763761
0.39269908169872414	4.908738521234052	1.118969854527415
0.5890486225480862	4.908738521234052	0.9238795325112868
0.7853981633974483	4.908738521234052	0.7287892104951583
0.9817477042468103	4.908738521234052	0.5411961001461967
1.1780972450961724	4.908738521234052	0.36830929949168445
1.3744467859455345	4.908738521234052	0.2167727513247394
1.5707963267948966	4.908738521234052	0.0924099202087415
1.7671458676442586	4.908738521234052	1.1102230246251565E-16
1.9634954084936207	4.908738521234052	-0.05690574789194358
2.1598449493429825	4.908738521234052	-0.07612046748871304
2.356194490192345	4.908738521234052	-0.05690574789194347
2.552544031041707	4.908738521234052	4.440892098500626E-16
2.748893571891069	4.908738521234052	0.09240992020874184
2.945243112740431	4.908738521234052	0.2167727513247395
3.141592653589793	4.908738521234052	0.3683092994916849
3.3379421944391554	4.908738521234052	0.5411961001461976
3.5342917352885173	4.908738521234052	0.7287892104951589
3.730641276137879	4.908738521234052	0.923879532511287
3.9269908169872414	4.908738521234052	1.1189698545274154
4.123340357836604	4.908738521234052	1.306562964876377
4.319689898685965	4.908738521234052	1.4794497655308891
4.516039439535327	4.908738521234052	1.6309863136978344
4.71238898038469	4.908738521234052	1.7553491448138323
4.908738521234052	4.908738521234052	1.847759065022574
5.105088062083414	4.908738521234052	1.9046648129145174
5.301437602932776	4.908738521234052	1.923879532511287
5.497787143782138	4.908738521234052	1.9046648129145174
5.6941366846315	4.908738521234052	1.8477590650225735
5.890486225480862	4.908738521234052	1.7553491448138323
6.086835766330224	4.908738521234052	1.6309863136978344
6.283185307179586	4.908738521234052	1.4794497655308891

0.0	5.105088062083414	1.5363555134228326
0.19634954084936207	5.105088062083414	1.3634687127683198
0.39269908169872414	5.105088062083414	1.1758756024193584
0.5890486225480862	5.105088062083414	0.9807852804032304
0.7853981633974483	5.105088062083414	0.7856949583871019
0.9817477042468103	5.105088062083414	0.5981018480381403
1.1780972450961724	5.105088062083414	0.42521504738362803
1.3744467859455345	5.105088062083414	0.27367849921668297
1.5707963267948966	5.105088062083414	0.14931566810068508
1.7671458676442586	5.105088062083414	0.05690574789194369
1.9634954084936207	5.105088062083414	0.0
2.1598449493429825	5.105088062083414	-0.01921471959676946
2.356194490192345	5.105088062083414	1.1102230246251565E-16
2.552544031041707	5.105088062083414	0.056905747891944025
2.748893571891069	5.105088062083414	0.14931566810068542
2.945243112740431	5.105088062083414	0.2736784992166831
3.141592653589793	5.105088062083414	0.4252150473836285
3.3379421944391554	5.105088062083414	0.5981018480381413
3.5342917352885173	5.105088062083414	0.7856949583871025
3.730641276137879	5.105088062083414	0.9807852804032305
3.9269908169872414	5.105088062083414	1.175875602419359
4.123340357836604	5.105088062083414	1.3634687127683207
4.319689898685965	5.105088062083414	1.5363555134228326
4.516039439535327	5.105088062083414	1.687892061589778
4.71238898038469	5.105088062083414	1.8122548927057758
4.908738521234052	5.105088062083414	1.9046648129145174
5.105088062083414	5.105088062083414	1.961570560806461
5.301437602932776	5.105088062083414	1.9807852804032304
5.497787143782138	5.105088062083414	1.9615705608064609
5.6941366846315	5.105088062083414	1.9046648129145172
5.890486225480862	5.105088062083414	1.812254892705776
6.086835766330224	5.105088062083414	1.6878920615897781
6.283185307179586	5.105088062083414	1.5363555134228326

0.0	5.301437602932776	1.555570233019602
0.19634954084936207	5.301437602932776	1.3826834323650892
0.39269908169872414	5.301437602932776	1.195090322016128
0.5890486225480862	5.301437602932776	0.9999999999999999
0.7853981633974483	5.301437602932776	0.8049096779838714
0.9817477042468103	5.301437602932776	0.6173165676349097
1.1780972450961724	5.301437602932776	0.4444297669803975
1.3744467859455345	5.301437602932776	0.2928932188134524
1.5707963267948966	5.301437602932776	0.16853038769745454
1.7671458676442586	5.301437602932776	0.07612046748871315
1.9634954084936207	5.301437602932776	0.01921471959676946
2.1598449493429825	5.301437602932776	0.0
2.356194490192345	5.301437602932776	0.01921471959676957
2.552544031041707	5.301437602932776	0.07612046748871348
2.748893571891069	5.301437602932776	0.16853038769745488
2.945243112740431	5.301437602932776	0.29289321881345254
3.141592653589793	5.301437602932776	0.44442976698039793
3.3379421944391554	5.301437602932776	0.6173165676349106
3.5342917352885173	5.301437602932776	0.8049096779838719
3.730641276137879	5.301437602932776	1.0
3.9269908169872414	5.301437602932776	1.1950903220161284
4.123340357836604	5.301437602932776	1.38268343236509
4.319689898685965	5.301437602932776	1.5555702330196022
4.516039439535327	5.301437602932776	1.7071067811865475
4.71238898038469	5.301437602932776	1.8314696123025453
4.908738521234052	5.301437602932776	1.923879532511287
5.105088062083414	5.301437602932776	1.9807852804032304
5.301437602932776	5.301437602932776	2.0
5.497787143782138	5.301437602932776	1.9807852804032304
5.6941366846315	5.301437602932776	1.9238795325112865
5.890486225480862	5.301437602932776	1.8314696123025453
6.086835766330224	5.301437602932776	1.7071067811865475
6.283185307179586	5.301437602932776	1.5555702330196022

0.0	5.497787143782138	1.5363555134228324
0.19634954084936207	5.497787143782138	1.3634687127683196
0.39269908169872414	5.497787143782138	1.1758756024193584
0.5890486225480862	5.497787143782138	0.9807852804032303
0.7853981633974483	5.497787143782138	0.7856949583871018
0.9817477042468103	5.497787143782138	0.5981018480381401
1.1780972450961724	5.497787143782138	0.4252150473836279
1.3744467859455345	5.497787143782138	0.27367849921668286
1.5707963267948966	5.497787143782138	0.14931566810068497
1.7671458676442586	5.497787143782138	0.05690574789194358
1.9634954084936207	5.497787143782138	-1.1102230246251565E-16
2.1598449493429825	5.497787143782138	-0.01921471959676957
2.356194490192345	5.497787143782138	0.0
2.552544031041707	5.497787143782138	0.056905747891943914
2.748893571891069	5.497787143782138	0.1493156681006853
2.945243112740431	5.497787143782138	0.27367849921668297
3.141592653589793	5.497787143782138	0.42521504738362836
3.3379421944391554	5.497787143782138	0.598101848038141
3.5342917352885173	5.497787143782138	0.7856949583871023
3.730641276137879	5.497787143782138	0.9807852804032304
3.9269908169872414	5.497787143782138	1.1758756024193588
4.123340357836604	5.497787143782138	1.3634687127683205
4.319689898685965	5.497787143782138	1.5363555134228326
4.516039439535327	5.497787143782138	1.687892061589778
4.71238898038469	5.497787143782138	1.8122548927057758
4.908738521234052	5.497787143782138	1.9046648129145174
5.105088062083414	5.497787143782138	1.9615705608064609
5.301437602932776	5.497787143782138	1.9807852804032304
5.497787143782138	5.497787143782138	1.9615705608064609
5.6941366846315	5.497787143782138	1.904664812914517
5.890486225480862	5.497787143782138	1.8122548927057758
6.086835766330224	5.497787143782138	1.687892061589778
6.283185307179586	5.497787143782138	1.5363555134228326

0.0	5.6941366846315	1.4794497655308887
0.19634954084936207	5.6941366846315	1.306562964876376
0.39269908169872414	5.6941366846315	1.1189698545274145
0.5890486225480862	5.6941366846315	0.9238795325112865
0.7853981633974483	5.6941366846315	0.728789210495158
0.9817477042468103	5.6941366846315	0.5411961001461963
1.1780972450961724	5.6941366846315	0.3683092994916841
1.3744467859455345	5.6941366846315	0.21677275132473905
1.5707963267948966	5.6941366846315	0.09240992020874117
1.7671458676442586	5.6941366846315	-2.220446049250313E-16
1.9634954084936207	5.6941366846315	-0.056905747891943914
2.1598449493429825	5.6941366846315	-0.07612046748871337
2.356194490192345	5.6941366846315	-0.0569057478919438
2.552544031041707	5.6941366846315	1.1102230246251565E-16
2.748893571891069	5.6941366846315	0.0924099202087415
2.945243112740431	5.6941366846315	0.21677275132473917
3.141592653589793	5.6941366846315	0.36830929949168456
3.3379421944391554	5.6941366846315	0.5411961001461973
3.5342917352885173	5.6941366846315	0.7287892104951585
3.730641276137879	5.6941366846315	0.9238795325112866
3.9269908169872414	5.6941366846315	1.1189698545274152
4.123340357836604	5.6941366846315	1.3065629648763768
4.319689898685965	5.6941366846315	1.4794497655308887
4.516039439535327	5.6941366846315	1.630986313697834
4.71238898038469	5.6941366846315	1.7553491448138319
4.908738521234052	5.6941366846315	1.8477590650225735
5.105088062083414	5.6941366846315	1.9046648129145172
5.301437602932776	5.6941366846315	1.9238795325112865
5.497787143782138	5.6941366846315	1.904664812914517
5.6941366846315	5.6941366846315	1.8477590650225733
5.890486225480862	5.6941366846315	1.755349144813832
6.086835766330224	5.6941366846315	1.6309863136978342
6.283185307179586	5.6941366846315	1.4794497655308887

0.0	5.890486225480862	1.3870398453221475
0.19634954084936207	5.890486225480862	1.2141530446676347
0.39269908169872414	5.890486225480862	1.0265599343186733
0.5890486225480862	5.890486225480862	0.8314696123025453
0.7853981633974483	5.890486225480862	0.6363792902864168
0.9817477042468103	5.890486225480862	0.4487861799374552
1.1780972450961724	5.890486225480862	0.27589937928294295
1.3744467859455345	5.890486225480862	0.12436283111599788
1.5707963267948966	5.890486225480862	0.0
1.7671458676442586	5.890486225480862	-0.09240992020874139
1.9634954084936207	5.890486225480862	-0.14931566810068508
2.1598449493429825	5.890486225480862	-0.16853038769745454
2.356194490192345	5.890486225480862	-0.14931566810068497
2.552544031041707	5.890486225480862	-0.09240992020874106
2.748893571891069	5.890486225480862	3.3306690738754696E-16
2.945243112740431	5.890486225480862	0.124362831115998
3.141592653589793	5.890486225480862	0.2758993792829434
3.3379421944391554	5.890486225480862	0.4487861799374561
3.5342917352885173	5.890486225480862	0.6363792902864174
3.730641276137879	5.890486225480862	0.8314696123025455
3.9269908169872414	5.890486225480862	1.026559934318674
4.123340357836604	5.890486225480862	1.2141530446676356
4.319689898685965	5.890486225480862	1.3870398453221475
4.516039439535327	5.890486225480862	1.5385763934890928
4.71238898038469	5.890486225480862	1.6629392246050907
4.908738521234052	5.890486225480862	1.7553491448138323
5.105088062083414	5.890486225480862	1.812254892705776
5.301437602932776	5.890486225480862	1.8314696123025453
5.497787143782138	5.890486225480862	1.8122548927057758
5.6941366846315	5.890486225480862	1.755349144813832
5.890486225480862	5.890486225480862	1.662939224605091
6.086835766330224	5.890486225480862	1.538576393489093
6.283185307179586	5.890486225480862	1.3870398453221475

0.0	6.086835766330224	1.2626770142061496
0.19634954084936207	6.086835766330224	1.0897902135516369
0.39269908169872414	6.086835766330224	0.9021971032026754
0.5890486225480862	6.086835766330224	0.7071067811865475
0.7853981633974483	6.086835766330224	0.5120164591704189
0.9817477042468103	6.086835766330224	0.3244233488214573
1.1780972450961724	6.086835766330224	0.15153654816694506
1.3744467859455345	6.086835766330224	0.0
1.5707963267948966	6.086835766330224	-0.12436283111599788
1.7671458676442586	6.086835766330224	-0.21677275132473928
1.9634954084936207	6.086835766330224	-0.27367849921668297
2.1598449493429825	6.086835766330224	-0.2928932188134524
2.356194490192345	6.086835766330224	-0.27367849921668286
2.552544031041707	6.086835766330224	-0.21677275132473894
2.748893571891069	6.086835766330224	-0.12436283111599755
2.945243112740431	6.086835766330224	1.1102230246251565E-16
3.141592653589793	6.086835766330224	0.1515365481669455
3.3379421944391554	6.086835766330224	0.32442334882145824
3.5342917352885173	6.086835766330224	0.5120164591704195
3.730641276137879	6.086835766330224	0.7071067811865476
3.9269908169872414	6.086835766330224	0.9021971032026761
4.123340357836604	6.086835766330224	1.0897902135516377
4.319689898685965	6.086835766330224	1.2626770142061496
4.516039439535327	6.086835766330224	1.414213562373095
4.71238898038469	6.086835766330224	1.5385763934890928
4.908738521234052	6.086835766330224	1.6309863136978344
5.105088062083414	6.086835766330224	1.6878920615897781
5.301437602932776	6.086835766330224	1.7071067811865475
5.497787143782138	6.086835766330224	1.687892061589778
5.6941366846315	6.086835766330224	1.6309863136978342
5.890486225480862	6.086835766330224	1.538576393489093
6.086835766330224	6.086835766330224	1.4142135623730951
6.283185307179586	6.086835766330224	1.2626770142061496

0.0	6.283185307179586	1.1111404660392041
0.19634954084936207	6.283185307179586	0.9382536653846913
0.39269908169872414	6.283185307179586	0.7506605550357301
0.5890486225480862	6.283185307179586	0.5555702330196021
0.7853981633974483	6.283185307179586	0.36047991100347354
0.9817477042468103	6.283185307179586	0.1728868006545119
1.1780972450961724	6.283185307179586	-3.3306690738754696E-16
1.3744467859455345	6.283185307179586	-0.1515365481669454
1.5707963267948966	6.283185307179586	-0.2758993792829433
1.7671458676442586	6.283185307179586	-0.36830929949168467
1.9634954084936207	6.283185307179586	-0.42521504738362836
2.1598449493429825	6.283185307179586	-0.4444297669803978
2.356194490192345	6.283185307179586	-0.42521504738362825
2.552544031041707	6.283185307179586	-0.36830929949168434
2.748893571891069	6.283185307179586	-0.27589937928294295
2.945243112740431	6.283185307179586	-0.15153654816694528
3.141592653589793	6.283185307179586	1.1102230246251565E-16
3.3379421944391554	6.283185307179586	0.17288680065451284
3.5342917352885173	6.283185307179586	0.3604799110034741
3.730641276137879	6.283185307179586	0.5555702330196022
3.9269908169872414	6.283185307179586	0.7506605550357306
4.123340357836604	6.283185307179586	0.9382536653846923
4.319689898685965	6.283185307179586	1.1111404660392044
4.516039439535327	6.283185307179586	1.2626770142061496
4.71238898038469	6.283185307179586	1.3870398453221475
4.908738521234052	6.283185307179586	1.4794497655308891
5.105088062083414	6.283185307179586	1.5363555134228326
5.301437602932776	6.283185307179586	1.5555702330196022
5.497787143782138	6.283185307179586	1.5363555134228326
5.6941366846315	6.283185307179586	1.4794497655308887
5.890486225480862	6.283185307179586	1.3870398453221475
6.086835766330224	6.283185307179586	1.2626770142061496
6.283185307179586	6.283185307179586	1.1111404660392044

