0.0	0.0	-1.9615705608064609
0.19634954084936207	0.0	-1.9046648129145172
0.39269908169872414	0.0	-1.8122548927057758
0.5890486225480862	0.0	-1.687892061589778
0.7853981633974483	0.0	-1.5363555134228326
0.9817477042468103	0.0	-1.3634687127683203
1.1780972450961724	0.0	-1.1758756024193586
1.3744467859455345	0.0	-0.9807852804032304
1.5707963267948966	0.0	-0.7856949583871022
1.7671458676442586	0.0	-0.5981018480381406
1.9634954084936207	0.0	-0.42521504738362825
2.1598449493429825	0.0	-0.2736784992166831
2.356194490192345	0.0	-0.1493156681006852
2.552544031041707	0.0	-0.05690574789194358
2.748893571891069	0.0	0.0
2.945243112740431	0.0	0.01921471959676957
3.141592653589793	0.0	0.0
3.3379421944391554	0.0	-0.05690574789194369
3.5342917352885173	0.0	-0.14931566810068497
3.730641276137879	0.0	-0.27367849921668286
3.9269908169872414	0.0	-0.42521504738362825
4.123340357836604	0.0	-0.598101848038141
4.319689898685965	0.0	-0.7856949583871018
4.516039439535327	0.0	-0.9807852804032303
4.71238898038469	0.0	-1.1758756024193588
4.908738521234052	0.0	-1.3634687127683205
5.105088062083414	0.0	-1.536355513422833
5.301437602932776	0.0	-1.687892061589778
5.497787143782138	0.0	-1.8122548927057758
5.6941366846315	0.0	-1.9046648129145174
5.890486225480862	0.0	-1.9615705608064609
6.086835766330224	0.0	-1.9807852804032304
6.283185307179586	0.0	-1.9615705608064609

0.0	0.19634954084936207	-1.9046648129145172
0.19634954084936207	0.19634954084936207	-1.8477590650225735
0.39269908169872414	0.19634954084936207	-1.7553491448138319
0.5890486225480862	0.19634954084936207	-1.6309863136978342
0.7853981633974483	0.19634954084936207	-1.479449765530889
0.9817477042468103	0.19634954084936207	-1.3065629648763766
1.1780972450961724	0.19634954084936207	-1.118969854527415
1.3744467859455345	0.19634954084936207	-0.9238795325112867
1.5707963267948966	0.19634954084936207	-0.7287892104951585
1.7671458676442586	0.19634954084936207	-0.5411961001461969
1.9634954084936207	0.19634954084936207	-0.36830929949168456
2.1598449493429825	0.19634954084936207	-0.2167727513247394
2.356194490192345	0.19634954084936207	-0.0924099202087415
2.552544031041707	0.19634954084936207	1.1102230246251565E-16
2.748893571891069	0.19634954084936207	0.05690574789194369
2.945243112740431	0.19634954084936207	0.07612046748871326
3.141592653589793	0.19634954084936207	0.05690574789194369
3.3379421944391554	0.19634954084936207	0.0
3.5342917352885173	0.19634954084936207	-0.09240992020874128
3.730641276137879	0.19634954084936207	-0.21677275132473917
3.9269908169872414	0.19634954084936207	-0.36830929949168456
4.123340357836604	0.19634954084936207	-0.5411961001461973
4.319689898685965	0.19634954084936207	-0.7287892104951581
4.516039439535327	0.19634954084936207	-0.9238795325112866
4.71238898038469	0.19634954084936207	-1.1189698545274152
4.908738521234052	0.19634954084936207	-1.3065629648763768
5.105088062083414	0.19634954084936207	-1.4794497655308894
5.301437602932776	0.19634954084936207	-1.6309863136978342
5.497787143782138	0.19634954084936207	-1.7553491448138319
5.6941366846315	0.19634954084936207	-1.8477590650225735
5.890486225480862	0.19634954084936207	-1.904664812914517
6.086835766330224	0.19634954084936207	-1.9238795325112867
6.283185307179586	0.19634954084936207	-1.9046648129145172

0.0	0.39269908169872414	-1.8122548927057758
0.19634954084936207	0.39269908169872414	-1.7553491448138319
0.39269908169872414	0.39269908169872414	-1.6629392246050905
0.5890486225480862	0.39269908169872414	-1.5385763934890928
0.7853981633974483	0.39269908169872414	-1.3870398453221475
0.9817477042468103	0.39269908169872414	-1.214153044667635
1.1780972450961724	0.39269908169872414	-1.0265599343186735
1.3744467859455345	0.39269908169872414	-0.8314696123025452
1.5707963267948966	0.39269908169872414	-0.6363792902864169
1.7671458676442586	0.39269908169872414	-0.44878617993745545
1.9634954084936207	0.39269908169872414	-0.27589937928294306
2.1598449493429825	0.39269908169872414	-0.12436283111599788
2.356194490192345	0.39269908169872414	0.0
2.552544031041707	0.39269908169872414	0.09240992020874161
2.748893571891069	0.39269908169872414	0.1493156681006852
2.945243112740431	0.39269908169872414	0.16853038769745476
3.141592653589793	0.39269908169872414	0.1493156681006852
3.3379421944391554	0.39269908169872414	0.0924099202087415
3.5342917352885173	0.39269908169872414	2.220446049250313E-16
3.730641276137879	0.39269908169872414	-0.12436283111599766
3.9269908169872414	0.39269908169872414	-0.27589937928294306
4.123340357836604	0.39269908169872414	-0.4487861799374558
4.319689898685965	0.39269908169872414	-0.6363792902864166
4.516039439535327	0.39269908169872414	-0.8314696123025451
4.71238898038469	0.39269908169872414	-1.0265599343186735
4.908738521234052	0.39269908169872414	-1.2141530446676354
5.105088062083414	0.39269908169872414	-1.387039845322148
5.301437602932776	0.39269908169872414	-1.5385763934890928
5.497787143782138	0.39269908169872414	-1.6629392246050905
5.6941366846315	0.39269908169872414	-1.755349144813832
5.890486225480862	0.39269908169872414	-1.8122548927057756
6.086835766330224	0.39269908169872414	-1.8314696123025453
6.283185307179586	0.39269908169872414	-1.8122548927057758

0.0	0.5890486225480862	-1.687892061589778
0.19634954084936207	0.5890486225480862	-1.6309863136978342
0.39269908169872414	0.5890486225480862	-1.5385763934890928
0.5890486225480862	0.5890486225480862	-1.414213562373095
0.7853981633974483	0.5890486225480862	-1.2626770142061496
0.9817477042468103	0.5890486225480862	-1.0897902135516373
1.1780972450961724	0.5890486225480862	-0.9021971032026757
1.3744467859455345	0.5890486225480862	-0.7071067811865475
1.5707963267948966	0.5890486225480862	-0.5120164591704193
1.7671458676442586	0.5890486225480862	-0.3244233488214577
1.9634954084936207	0.5890486225480862	-0.15153654816694528
2.1598449493429825	0.5890486225480862	-1.1102230246251565E-16
2.356194490192345	0.5890486225480862	0.12436283111599777
2.552544031041707	0.5890486225480862	0.2167727513247394
2.748893571891069	0.5890486225480862	0.27367849921668297
2.945243112740431	0.5890486225480862	0.29289321881345254
3.141592653589793	0.5890486225480862	0.27367849921668297
3.3379421944391554	0.5890486225480862	0.21677275132473928
3.5342917352885173	0.5890486225480862	0.124362831115998
3.730641276137879	0.5890486225480862	1.1102230246251565E-16
3.9269908169872414	0.5890486225480862	-0.15153654816694528
4.123340357836604	0.5890486225480862	-0.324423348821458
4.319689898685965	0.5890486225480862	-0.5120164591704188
4.516039439535327	0.5890486225480862	-0.7071067811865474
4.71238898038469	0.5890486225480862	-0.9021971032026759
4.908738521234052	0.5890486225480862	-1.0897902135516375
5.105088062083414	0.5890486225480862	-1.26267701420615
5.301437602932776	0.5890486225480862	-1.414213562373095
5.497787143782138	0.5890486225480862	-1.5385763934890928
5.6941366846315	0.5890486225480862	-1.6309863136978344
5.890486225480862	0.5890486225480862	-1.687892061589778
6.086835766330224	0.5890486225480862	-1.7071067811865475
6.283185307179586	0.5890486225480862	-1.687892061589778

0.0	0.7853981633974483	-1.5363555134228326
0.19634954084936207	0.7853981633974483	-1.479449765530889
0.39269908169872414	0.7853981633974483	-1.3870398453221475
0.5890486225480862	0.7853981633974483	-1.2626770142061496
0.7853981633974483	0.7853981633974483	-1.1111404660392044
0.9817477042468103	0.7853981633974483	-0.938253665384692
1.1780972450961724	0.7853981633974483	-0.7506605550357304
1.3744467859455345	0.7853981633974483	-0.5555702330196022
1.5707963267948966	0.7853981633974483	-0.36047991100347393
1.7671458676442586	0.7853981633974483	-0.1728868006545124
1.9634954084936207	0.7853981633974483	0.0
2.1598449493429825	0.7853981633974483	0.15153654816694517
2.356194490192345	0.7853981633974483	0.27589937928294306
2.552544031041707	0.7853981633974483	0.36830929949168467
2.748893571891069	0.7853981633974483	0.42521504738362825
2.945243112740431	0.7853981633974483	0.4444297669803978
3.141592653589793	0.7853981633974483	0.42521504738362825
3.3379421944391554	0.7853981633974483	0.36830929949168456
3.5342917352885173	0.7853981633974483	0.2758993792829433
3.730641276137879	0.7853981633974483	0.1515365481669454
3.9269908169872414	0.7853981633974483	0.0
4.123340357836604	0.7853981633974483	-0.17288680065451273
4.319689898685965	0.7853981633974483	-0.36047991100347354
4.516039439535327	0.7853981633974483	-0.5555702330196021
4.71238898038469	0.7853981633974483	-0.7506605550357306
4.908738521234052	0.7853981633974483	-0.9382536653846922
5.105088062083414	0.7853981633974483	-1.1111404660392048
5.301437602932776	0.7853981633974483	-1.2626770142061496
5.497787143782138	0.7853981633974483	-1.3870398453221475
5.6941366846315	0.7853981633974483	-1.4794497655308891
5.890486225480862	0.7853981633974483	-1.5363555134228326
6.086835766330224	0.7853981633974483	-1.5555702330196022
6.283185307179586	0.7853981633974483	-1.5363555134228326

0.0	0.9817477042468103	-1.3634687127683203
0.19634954084936207	0.9817477042468103	-1.3065629648763766
0.39269908169872414	0.9817477042468103	-1.214153044667635
0.5890486225480862	0.9817477042468103	-1.0897902135516373
0.7853981633974483	0.9817477042468103	-0.938253665384692
0.9817477042468103	0.9817477042468103	-0.7653668647301796
1.1780972450961724	0.9817477042468103	-0.577773754381218
1.3744467859455345	0.9817477042468103	-0.3826834323650898
1.5707963267948966	0.9817477042468103	-0.18759311034896153
1.7671458676442586	0.9817477042468103	0.0
1.9634954084936207	0.9817477042468103	0.1728868006545124
2.1598449493429825	0.9817477042468103	0.32442334882145757
2.356194490192345	0.9817477042468103	0.44878617993745545
2.552544031041707	0.9817477042468103	0.5411961001461971
2.748893571891069	0.9817477042468103	0.5981018480381406
2.945243112740431	0.9817477042468103	0.6173165676349102
3.141592653589793	0.9817477042468103	0.5981018480381406
3.3379421944391554	0.9817477042468103	0.5411961001461969
3.5342917352885173	0.9817477042468103	0.4487861799374557
3.730641276137879	0.9817477042468103	0.3244233488214578
3.9269908169872414	0.9817477042468103	0.1728868006545124
4.123340357836604	0.9817477042468103	-3.3306690738754696E-16
4.319689898685965	0.9817477042468103	-0.18759311034896117
4.516039439535327	0.9817477042468103	-0.38268343236508967
4.71238898038469	0.9817477042468103	-0.5777737543812181
4.908738521234052	0.9817477042468103	-0.7653668647301799
5.105088062083414	0.9817477042468103	-0.9382536653846925
5.301437602932776	0.9817477042468103	-1.0897902135516373
5.497787143782138	0.9817477042468103	-1.214153044667635
5.6941366846315	0.9817477042468103	-1.3065629648763766
5.890486225480862	0.9817477042468103	-1.36346871276832
6.086835766330224	0.9817477042468103	-1.3826834323650898
6.283185307179586	0.9817477042468103	-1.3634687127683203

0.0	1.1780972450961724	-1.1758756024193586
0.19634954084936207	1.1780972450961724	-1.118969854527415
0.39269908169872414	1.1780972450961724	-1.0265599343186735
0.5890486225480862	1.1780972450961724	-0.9021971032026757
0.7853981633974483	1.1780972450961724	-0.7506605550357304
0.9817477042468103	1.1780972450961724	-0.577773754381218
1.1780972450961724	1.1780972450961724	-0.3901806440322565
1.3744467859455345	1.1780972450961724	-0.19509032201612825
1.5707963267948966	1.1780972450961724	0.0
1.7671458676442586	1.1780972450961724	0.18759311034896153
1.9634954084936207	1.1780972450961724	0.36047991100347393
2.1598449493429825	1.1780972450961724	0.512016459170419
2.356194490192345	1.1780972450961724	0.6363792902864169
2.552544031041707	1.1780972450961724	0.7287892104951585
2.748893571891069	1.1780972450961724	0.7856949583871022
2.945243112740431	1.1780972450961724	0.8049096779838718
3.141592653589793	1.1780972450961724	0.7856949583871022
3.3379421944391554	1.1780972450961724	0.7287892104951585
3.5342917352885173	1.1780972450961724	0.6363792902864172
3.730641276137879	1.1780972450961724	0.5120164591704193
3.9269908169872414	1.1780972450961724	0.36047991100347393
4.123340357836604	1.1780972450961724	0.1875931103489612
4.319689898685965	1.1780972450961724	3.608224830031759E-16
4.516039439535327	1.1780972450961724	-0.19509032201612814
4.71238898038469	1.1780972450961724	-0.3901806440322566
4.908738521234052	1.1780972450961724	-0.5777737543812183
5.105088062083414	1.1780972450961724	-0.7506605550357308
5.301437602932776	1.1780972450961724	-0.9021971032026757
5.497787143782138	1.1780972450961724	-1.0265599343186735
5.6941366846315	1.1780972450961724	-1.1189698545274152
5.890486225480862	1.1780972450961724	-1.1758756024193586
6.086835766330224	1.1780972450961724	-1.1950903220161282
6.283185307179586	1.1780972450961724	-1.1758756024193586

0.0	1.3744467859455345	-0.9807852804032304
0.19634954084936207	1.3744467859455345	-0.9238795325112867
0.39269908169872414	1.3744467859455345	-0.8314696123025452
0.5890486225480862	1.3744467859455345	-0.7071067811865475
0.7853981633974483	1.3744467859455345	-0.5555702330196022
0.9817477042468103	1.3744467859455345	-0.3826834323650898
1.1780972450961724	1.3744467859455345	-0.19509032201612825
1.3744467859455345	1.3744467859455345	0.0
1.5707963267948966	1.3744467859455345	0.19509032201612825
1.7671458676442586	1.3744467859455345	0.3826834323650898
1.9634954084936207	1.3744467859455345	0.5555702330196022
2.1598449493429825	1.3744467859455345	0.7071067811865474
2.356194490192345	1.3744467859455345	0.8314696123025452
2.552544031041707	1.3744467859455345	0.9238795325112868
2.748893571891069	1.3744467859455345	0.9807852804032304
2.945243112740431	1.3744467859455345	1.0
3.141592653589793	1.3744467859455345	0.9807852804032304
3.3379421944391554	1.3744467859455345	0.9238795325112867
3.5342917352885173	1.3744467859455345	0.8314696123025455
3.730641276137879	1.3744467859455345	0.7071067811865476
3.9269908169872414	1.3744467859455345	0.5555702330196022
4.123340357836604	1.3744467859455345	0.38268343236508945
4.319689898685965	1.3744467859455345	0.1950903220161286
4.516039439535327	1.3744467859455345	1.2246467991473532E-16
4.71238898038469	1.3744467859455345	-0.19509032201612836
4.908738521234052	1.3744467859455345	-0.38268343236509006
5.105088062083414	1.3744467859455345	-0.5555702330196026
5.301437602932776	1.3744467859455345	-0.7071067811865475
5.497787143782138	1.3744467859455345	-0.8314696123025452
5.6941366846315	1.3744467859455345	-0.9238795325112868
5.890486225480862	1.3744467859455345	-0.9807852804032303
6.086835766330224	1.3744467859455345	-1.0
6.283185307179586	1.3744467859455345	-0.9807852804032304

0.0	1.5707963267948966	-0.7856949583871022
0.19634954084936207	1.5707963267948966	-0.7287892104951585
0.39269908169872414	1.5707963267948966	-0.6363792902864169
0.5890486225480862	1.5707963267948966	-0.5120164591704193
0.7853981633974483	1.5707963267948966	-0.36047991100347393
0.9817477042468103	1.5707963267948966	-0.18759311034896153
1.1780972450961724	1.5707963267948966	0.0
1.3744467859455345	1.5707963267948966	0.19509032201612825
1.5707963267948966	1.5707963267948966	0.3901806440322565
1.7671458676442586	1.5707963267948966	0.577773754381218
1.9634954084936207	1.5707963267948966	0.7506605550357304
2.1598449493429825	1.5707963267948966	0.9021971032026757
2.356194490192345	1.5707963267948966	1.0265599343186735
2.552544031041707	1.5707963267948966	1.1189698545274152
2.748893571891069	1.5707963267948966	1.1758756024193586
2.945243112740431	1.5707963267948966	1.1950903220161282
3.141592653589793	1.5707963267948966	1.1758756024193586
3.3379421944391554	1.5707963267948966	1.118969854527415
3.5342917352885173	1.5707963267948966	1.0265599343186738
3.730641276137879	1.5707963267948966	0.9021971032026759
3.9269908169872414	1.5707963267948966	0.7506605550357304
4.123340357836604	1.5707963267948966	0.5777737543812177
4.319689898685965	1.5707963267948966	0.39018064403225683
4.516039439535327	1.5707963267948966	0.19509032201612836
4.71238898038469	1.5707963267948966	-1.1102230246251565E-16
4.908738521234052	1.5707963267948966	-0.1875931103489618
5.105088062083414	1.5707963267948966	-0.3604799110034744
5.301437602932776	1.5707963267948966	-0.5120164591704193
5.497787143782138	1.5707963267948966	-0.6363792902864169
5.6941366846315	1.5707963267948966	-0.7287892104951585
5.890486225480862	1.5707963267948966	-0.785694958387102
6.086835766330224	1.5707963267948966	-0.8049096779838718
6.283185307179586	1.5707963267948966	-0.7856949583871022

0.0	1.7671458676442586	-0.5981018480381406
0.19634954084936207	1.7671458676442586	-0.5411961001461969
0.39269908169872414	1.7671458676442586	-0.44878617993745545
0.5890486225480862	1.7671458676442586	-0.3244233488214577
0.7853981633974483	1.7671458676442586	-0.1728868006545124
0.9817477042468103	1.7671458676442586	0.0
1.1780972450961724	1.7671458676442586	0.18759311034896153
1.3744467859455345	1.7671458676442586	0.3826834323650898
1.5707963267948966	1.7671458676442586	0.577773754381218
1.7671458676442586	1.7671458676442586	0.7653668647301796
1.9634954084936207	1.7671458676442586	0.938253665384692
2.1598449493429825	1.7671458676442586	1.089790213551637
2.356194490192345	1.7671458676442586	1.214153044667635
2.552544031041707	1.7671458676442586	1.3065629648763766
2.748893571891069	1.7671458676442586	1.3634687127683203
2.945243112740431	1.7671458676442586	1.3826834323650898
3.141592653589793	1.7671458676442586	1.3634687127683203
3.3379421944391554	1.7671458676442586	1.3065629648763766
3.5342917352885173	1.7671458676442586	1.2141530446676352
3.730641276137879	1.7671458676442586	1.0897902135516373
3.9269908169872414	1.7671458676442586	0.938253665384692
4.123340357836604	1.7671458676442586	0.7653668647301792
4.319689898685965	1.7671458676442586	0.5777737543812184
4.516039439535327	1.7671458676442586	0.3826834323650899
4.71238898038469	1.7671458676442586	0.18759311034896142
4.908738521234052	1.7671458676442586	-2.7755575615628914E-16
5.105088062083414	1.7671458676442586	-0.17288680065451284
5.301437602932776	1.7671458676442586	-0.3244233488214577
5.497787143782138	1.7671458676442586	-0.44878617993745545
5.6941366846315	1.7671458676442586	-0.5411961001461971
5.890486225480862	1.7671458676442586	-0.5981018480381406
6.086835766330224	1.7671458676442586	-0.6173165676349102
6.283185307179586	1.7671458676442586	-0.5981018480381406

0.0	1.9634954084936207	-0.42521504738362825
0.19634954084936207	1.9634954084936207	-0.36830929949168456
0.39269908169872414	1.9634954084936207	-0.27589937928294306
0.5890486225480862	1.9634954084936207	-0.15153654816694528
0.7853981633974483	1.9634954084936207	0.0
0.9817477042468103	1.9634954084936207	0.1728868006545124
1.1780972450961724	1.9634954084936207	0.36047991100347393
1.3744467859455345	1.9634954084936207	0.5555702330196022
1.5707963267948966	1.9634954084936207	0.7506605550357304
1.7671458676442586	1.9634954084936207	0.938253665384692
1.9634954084936207	1.9634954084936207	1.1111404660392044
2.1598449493429825	1.9634954084936207	1.2626770142061496
2.356194490192345	1.9634954084936207	1.3870398453221475
2.552544031041707	1.9634954084936207	1.4794497655308891
2.748893571891069	1.9634954084936207	1.5363555134228326
2.945243112740431	1.9634954084936207	1.5555702330196022
3.141592653589793	1.9634954084936207	1.5363555134228326
3.3379421944391554	1.9634954084936207	1.479449765530889
3.5342917352885173	1.9634954084936207	1.3870398453221475
3.730641276137879	1.9634954084936207	1.2626770142061496
3.9269908169872414	1.9634954084936207	1.1111404660392044
4.123340357836604	1.9634954084936207	0.9382536653846916
4.319689898685965	1.9634954084936207	0.7506605550357308
4.516039439535327	1.9634954084936207	0.5555702330196023
4.71238898038469	1.9634954084936207	0.3604799110034738
4.908738521234052	1.9634954084936207	0.17288680065451212
5.105088062083414	1.9634954084936207	-4.440892098500626E-16
5.301437602932776	1.9634954084936207	-0.15153654816694528
5.497787143782138	1.9634954084936207	-0.27589937928294306
5.6941366846315	1.9634954084936207	-0.36830929949168467
5.890486225480862	1.9634954084936207	-0.42521504738362814
6.086835766330224	1.9634954084936207	-0.4444297669803978
6.283185307179586	1.9634954084936207	-0.42521504738362825

0.0	2.1598449493429825	-0.2736784992166831
0.19634954084936207	2.1598449493429825	-0.2167727513247394
0.39269908169872414	2.1598449493429825	-0.12436283111599788
0.5890486225480862	2.1598449493429825	-1.1102230246251565E-16
0.7853981633974483	2.1598449493429825	0.15153654816694517
0.9817477042468103	2.1598449493429825	0.32442334882145757
1.1780972450961724	2.1598449493429825	0.512016459170419
1.3744467859455345	2.1598449493429825	0.7071067811865474
1.5707963267948966	2.1598449493429825	0.9021971032026757
1.7671458676442586	2.1598449493429825	1.089790213551637
1.9634954084936207	2.1598449493429825	1.2626770142061496
2.1598449493429825	2.1598449493429825	1.4142135623730947
2.356194490192345	2.1598449493429825	1.5385763934890926
2.552544031041707	2.1598449493429825	1.6309863136978342
2.748893571891069	2.1598449493429825	1.687892061589778
2.945243112740431	2.1598449493429825	1.7071067811865475
3.141592653589793	2.1598449493429825	1.687892061589778
3.3379421944391554	2.1598449493429825	1.630986313697834
3.5342917352885173	2.1598449493429825	1.5385763934890928
3.730641276137879	2.1598449493429825	1.414213562373095
3.9269908169872414	2.1598449493429825	1.2626770142061496
4.123340357836604	2.1598449493429825	1.0897902135516369
4.319689898685965	2.1598449493429825	0.902197103202676
4.516039439535327	2.1598449493429825	0.7071067811865475
4.71238898038469	2.1598449493429825	0.512016459170419
4.908738521234052	2.1598449493429825	0.3244233488214573
5.105088062083414	2.1598449493429825	0.15153654816694473
5.301437602932776	2.1598449493429825	-1.1102230246251565E-16
5.497787143782138	2.1598449493429825	-0.12436283111599788
5.6941366846315	2.1598449493429825	-0.2167727513247395
5.890486225480862	2.1598449493429825	-0.27367849921668297
6.086835766330224	2.1598449493429825	-0.29289321881345265
6.283185307179586	2.1598449493429825	-0.2736784992166831

0.0	2.356194490192345	-0.1493156681006852
0.19634954084936207	2.356194490192345	-0.0924099202087415
0.39269908169872414	2.356194490192345	0.0
0.5890486225480862	2.356194490192345	0.12436283111599777
0.7853981633974483	2.356194490192345	0.27589937928294306
0.9817477042468103	2.356194490192345	0.44878617993745545
1.1780972450961724	2.356194490192345	0.6363792902864169
1.3744467859455345	2.356194490192345	0.8314696123025452
1.5707963267948966	2.356194490192345	1.0265599343186735
1.7671458676442586	2.356194490192345	1.214153044667635
1.9634954084936207	2.356194490192345	1.3870398453221475
2.1598449493429825	2.356194490192345	1.5385763934890926
2.356194490192345	2.356194490192345	1.6629392246050905
2.552544031041707	2.356194490192345	1.755349144813832
2.748893571891069	2.356194490192345	1.8122548927057758
2.945243112740431	2.356194490192345	1.8314696123025453
3.141592653589793	2.356194490192345	1.8122548927057758
3.3379421944391554	2.356194490192345	1.7553491448138319
3.5342917352885173	2.356194490192345	1.6629392246050907
3.730641276137879	2.356194490192345	1.5385763934890928
3.9269908169872414	2.356194490192345	1.3870398453221475
4.123340357836604	2.356194490192345	1.2141530446676347
4.319689898685965	2.356194490192345	1.0265599343186738
4.516039439535327	2.356194490192345	0.8314696123025453
4.71238898038469	2.356194490192345	0.6363792902864169
4.908738521234052	2.356194490192345	0.4487861799374552
5.105088062083414	2.356194490192345	0.2758993792829426
5.301437602932776	2.356194490192345	0.12436283111599777
5.497787143782138	2.356194490192345	0.0
5.6941366846315	2.356194490192345	-0.09240992020874161
5.890486225480862	2.356194490192345	-0.14931566810068508
6.086835766330224	2.356194490192345	-0.16853038769745476
6.283185307179586	2.356194490192345	-0.1493156681006852

0.0	2.552544031041707	-0.05690574789194358
0.19634954084936207	2.552544031041707	1.1102230246251565E-16
0.39269908169872414	2.552544031041707	0.09240992020874161
0.5890486225480862	2.552544031041707	0.2167727513247394
0.7853981633974483	2.552544031041707	0.36830929949168467
0.9817477042468103	2.552544031041707	0.5411961001461971
1.1780972450961724	2.552544031041707	0.7287892104951585
1.3744467859455345	2.552544031041707	0.9238795325112868
1.5707963267948966	2.552544031041707	1.1189698545274152
1.7671458676442586	2.552544031041707	1.3065629648763766
1.9634954084936207	2.552544031041707	1.4794497655308891
2.1598449493429825	2.552544031041707	1.6309863136978342
2.356194490192345	2.552544031041707	1.755349144813832
2.552544031041707	2.552544031041707	1.8477590650225737
2.748893571891069	2.552544031041707	1.9046648129145174
2.945243112740431	2.552544031041707	1.923879532511287
3.141592653589793	2.552544031041707	1.9046648129145174
3.3379421944391554	2.552544031041707	1.8477590650225735
3.5342917352885173	2.552544031041707	1.7553491448138323
3.730641276137879	2.552544031041707	1.6309863136978344
3.9269908169872414	2.552544031041707	1.4794497655308891
4.123340357836604	2.552544031041707	1.3065629648763764
4.319689898685965	2.552544031041707	1.1189698545274154
4.516039439535327	2.552544031041707	0.923879532511287
4.71238898038469	2.552544031041707	0.7287892104951585
4.908738521234052	2.552544031041707	0.5411961001461968
5.105088062083414	2.552544031041707	0.36830929949168423
5.301437602932776	2.552544031041707	0.2167727513247394
5.497787143782138	2.552544031041707	0.09240992020874161
5.6941366846315	2.552544031041707	0.0
5.890486225480862	2.552544031041707	-0.05690574789194347
6.086835766330224	2.552544031041707	-0.07612046748871315
6.283185307179586	2.552544031041707	-0.05690574789194358

0.0	2.748893571891069	0.0
0.19634954084936207	2.748893571891069	0.05690574789194369
0.39269908169872414	2.748893571891069	0.1493156681006852
0.5890486225480862	2.748893571891069	0.27367849921668297
0.7853981633974483	2.748893571891069	0.42521504738362825
0.9817477042468103	2.748893571891069	0.5981018480381406
1.1780972450961724	2.748893571891069	0.7856949583871022
1.3744467859455345	2.748893571891069	0.9807852804032304
1.5707963267948966	2.748893571891069	1.1758756024193586
1.7671458676442586	2.748893571891069	1.3634687127683203
1.9634954084936207	2.748893571891069	1.5363555134228326
2.1598449493429825	2.748893571891069	1.687892061589778
2.356194490192345	2.748893571891069	1.8122548927057758
2.552544031041707	2.748893571891069	1.9046648129145174
2.748893571891069	2.748893571891069	1.9615705608064609
2.945243112740431	2.748893571891069	1.9807852804032304
3.141592653589793	2.748893571891069	1.9615705608064609
3.3379421944391554	2.748893571891069	1.9046648129145172
3.5342917352885173	2.748893571891069	1.8122548927057758
3.730641276137879	2.748893571891069	1.687892061589778
3.9269908169872414	2.748893571891069	1.5363555134228326
4.123340357836604	2.748893571891069	1.3634687127683198
4.319689898685965	2.748893571891069	1.175875602419359
4.516039439535327	2.748893571891069	0.9807852804032305
4.71238898038469	2.748893571891069	0.785694958387102
4.908738521234052	2.748893571891069	0.5981018480381404
5.105088062083414	2.748893571891069	0.4252150473836278
5.301437602932776	2.748893571891069	0.27367849921668297
5.497787143782138	2.748893571891069	0.1493156681006852
5.6941366846315	2.748893571891069	0.05690574789194358
5.890486225480862	2.748893571891069	1.1102230246251565E-16
6.086835766330224	2.748893571891069	-0.01921471959676957
6.283185307179586	2.748893571891069	0.0

0.0	2.945243112740431	0.01921471959676957
0.19634954084936207	2.945243112740431	0.07612046748871326
0.39269908169872414	2.945243112740431	0.16853038769745476
0.5890486225480862	2.945243112740431	0.29289321881345254
0.7853981633974483	2.945243112740431	0.4444297669803978
0.9817477042468103	2.945243112740431	0.6173165676349102
1.1780972450961724	2.945243112740431	0.8049096779838718
1.3744467859455345	2.945243112740431	1.0
1.5707963267948966	2.945243112740431	1.1950903220161282
1.7671458676442586	2.945243112740431	1.3826834323650898
1.9634954084936207	2.945243112740431	1.5555702330196022
2.1598449493429825	2.945243112740431	1.7071067811865475
2.356194490192345	2.945243112740431	1.8314696123025453
2.552544031041707	2.945243112740431	1.923879532511287
2.748893571891069	2.945243112740431	1.9807852804032304
2.945243112740431	2.945243112740431	2.0
3.141592653589793	2.945243112740431	1.9807852804032304
3.3379421944391554	2.945243112740431	1.9238795325112867
3.5342917352885173	2.945243112740431	1.8314696123025453
3.730641276137879	2.945243112740431	1.7071067811865475
3.9269908169872414	2.945243112740431	1.5555702330196022
4.123340357836604	2.945243112740431	1.3826834323650894
4.319689898685965	2.945243112740431	1.1950903220161286
4.516039439535327	2.945243112740431	1.0000000000000002
4.71238898038469	2.945243112740431	0.8049096779838716
4.908738521234052	2.945243112740431	0.6173165676349099
5.105088062083414	2.945243112740431	0.4444297669803974
5.301437602932776	2.945243112740431	0.29289321881345254
5.497787143782138	2.945243112740431	0.16853038769745476
5.6941366846315	2.945243112740431	0.07612046748871315
5.890486225480862	2.945243112740431	0.01921471959676968
6.086835766330224	2.945243112740431	0.0
6.283185307179586	2.945243112740431	0.01921471959676957

0.0	3.141592653589793	0.0
0.19634954084936207	3.141592653589793	0.05690574789194369
0.39269908169872414	3.141592653589793	0.1493156681006852
0.5890486225480862	3.141592653589793	0.27367849921668297
0.7853981633974483	3.141592653589793	0.42521504738362825
0.9817477042468103	3.141592653589793	0.5981018480381406
1.1780972450961724	3.141592653589793	0.7856949583871022
1.3744467859455345	3.141592653589793	0.9807852804032304
1.5707963267948966	3.141592653589793	1.1758756024193586
1.7671458676442586	3.141592653589793	1.3634687127683203
1.9634954084936207	3.141592653589793	1.5363555134228326
2.1598449493429825	3.141592653589793	1.687892061589778
2.356194490192345	3.141592653589793	1.8122548927057758
2.552544031041707	3.141592653589793	1.9046648129145174
2.748893571891069	3.141592653589793	1.9615705608064609
2.945243112740431	3.141592653589793	1.9807852804032304
3.141592653589793	3.141592653589793	1.9615705608064609
3.3379421944391554	3.141592653589793	1.9046648129145172
3.5342917352885173	3.141592653589793	1.8122548927057758
3.730641276137879	3.141592653589793	1.687892061589778
3.9269908169872414	3.141592653589793	1.5363555134228326
4.123340357836604	3.141592653589793	1.3634687127683198
4.319689898685965	3.141592653589793	1.175875602419359
4.516039439535327	3.141592653589793	0.9807852804032305
4.71238898038469	3.141592653589793	0.785694958387102
4.908738521234052	3.141592653589793	0.5981018480381404
5.105088062083414	3.141592653589793	0.4252150473836278
5.301437602932776	3.141592653589793	0.27367849921668297
5.497787143782138	3.141592653589793	0.1493156681006852
5.6941366846315	3.141592653589793	0.05690574789194358
5.890486225480862	3.141592653589793	1.1102230246251565E-16
6.086835766330224	3.141592653589793	-0.01921471959676957
6.283185307179586	3.141592653589793	0.0

0.0	3.3379421944391554	-0.05690574789194369
0.19634954084936207	3.3379421944391554	0.0
0.39269908169872414	3.3379421944391554	0.0924099202087415
0.5890486225480862	3.3379421944391554	0.21677275132473928
0.7853981633974483	3.3379421944391554	0.36830929949168456
0.9817477042468103	3.3379421944391554	0.5411961001461969
1.1780972450961724	3.3379421944391554	0.7287892104951585
1.3744467859455345	3.3379421944391554	0.9238795325112867
1.5707963267948966	3.3379421944391554	1.118969854527415
1.7671458676442586	3.3379421944391554	1.3065629648763766
1.9634954084936207	3.3379421944391554	1.479449765530889
2.1598449493429825	3.3379421944391554	1.630986313697834
2.356194490192345	3.3379421944391554	1.7553491448138319
2.552544031041707	3.3379421944391554	1.8477590650225735
2.748893571891069	3.3379421944391554	1.9046648129145172
2.945243112740431	3.3379421944391554	1.9238795325112867
3.141592653589793	3.3379421944391554	1.9046648129145172
3.3379421944391554	3.3379421944391554	1.8477590650225735
3.5342917352885173	3.3379421944391554	1.7553491448138323
3.730641276137879	3.3379421944391554	1.6309863136978344
3.9269908169872414	3.3379421944391554	1.479449765530889
4.123340357836604	3.3379421944391554	1.3065629648763761
4.319689898685965	3.3379421944391554	1.1189698545274154
4.516039439535327	3.3379421944391554	0.9238795325112868
4.71238898038469	3.3379421944391554	0.7287892104951583
4.908738521234052	3.3379421944391554	0.5411961001461967
5.105088062083414	3.3379421944391554	0.3683092994916841
5.301437602932776	3.3379421944391554	0.21677275132473928
5.497787143782138	3.3379421944391554	0.0924099202087415
5.6941366846315	3.3379421944391554	-1.1102230246251565E-16
5.890486225480862	3.3379421944391554	-0.05690574789194358
6.086835766330224	3.3379421944391554	-0.07612046748871326
6.283185307179586	3.3379421944391554	-0.05690574789194369

0.0	3.5342917352885173	-0.14931566810068497
0.19634954084936207	3.5342917352885173	-0.09240992020874128
0.39269908169872414	3.5342917352885173	2.220446049250313E-16
0.5890486225480862	3.5342917352885173	0.124362831115998
0.7853981633974483	3.5342917352885173	0.2758993792829433
0.9817477042468103	3.5342917352885173	0.4487861799374557
1.1780972450961724	3.5342917352885173	0.6363792902864172
1.3744467859455345	3.5342917352885173	0.8314696123025455
1.5707963267948966	3.5342917352885173	1.0265599343186738
1.7671458676442586	3.5342917352885173	1.2141530446676352
1.9634954084936207	3.5342917352885173	1.3870398453221475
2.1598449493429825	3.5342917352885173	1.5385763934890928
2.356194490192345	3.5342917352885173	1.6629392246050907
2.552544031041707	3.5342917352885173	1.7553491448138323
2.748893571891069	3.5342917352885173	1.8122548927057758
2.945243112740431	3.5342917352885173	1.8314696123025453
3.141592653589793	3.5342917352885173	1.8122548927057758
3.3379421944391554	3.5342917352885173	1.7553491448138323
3.5342917352885173	3.5342917352885173	1.662939224605091
3.730641276137879	3.5342917352885173	1.538576393489093
3.9269908169872414	3.5342917352885173	1.3870398453221475
4.123340357836604	3.5342917352885173	1.214153044667635
4.319689898685965	3.5342917352885173	1.026559934318674
4.516039439535327	3.5342917352885173	0.8314696123025456
4.71238898038469	3.5342917352885173	0.6363792902864172
4.908738521234052	3.5342917352885173	0.4487861799374554
5.105088062083414	3.5342917352885173	0.27589937928294284
5.301437602932776	3.5342917352885173	0.124362831115998
5.497787143782138	3.5342917352885173	2.220446049250313E-16
5.6941366846315	3.5342917352885173	-0.09240992020874139
5.890486225480862	3.5342917352885173	-0.14931566810068486
6.086835766330224	3.5342917352885173	-0.16853038769745454
6.283185307179586	3.5342917352885173	-0.14931566810068497

0.0	3.730641276137879	-0.27367849921668286
0.19634954084936207	3.730641276137879	-0.21677275132473917
0.39269908169872414	3.730641276137879	-0.12436283111599766
0.5890486225480862	3.730641276137879	1.1102230246251565E-16
0.7853981633974483	3.730641276137879	0.1515365481669454
0.9817477042468103	3.730641276137879	0.3244233488214578
1.1780972450961724	3.730641276137879	0.5120164591704193
1.3744467859455345	3.730641276137879	0.7071067811865476
1.5707963267948966	3.730641276137879	0.9021971032026759
1.7671458676442586	3.730641276137879	1.0897902135516373
1.9634954084936207	3.730641276137879	1.2626770142061496
2.1598449493429825	3.730641276137879	1.414213562373095
2.356194490192345	3.730641276137879	1.5385763934890928
2.552544031041707	3.730641276137879	1.6309863136978344
2.748893571891069	3.730641276137879	1.687892061589778
2.945243112740431	3.730641276137879	1.7071067811865475
3.141592653589793	3.730641276137879	1.687892061589778
3.3379421944391554	3.730641276137879	1.6309863136978344
3.5342917352885173	3.730641276137879	1.538576393489093
3.730641276137879	3.730641276137879	1.4142135623730951
3.9269908169872414	3.730641276137879	1.2626770142061496
4.123340357836604	3.730641276137879	1.089790213551637
4.319689898685965	3.730641276137879	0.9021971032026762
4.516039439535327	3.730641276137879	0.7071067811865477
4.71238898038469	3.730641276137879	0.5120164591704193
4.908738521234052	3.730641276137879	0.3244233488214575
5.105088062083414	3.730641276137879	0.15153654816694495
5.301437602932776	3.730641276137879	1.1102230246251565E-16
5.497787143782138	3.730641276137879	-0.12436283111599766
5.6941366846315	3.730641276137879	-0.21677275132473928
5.890486225480862	3.730641276137879	-0.27367849921668275
6.086835766330224	3.730641276137879	-0.2928932188134524
6.283185307179586	3.730641276137879	-0.27367849921668286

0.0	3.9269908169872414	-0.42521504738362825
0.19634954084936207	3.9269908169872414	-0.36830929949168456
0.39269908169872414	3.9269908169872414	-0.27589937928294306
0.5890486225480862	3.9269908169872414	-0.15153654816694528
0.7853981633974483	3.9269908169872414	0.0
0.9817477042468103	3.9269908169872414	0.1728868006545124
1.1780972450961724	3.9269908169872414	0.36047991100347393
1.3744467859455345	3.9269908169872414	0.5555702330196022
1.5707963267948966	3.9269908169872414	0.7506605550357304
1.7671458676442586	3.9269908169872414	0.938253665384692
1.9634954084936207	3.9269908169872414	1.1111404660392044
2.1598449493429825	3.9269908169872414	1.2626770142061496
2.356194490192345	3.9269908169872414	1.3870398453221475
2.552544031041707	3.9269908169872414	1.4794497655308891
2.748893571891069	3.9269908169872414	1.5363555134228326
2.945243112740431	3.9269908169872414	1.5555702330196022
3.141592653589793	3.9269908169872414	1.5363555134228326
3.3379421944391554	3.9269908169872414	1.479449765530889
3.5342917352885173	3.9269908169872414	1.3870398453221475
3.730641276137879	3.9269908169872414	1.2626770142061496
3.9269908169872414	3.9269908169872414	1.1111404660392044
4.123340357836604	3.9269908169872414	0.9382536653846916
4.319689898685965	3.9269908169872414	0.7506605550357308
4.516039439535327	3.9269908169872414	0.5555702330196023
4.71238898038469	3.9269908169872414	0.3604799110034738
4.908738521234052	3.9269908169872414	0.17288680065451212
5.105088062083414	3.9269908169872414	-4.440892098500626E-16
5.301437602932776	3.9269908169872414	-0.15153654816694528
5.497787143782138	3.9269908169872414	-0.27589937928294306
5.6941366846315	3.9269908169872414	-0.36830929949168467
5.890486225480862	3.9269908169872414	-0.42521504738362814
6.086835766330224	3.9269908169872414	-0.4444297669803978
6.283185307179586	3.9269908169872414	-0.42521504738362825

0.0	4.123340357836604	-0.598101848038141
0.19634954084936207	4.123340357836604	-0.5411961001461973
0.39269908169872414	4.123340357836604	-0.4487861799374558
0.5890486225480862	4.123340357836604	-0.324423348821458
0.7853981633974483	4.123340357836604	-0.17288680065451273
0.9817477042468103	4.123340357836604	-3.3306690738754696E-16
1.1780972450961724	4.123340357836604	0.1875931103489612
1.3744467859455345	4.123340357836604	0.38268343236508945
1.5707963267948966	4.123340357836604	0.5777737543812177
1.7671458676442586	4.123340357836604	0.7653668647301792
1.9634954084936207	4.123340357836604	0.9382536653846916
2.1598449493429825	4.123340357836604	1.0897902135516369
2.356194490192345	4.123340357836604	1.2141530446676347
2.552544031041707	4.123340357836604	1.3065629648763764
2.748893571891069	4.123340357836604	1.3634687127683198
2.945243112740431	4.123340357836604	1.3826834323650894
3.141592653589793	4.123340357836604	1.3634687127683198
3.3379421944391554	4.123340357836604	1.3065629648763761
3.5342917352885173	4.123340357836604	1.214153044667635
3.730641276137879	4.123340357836604	1.089790213551637
3.9269908169872414	4.123340357836604	0.9382536653846916
4.123340357836604	4.123340357836604	0.7653668647301789
4.319689898685965	4.123340357836604	0.577773754381218
4.516039439535327	4.123340357836604	0.38268343236508956
4.71238898038469	4.123340357836604	0.1875931103489611
4.908738521234052	4.123340357836604	-6.106226635438361E-16
5.105088062083414	4.123340357836604	-0.17288680065451317
5.301437602932776	4.123340357836604	-0.324423348821458
5.497787143782138	4.123340357836604	-0.4487861799374558
5.6941366846315	4.123340357836604	-0.5411961001461973
5.890486225480862	4.123340357836604	-0.5981018480381408
6.086835766330224	4.123340357836604	-0.6173165676349106
6.283185307179586	4.123340357836604	-0.598101848038141

0.0	4.319689898685965	-0.7856949583871018
0.19634954084936207	4.319689898685965	-0.7287892104951581
0.39269908169872414	4.319689898685965	-0.6363792902864166
0.5890486225480862	4.319689898685965	-0.5120164591704188
0.7853981633974483	4.319689898685965	-0.36047991100347354
0.9817477042468103	4.319689898685965	-0.18759311034896117
1.1780972450961724	4.319689898685965	3.608224830031759E-16
1.3744467859455345	4.319689898685965	0.1950903220161286
1.5707963267948966	4.319689898685965	0.39018064403225683
1.7671458676442586	4.319689898685965	0.5777737543812184
1.9634954084936207	4.319689898685965	0.7506605550357308
2.1598449493429825	4.319689898685965	0.902197103202676
2.356194490192345	4.319689898685965	1.0265599343186738
2.552544031041707	4.319689898685965	1.1189698545274154
2.748893571891069	4.319689898685965	1.175875602419359
2.945243112740431	4.319689898685965	1.1950903220161286
3.141592653589793	4.319689898685965	1.175875602419359
3.3379421944391554	4.319689898685965	1.1189698545274154
3.5342917352885173	4.319689898685965	1.026559934318674
3.730641276137879	4.319689898685965	0.9021971032026762
3.9269908169872414	4.319689898685965	0.7506605550357308
4.123340357836604	4.319689898685965	0.577773754381218
4.319689898685965	4.319689898685965	0.3901806440322572
4.516039439535327	4.319689898685965	0.19509032201612872
4.71238898038469	4.319689898685965	2.498001805406602E-16
4.908738521234052	4.319689898685965	-0.18759311034896145
5.105088062083414	4.319689898685965	-0.360479911003474
5.301437602932776	4.319689898685965	-0.5120164591704188
5.497787143782138	4.319689898685965	-0.6363792902864166
5.6941366846315	4.319689898685965	-0.7287892104951582
5.890486225480862	4.319689898685965	-0.7856949583871017
6.086835766330224	4.319689898685965	-0.8049096779838714
6.283185307179586	4.319689898685965	-0.7856949583871018

0.0	4.516039439535327	-0.9807852804032303
0.19634954084936207	4.516039439535327	-0.9238795325112866
0.39269908169872414	4.516039439535327	-0.8314696123025451
0.5890486225480862	4.516039439535327	-0.7071067811865474
0.7853981633974483	4.516039439535327	-0.5555702330196021
0.9817477042468103	4.516039439535327	-0.38268343236508967
1.1780972450961724	4.516039439535327	-0.19509032201612814
1.3744467859455345	4.516039439535327	1.2246467991473532E-16
1.5707963267948966	4.516039439535327	0.19509032201612836
1.7671458676442586	4.516039439535327	0.3826834323650899
1.9634954084936207	4.516039439535327	0.5555702330196023
2.1598449493429825	4.516039439535327	0.7071067811865475
2.356194490192345	4.516039439535327	0.8314696123025453
2.552544031041707	4.516039439535327	0.923879532511287
2.748893571891069	4.516039439535327	0.9807852804032305
2.945243112740431	4.516039439535327	1.0000000000000002
3.141592653589793	4.516039439535327	0.9807852804032305
3.3379421944391554	4.516039439535327	0.9238795325112868
3.5342917352885173	4.516039439535327	0.8314696123025456
3.730641276137879	4.516039439535327	0.7071067811865477
3.9269908169872414	4.516039439535327	0.5555702330196023
4.123340357836604	4.516039439535327	0.38268343236508956
4.319689898685965	4.516039439535327	0.19509032201612872
4.516039439535327	4.516039439535327	2.4492935982947064E-16
4.71238898038469	4.516039439535327	-0.19509032201612825
4.908738521234052	4.516039439535327	-0.38268343236508995
5.105088062083414	4.516039439535327	-0.5555702330196025
5.301437602932776	4.516039439535327	-0.7071067811865474
5.497787143782138	4.516039439535327	-0.8314696123025451
5.6941366846315	4.516039439535327	-0.9238795325112867
5.890486225480862	4.516039439535327	-0.9807852804032302
6.086835766330224	4.516039439535327	-0.9999999999999999
6.283185307179586	4.516039439535327	-0.9807852804032303

0.0	4.71238898038469	-1.1758756024193588
0.19634954084936207	4.71238898038469	-1.1189698545274152
0.39269908169872414	4.71238898038469	-1.0265599343186735
0.5890486225480862	4.71238898038469	-0.9021971032026759
0.7853981633974483	4.71238898038469	-0.7506605550357306
0.9817477042468103	4.71238898038469	-0.5777737543812181
1.1780972450961724	4.71238898038469	-0.3901806440322566
1.3744467859455345	4.71238898038469	-0.19509032201612836
1.5707963267948966	4.71238898038469	-1.1102230246251565E-16
1.7671458676442586	4.71238898038469	0.18759311034896142
1.9634954084936207	4.71238898038469	0.3604799110034738
2.1598449493429825	4.71238898038469	0.512016459170419
2.356194490192345	4.71238898038469	0.6363792902864169
2.552544031041707	4.71238898038469	0.7287892104951585
2.748893571891069	4.71238898038469	0.785694958387102
2.945243112740431	4.71238898038469	0.8049096779838716
3.141592653589793	4.71238898038469	0.785694958387102
3.3379421944391554	4.71238898038469	0.7287892104951583
3.5342917352885173	4.71238898038469	0.6363792902864172
3.730641276137879	4.71238898038469	0.5120164591704193
3.9269908169872414	4.71238898038469	0.3604799110034738
4.123340357836604	4.71238898038469	0.1875931103489611
4.319689898685965	4.71238898038469	2.498001805406602E-16
4.516039439535327	4.71238898038469	-0.19509032201612825
4.71238898038469	4.71238898038469	-0.3901806440322567
4.908738521234052	4.71238898038469	-0.5777737543812185
5.105088062083414	4.71238898038469	-0.750660555035731
5.301437602932776	4.71238898038469	-0.9021971032026759
5.497787143782138	4.71238898038469	-1.0265599343186735
5.6941366846315	4.71238898038469	-1.1189698545274152
5.890486225480862	4.71238898038469	-1.1758756024193586
6.086835766330224	4.71238898038469	-1.1950903220161284
6.283185307179586	4.71238898038469	-1.1758756024193588

0.0	4.908738521234052	-1.3634687127683205
0.19634954084936207	4.908738521234052	-1.3065629648763768
0.39269908169872414	4.908738521234052	-1.2141530446676354
0.5890486225480862	4.908738521234052	-1.0897902135516375
0.7853981633974483	4.908738521234052	-0.9382536653846922
0.9817477042468103	4.908738521234052	-0.7653668647301799
1.1780972450961724	4.908738521234052	-0.5777737543812183
1.3744467859455345	4.908738521234052	-0.38268343236509006
1.5707963267948966	4.908738521234052	-0.1875931103489618
1.7671458676442586	4.908738521234052	-2.7755575615628914E-16
1.9634954084936207	4.908738521234052	0.17288680065451212
2.1598449493429825	4.908738521234052	0.3244233488214573
2.356194490192345	4.908738521234052	0.4487861799374552
2.552544031041707	4.908738521234052	0.5411961001461968
2.748893571891069	4.908738521234052	0.5981018480381404
2.945243112740431	4.908738521234052	0.6173165676349099
3.141592653589793	4.908738521234052	0.5981018480381404
3.3379421944391554	4.908738521234052	0.5411961001461967
3.5342917352885173	4.908738521234052	0.4487861799374554
3.730641276137879	4.908738521234052	0.3244233488214575
3.9269908169872414	4.908738521234052	0.17288680065451212
4.123340357836604	4.908738521234052	-6.106226635438361E-16
4.319689898685965	4.908738521234052	-0.18759311034896145
4.516039439535327	4.908738521234052	-0.38268343236508995
4.71238898038469	4.908738521234052	-0.5777737543812185
4.908738521234052	4.908738521234052	-0.7653668647301801
5.105088062083414	4.908738521234052	-0.9382536653846927
5.301437602932776	4.908738521234052	-1.0897902135516375
5.497787143782138	4.908738521234052	-1.2141530446676354
5.6941366846315	4.908738521234052	-1.306562964876377
5.890486225480862	4.908738521234052	-1.3634687127683205
6.086835766330224	4.908738521234052	-1.38268343236509
6.283185307179586	4.908738521234052	-1.3634687127683205

0.0	5.105088062083414	-1.536355513422833
0.19634954084936207	5.105088062083414	-1.4794497655308894
0.39269908169872414	5.105088062083414	-1.387039845322148
0.5890486225480862	5.105088062083414	-1.26267701420615
0.7853981633974483	5.105088062083414	-1.1111404660392048
0.9817477042468103	5.105088062083414	-0.9382536653846925
1.1780972450961724	5.105088062083414	-0.7506605550357308
1.3744467859455345	5.105088062083414	-0.5555702330196026
1.5707963267948966	5.105088062083414	-0.3604799110034744
1.7671458676442586	5.105088062083414	-0.17288680065451284
1.9634954084936207	5.105088062083414	-4.440892098500626E-16
2.1598449493429825	5.105088062083414	0.15153654816694473
2.356194490192345	5.105088062083414	0.2758993792829426
2.552544031041707	5.105088062083414	0.36830929949168423
2.748893571891069	5.105088062083414	0.4252150473836278
2.945243112740431	5.105088062083414	0.4444297669803974
3.141592653589793	5.105088062083414	0.4252150473836278
3.3379421944391554	5.105088062083414	0.3683092994916841
3.5342917352885173	5.105088062083414	0.27589937928294284
3.730641276137879	5.105088062083414	0.15153654816694495
3.9269908169872414	5.105088062083414	-4.440892098500626E-16
4.123340357836604	5.105088062083414	-0.17288680065451317
4.319689898685965	5.105088062083414	-0.360479911003474
4.516039439535327	5.105088062083414	-0.5555702330196025
4.71238898038469	5.105088062083414	-0.750660555035731
4.908738521234052	5.105088062083414	-0.9382536653846927
5.105088062083414	5.105088062083414	-1.1111404660392052
5.301437602932776	5.105088062083414	-1.26267701420615
5.497787143782138	5.105088062083414	-1.387039845322148
5.6941366846315	5.105088062083414	-1.4794497655308896
5.890486225480862	5.105088062083414	-1.536355513422833
6.086835766330224	5.105088062083414	-1.5555702330196026
6.283185307179586	5.105088062083414	-1.536355513422833

0.0	5.301437602932776	-1.687892061589778
0.19634954084936207	5.301437602932776	-1.6309863136978342
0.39269908169872414	5.301437602932776	-1.5385763934890928
0.5890486225480862	5.301437602932776	-1.414213562373095
0.7853981633974483	5.301437602932776	-1.2626770142061496
0.9817477042468103	5.301437602932776	-1.0897902135516373
1.1780972450961724	5.301437602932776	-0.9021971032026757
1.3744467859455345	5.301437602932776	-0.7071067811865475
1.5707963267948966	5.301437602932776	-0.5120164591704193
1.7671458676442586	5.301437602932776	-0.3244233488214577
1.9634954084936207	5.301437602932776	-0.15153654816694528
2.1598449493429825	5.301437602932776	-1.1102230246251565E-16
2.356194490192345	5.301437602932776	0.12436283111599777
2.552544031041707	5.301437602932776	0.2167727513247394
2.748893571891069	5.301437602932776	0.27367849921668297
2.945243112740431	5.301437602932776	0.29289321881345254
3.141592653589793	5.301437602932776	0.27367849921668297
3.3379421944391554	5.301437602932776	0.21677275132473928
3.5342917352885173	5.301437602932776	0.124362831115998
3.730641276137879	5.301437602932776	1.1102230246251565E-16
3.9269908169872414	5.301437602932776	-0.15153654816694528
4.123340357836604	5.301437602932776	-0.324423348821458
4.319689898685965	5.301437602932776	-0.5120164591704188
4.516039439535327	5.301437602932776	-0.7071067811865474
4.71238898038469	5.301437602932776	-0.9021971032026759
4.908738521234052	5.301437602932776	-1.0897902135516375
5.105088062083414	5.301437602932776	-1.26267701420615
5.301437602932776	5.301437602932776	-1.414213562373095
5.497787143782138	5.301437602932776	-1.5385763934890928
5.6941366846315	5.301437602932776	-1.6309863136978344
5.890486225480862	5.301437602932776	-1.687892061589778
6.086835766330224	5.301437602932776	-1.7071067811865475
6.283185307179586	5.301437602932776	-1.687892061589778

0.0	5.497787143782138	-1.8122548927057758
0.19634954084936207	5.497787143782138	-1.7553491448138319
0.39269908169872414	5.497787143782138	-1.6629392246050905
0.5890486225480862	5.497787143782138	-1.5385763934890928
0.7853981633974483	5.497787143782138	-1.3870398453221475
0.9817477042468103	5.497787143782138	-1.214153044667635
1.1780972450961724	5.497787143782138	-1.0265599343186735
1.3744467859455345	5.497787143782138	-0.8314696123025452
1.5707963267948966	5.497787143782138	-0.6363792902864169
1.7671458676442586	5.497787143782138	-0.44878617993745545
1.9634954084936207	5.497787143782138	-0.27589937928294306
2.1598449493429825	5.497787143782138	-0.12436283111599788
2.356194490192345	5.497787143782138	0.0
2.552544031041707	5.497787143782138	0.09240992020874161
2.748893571891069	5.497787143782138	0.1493156681006852
2.945243112740431	5.497787143782138	0.16853038769745476
3.141592653589793	5.497787143782138	0.1493156681006852
3.3379421944391554	5.497787143782138	0.0924099202087415
3.5342917352885173	5.497787143782138	2.220446049250313E-16
3.730641276137879	5.497787143782138	-0.12436283111599766
3.9269908169872414	5.497787143782138	-0.27589937928294306
4.123340357836604	5.497787143782138	-0.4487861799374558
4.319689898685965	5.497787143782138	-0.6363792902864166
4.516039439535327	5.497787143782138	-0.8314696123025451
4.71238898038469	5.497787143782138	-1.0265599343186735
4.908738521234052	5.497787143782138	-1.2141530446676354
5.105088062083414	5.497787143782138	-1.387039845322148
5.301437602932776	5.497787143782138	-1.5385763934890928
5.497787143782138	5.497787143782138	-1.6629392246050905
5.6941366846315	5.497787143782138	-1.755349144813832
5.890486225480862	5.497787143782138	-1.8122548927057756
6.086835766330224	5.497787143782138	-1.8314696123025453
6.283185307179586	5.497787143782138	-1.8122548927057758

0.0	5.6941366846315	-1.9046648129145174
0.19634954084936207	5.6941366846315	-1.8477590650225735
0.39269908169872414	5.6941366846315	-1.755349144813832
0.5890486225480862	5.6941366846315	-1.6309863136978344
0.7853981633974483	5.6941366846315	-1.4794497655308891
0.9817477042468103	5.6941366846315	-1.3065629648763766
1.1780972450961724	5.6941366846315	-1.1189698545274152
1.3744467859455345	5.6941366846315	-0.9238795325112868
1.5707963267948966	5.6941366846315	-0.7287892104951585
1.7671458676442586	5.6941366846315	-0.5411961001461971
1.9634954084936207	5.6941366846315	-0.36830929949168467
2.1598449493429825	5.6941366846315	-0.2167727513247395
2.356194490192345	5.6941366846315	-0.09240992020874161
2.552544031041707	5.6941366846315	0.0
2.748893571891069	5.6941366846315	0.05690574789194358
2.945243112740431	5.6941366846315	0.07612046748871315
3.141592653589793	5.6941366846315	0.05690574789194358
3.3379421944391554	5.6941366846315	-1.1102230246251565E-16
3.5342917352885173	5.6941366846315	-0.09240992020874139
3.730641276137879	5.6941366846315	-0.21677275132473928
3.9269908169872414	5.6941366846315	-0.36830929949168467
4.123340357836604	5.6941366846315	-0.5411961001461973
4.319689898685965	5.6941366846315	-0.7287892104951582
4.516039439535327	5.6941366846315	-0.9238795325112867
4.71238898038469	5.6941366846315	-1.1189698545274152
4.908738521234052	5.6941366846315	-1.306562964876377
5.105088062083414	5.6941366846315	-1.4794497655308896
5.301437602932776	5.6941366846315	-1.6309863136978344
5.497787143782138	5.6941366846315	-1.755349144813832
5.6941366846315	5.6941366846315	-1.8477590650225737
5.890486225480862	5.6941366846315	-1.9046648129145172
6.086835766330224	5.6941366846315	-1.923879532511287
6.283185307179586	5.6941366846315	-1.9046648129145174

0.0	5.890486225480862	-1.9615705608064609
0.19634954084936207	5.890486225480862	-1.904664812914517
0.39269908169872414	5.890486225480862	-1.8122548927057756
0.5890486225480862	5.890486225480862	-1.687892061589778
0.7853981633974483	5.890486225480862	-1.5363555134228326
0.9817477042468103	5.890486225480862	-1.36346871276832
1.1780972450961724	5.890486225480862	-1.1758756024193586
1.3744467859455345	5.890486225480862	-0.9807852804032303
1.5707963267948966	5.890486225480862	-0.785694958387102
1.7671458676442586	5.890486225480862	-0.5981018480381406
1.9634954084936207	5.890486225480862	-0.42521504738362814
2.1598449493429825	5.890486225480862	-0.27367849921668297
2.356194490192345	5.890486225480862	-0.14931566810068508
2.552544031041707	5.890486225480862	-0.05690574789194347
2.748893571891069	5.890486225480862	1.1102230246251565E-16
2.945243112740431	5.890486225480862	0.01921471959676968
3.141592653589793	5.890486225480862	1.1102230246251565E-16
3.3379421944391554	5.890486225480862	-0.05690574789194358
3.5342917352885173	5.890486225480862	-0.14931566810068486
3.730641276137879	5.890486225480862	-0.27367849921668275
3.9269908169872414	5.890486225480862	-0.42521504738362814
4.123340357836604	5.890486225480862	-0.5981018480381408
4.319689898685965	5.890486225480862	-0.7856949583871017
4.516039439535327	5.890486225480862	-0.9807852804032302
4.71238898038469	5.890486225480862	-1.1758756024193586
4.908738521234052	5.890486225480862	-1.3634687127683205
5.105088062083414	5.890486225480862	-1.536355513422833
5.301437602932776	5.890486225480862	-1.687892061589778
5.497787143782138	5.890486225480862	-1.8122548927057756
5.6941366846315	5.890486225480862	-1.9046648129145172
5.890486225480862	5.890486225480862	-1.9615705608064606
6.086835766330224	5.890486225480862	-1.9807852804032304
6.283185307179586	5.890486225480862	-1.9615705608064609

0.0	6.086835766330224	-1.9807852804032304
0.19634954084936207	6.086835766330224	-1.9238795325112867
0.39269908169872414	6.086835766330224	-1.8314696123025453
0.5890486225480862	6.086835766330224	-1.7071067811865475
0.7853981633974483	6.086835766330224	-1.5555702330196022
0.9817477042468103	6.086835766330224	-1.3826834323650898
1.1780972450961724	6.086835766330224	-1.1950903220161282
1.3744467859455345	6.086835766330224	-1.0
1.5707963267948966	6.086835766330224	-0.8049096779838718
1.7671458676442586	6.086835766330224	-0.6173165676349102
1.9634954084936207	6.086835766330224	-0.4444297669803978
2.1598449493429825	6.086835766330224	-0.29289321881345265
2.356194490192345	6.086835766330224	-0.16853038769745476
2.552544031041707	6.086835766330224	-0.07612046748871315
2.748893571891069	6.086835766330224	-0.01921471959676957
2.945243112740431	6.086835766330224	0.0
3.141592653589793	6.086835766330224	-0.01921471959676957
3.3379421944391554	6.086835766330224	-0.07612046748871326
3.5342917352885173	6.086835766330224	-0.16853038769745454
3.730641276137879	6.086835766330224	-0.2928932188134524
3.9269908169872414	6.086835766330224	-0.4444297669803978
4.123340357836604	6.086835766330224	-0.6173165676349106
4.319689898685965	6.086835766330224	-0.8049096779838714
4.516039439535327	6.086835766330224	-0.9999999999999999
4.71238898038469	6.086835766330224	-1.1950903220161284
4.908738521234052	6.086835766330224	-1.38268343236509
5.105088062083414	6.086835766330224	-1.5555702330196026
5.301437602932776	6.086835766330224	-1.7071067811865475
5.497787143782138	6.086835766330224	-1.8314696123025453
5.6941366846315	6.086835766330224	-1.923879532511287
5.890486225480862	6.086835766330224	-1.9807852804032304
6.086835766330224	6.086835766330224	-2.0
6.283185307179586	6.086835766330224	-1.9807852804032304

0.0	6.283185307179586	-1.9615705608064609
0.19634954084936207	6.283185307179586	-1.9046648129145172
0.39269908169872414	6.283185307179586	-1.8122548927057758
0.5890486225480862	6.283185307179586	-1.687892061589778
0.7853981633974483	6.283185307179586	-1.5363555134228326
0.9817477042468103	6.283185307179586	-1.3634687127683203
1.1780972450961724	6.283185307179586	-1.1758756024193586
1.3744467859455345	6.283185307179586	-0.9807852804032304
1.5707963267948966	6.283185307179586	-0.7856949583871022
1.7671458676442586	6.283185307179586	-0.5981018480381406
1.9634954084936207	6.283185307179586	-0.42521504738362825
2.1598449493429825	6.283185307179586	-0.2736784992166831
2.356194490192345	6.283185307179586	-0.1493156681006852
2.552544031041707	6.283185307179586	-0.05690574789194358
2.748893571891069	6.283185307179586	0.0
2.945243112740431	6.283185307179586	0.01921471959676957
3.141592653589793	6.283185307179586	0.0
3.3379421944391554	6.283185307179586	-0.05690574789194369
3.5342917352885173	6.283185307179586	-0.14931566810068497
3.730641276137879	6.283185307179586	-0.27367849921668286
3.9269908169872414	6.283185307179586	-0.42521504738362825
4.123340357836604	6.283185307179586	-0.598101848038141
4.319689898685965	6.283185307179586	-0.7856949583871018
4.516039439535327	6.283185307179586	-0.9807852804032303
4.71238898038469	6.283185307179586	-1.1758756024193588
4.908738521234052	6.283185307179586	-1.3634687127683205
5.105088062083414	6.283185307179586	-1.536355513422833
5.301437602932776	6.283185307179586	-1.687892061589778
5.497787143782138	6.283185307179586	-1.8122548927057758
5.6941366846315	6.283185307179586	-1.9046648129145174
5.890486225480862	6.283185307179586	-1.9615705608064609
6.086835766330224	6.283185307179586	-1.9807852804032304
6.283185307179586	6.283185307179586	-1.9615705608064609

