0.0	0.0	-0.3901806440322565
0.19634954084936207	0.0	-0.19509032201612825
0.39269908169872414	0.0	0.0
0.5890486225480862	0.0	0.18759311034896153
0.7853981633974483	0.0	0.36047991100347393
0.9817477042468103	0.0	0.5120164591704193
1.1780972450961724	0.0	0.6363792902864169
1.3744467859455345	0.0	0.7287892104951585
1.5707963267948966	0.0	0.7856949583871022
1.7671458676442586	0.0	0.8049096779838718
1.9634954084936207	0.0	0.7856949583871022
2.1598449493429825	0.0	0.7287892104951585
2.356194490192345	0.0	0.6363792902864172
2.552544031041707	0.0	0.5120164591704193
2.748893571891069	0.0	0.36047991100347393
2.945243112740431	0.0	0.18759311034896203
3.141592653589793	0.0	3.608224830031759E-16
3.3379421944391554	0.0	-0.19509032201612814
3.5342917352885173	0.0	-0.3901806440322566
3.730641276137879	0.0	-0.5777737543812175
3.9269908169872414	0.0	-0.7506605550357301
4.123340357836604	0.0	-0.9021971032026757
4.319689898685965	0.0	-1.026559934318673
4.516039439535327	0.0	-1.1189698545274147
4.71238898038469	0.0	-1.1758756024193586
4.908738521234052	0.0	-1.1950903220161282
5.105088062083414	0.0	-1.1758756024193586
5.301437602932776	0.0	-1.1189698545274152
5.497787143782138	0.0	-1.0265599343186738
5.6941366846315	0.0	-0.9021971032026759
5.890486225480862	0.0	-0.7506605550357313
6.086835766330224	0.0	-0.5777737543812187
6.283185307179586	0.0	-0.39018064403225694

0.0	0.19634954084936207	-0.19509032201612825
0.19634954084936207	0.19634954084936207	0.0
0.39269908169872414	0.19634954084936207	0.19509032201612825
0.5890486225480862	0.19634954084936207	0.3826834323650898
0.7853981633974483	0.19634954084936207	0.5555702330196022
0.9817477042468103	0.19634954084936207	0.7071067811865475
1.1780972450961724	0.19634954084936207	0.8314696123025452
1.3744467859455345	0.19634954084936207	0.9238795325112867
1.5707963267948966	0.19634954084936207	0.9807852804032304
1.7671458676442586	0.19634954084936207	1.0
1.9634954084936207	0.19634954084936207	0.9807852804032304
2.1598449493429825	0.19634954084936207	0.9238795325112868
2.356194490192345	0.19634954084936207	0.8314696123025455
2.552544031041707	0.19634954084936207	0.7071067811865476
2.748893571891069	0.19634954084936207	0.5555702330196022
2.945243112740431	0.19634954084936207	0.3826834323650903
3.141592653589793	0.19634954084936207	0.1950903220161286
3.3379421944391554	0.19634954084936207	1.2246467991473532E-16
3.5342917352885173	0.19634954084936207	-0.19509032201612836
3.730641276137879	0.19634954084936207	-0.3826834323650892
3.9269908169872414	0.19634954084936207	-0.555570233019602
4.123340357836604	0.19634954084936207	-0.7071067811865475
4.319689898685965	0.19634954084936207	-0.8314696123025448
4.516039439535327	0.19634954084936207	-0.9238795325112865
4.71238898038469	0.19634954084936207	-0.9807852804032303
4.908738521234052	0.19634954084936207	-1.0
5.105088062083414	0.19634954084936207	-0.9807852804032304
5.301437602932776	0.19634954084936207	-0.923879532511287
5.497787143782138	0.19634954084936207	-0.8314696123025455
5.6941366846315	0.19634954084936207	-0.7071067811865477
5.890486225480862	0.19634954084936207	-0.555570233019603
6.086835766330224	0.19634954084936207	-0.3826834323650904
6.283185307179586	0.19634954084936207	-0.19509032201612872

0.0	0.39269908169872414	0.0
0.19634954084936207	0.39269908169872414	0.19509032201612825
0.39269908169872414	0.39269908169872414	0.3901806440322565
0.5890486225480862	0.39269908169872414	0.577773754381218
0.7853981633974483	0.39269908169872414	0.7506605550357304
0.9817477042468103	0.39269908169872414	0.9021971032026757
1.1780972450961724	0.39269908169872414	1.0265599343186735
1.3744467859455345	0.39269908169872414	1.118969854527415
1.5707963267948966	0.39269908169872414	1.1758756024193586
1.7671458676442586	0.39269908169872414	1.1950903220161282
1.9634954084936207	0.39269908169872414	1.1758756024193586
2.1598449493429825	0.39269908169872414	1.1189698545274152
2.356194490192345	0.39269908169872414	1.0265599343186738
2.552544031041707	0.39269908169872414	0.9021971032026759
2.748893571891069	0.39269908169872414	0.7506605550357304
2.945243112740431	0.39269908169872414	0.5777737543812185
3.141592653589793	0.39269908169872414	0.39018064403225683
3.3379421944391554	0.39269908169872414	0.19509032201612836
3.5342917352885173	0.39269908169872414	-1.1102230246251565E-16
3.730641276137879	0.39269908169872414	-0.18759311034896098
3.9269908169872414	0.39269908169872414	-0.3604799110034737
4.123340357836604	0.39269908169872414	-0.5120164591704193
4.319689898685965	0.39269908169872414	-0.6363792902864165
4.516039439535327	0.39269908169872414	-0.7287892104951583
4.71238898038469	0.39269908169872414	-0.785694958387102
4.908738521234052	0.39269908169872414	-0.8049096779838718
5.105088062083414	0.39269908169872414	-0.7856949583871022
5.301437602932776	0.39269908169872414	-0.7287892104951588
5.497787143782138	0.39269908169872414	-0.6363792902864172
5.6941366846315	0.39269908169872414	-0.5120164591704195
5.890486225480862	0.39269908169872414	-0.3604799110034747
6.086835766330224	0.39269908169872414	-0.18759311034896214
6.283185307179586	0.39269908169872414	-4.718447854656915E-16

0.0	0.5890486225480862	0.18759311034896153
0.19634954084936207	0.5890486225480862	0.3826834323650898
0.39269908169872414	0.5890486225480862	0.577773754381218
0.5890486225480862	0.5890486225480862	0.7653668647301796
0.7853981633974483	0.5890486225480862	0.938253665384692
0.9817477042468103	0.5890486225480862	1.0897902135516373
1.1780972450961724	0.5890486225480862	1.214153044667635
1.3744467859455345	0.5890486225480862	1.3065629648763766
1.5707963267948966	0.5890486225480862	1.3634687127683203
1.7671458676442586	0.5890486225480862	1.3826834323650898
1.9634954084936207	0.5890486225480862	1.3634687127683203
2.1598449493429825	0.5890486225480862	1.3065629648763766
2.356194490192345	0.5890486225480862	1.2141530446676352
2.552544031041707	0.5890486225480862	1.0897902135516373
2.748893571891069	0.5890486225480862	0.938253665384692
2.945243112740431	0.5890486225480862	0.7653668647301801
3.141592653589793	0.5890486225480862	0.5777737543812184
3.3379421944391554	0.5890486225480862	0.3826834323650899
3.5342917352885173	0.5890486225480862	0.18759311034896142
3.730641276137879	0.5890486225480862	5.551115123125783E-16
3.9269908169872414	0.5890486225480862	-0.17288680065451217
4.123340357836604	0.5890486225480862	-0.3244233488214577
4.319689898685965	0.5890486225480862	-0.448786179937455
4.516039439535327	0.5890486225480862	-0.5411961001461967
4.71238898038469	0.5890486225480862	-0.5981018480381406
4.908738521234052	0.5890486225480862	-0.6173165676349102
5.105088062083414	0.5890486225480862	-0.5981018480381406
5.301437602932776	0.5890486225480862	-0.5411961001461971
5.497787143782138	0.5890486225480862	-0.4487861799374557
5.6941366846315	0.5890486225480862	-0.3244233488214579
5.890486225480862	0.5890486225480862	-0.17288680065451317
6.086835766330224	0.5890486225480862	-6.106226635438361E-16
6.283185307179586	0.5890486225480862	0.18759311034896106

0.0	0.7853981633974483	0.36047991100347393
0.19634954084936207	0.7853981633974483	0.5555702330196022
0.39269908169872414	0.7853981633974483	0.7506605550357304
0.5890486225480862	0.7853981633974483	0.938253665384692
0.7853981633974483	0.7853981633974483	1.1111404660392044
0.9817477042468103	0.7853981633974483	1.2626770142061496
1.1780972450961724	0.7853981633974483	1.3870398453221475
1.3744467859455345	0.7853981633974483	1.479449765530889
1.5707963267948966	0.7853981633974483	1.5363555134228326
1.7671458676442586	0.7853981633974483	1.5555702330196022
1.9634954084936207	0.7853981633974483	1.5363555134228326
2.1598449493429825	0.7853981633974483	1.4794497655308891
2.356194490192345	0.7853981633974483	1.3870398453221475
2.552544031041707	0.7853981633974483	1.2626770142061496
2.748893571891069	0.7853981633974483	1.1111404660392044
2.945243112740431	0.7853981633974483	0.9382536653846925
3.141592653589793	0.7853981633974483	0.7506605550357308
3.3379421944391554	0.7853981633974483	0.5555702330196023
3.5342917352885173	0.7853981633974483	0.3604799110034738
3.730641276137879	0.7853981633974483	0.17288680065451295
3.9269908169872414	0.7853981633974483	2.220446049250313E-16
4.123340357836604	0.7853981633974483	-0.15153654816694528
4.319689898685965	0.7853981633974483	-0.2758993792829426
4.516039439535327	0.7853981633974483	-0.36830929949168434
4.71238898038469	0.7853981633974483	-0.42521504738362814
4.908738521234052	0.7853981633974483	-0.4444297669803978
5.105088062083414	0.7853981633974483	-0.42521504738362825
5.301437602932776	0.7853981633974483	-0.3683092994916848
5.497787143782138	0.7853981633974483	-0.2758993792829433
5.6941366846315	0.7853981633974483	-0.1515365481669455
5.890486225480862	0.7853981633974483	-7.771561172376096E-16
6.086835766330224	0.7853981633974483	0.17288680065451179
6.283185307179586	0.7853981633974483	0.36047991100347343

0.0	0.9817477042468103	0.5120164591704193
0.19634954084936207	0.9817477042468103	0.7071067811865475
0.39269908169872414	0.9817477042468103	0.9021971032026757
0.5890486225480862	0.9817477042468103	1.0897902135516373
0.7853981633974483	0.9817477042468103	1.2626770142061496
0.9817477042468103	0.9817477042468103	1.414213562373095
1.1780972450961724	0.9817477042468103	1.5385763934890928
1.3744467859455345	0.9817477042468103	1.6309863136978342
1.5707963267948966	0.9817477042468103	1.687892061589778
1.7671458676442586	0.9817477042468103	1.7071067811865475
1.9634954084936207	0.9817477042468103	1.687892061589778
2.1598449493429825	0.9817477042468103	1.6309863136978344
2.356194490192345	0.9817477042468103	1.5385763934890928
2.552544031041707	0.9817477042468103	1.414213562373095
2.748893571891069	0.9817477042468103	1.2626770142061496
2.945243112740431	0.9817477042468103	1.0897902135516377
3.141592653589793	0.9817477042468103	0.9021971032026761
3.3379421944391554	0.9817477042468103	0.7071067811865476
3.5342917352885173	0.9817477042468103	0.512016459170419
3.730641276137879	0.9817477042468103	0.32442334882145824
3.9269908169872414	0.9817477042468103	0.1515365481669455
4.123340357836604	0.9817477042468103	0.0
4.319689898685965	0.9817477042468103	-0.12436283111599733
4.516039439535327	0.9817477042468103	-0.21677275132473905
4.71238898038469	0.9817477042468103	-0.27367849921668286
4.908738521234052	0.9817477042468103	-0.29289321881345254
5.105088062083414	0.9817477042468103	-0.27367849921668297
5.301437602932776	0.9817477042468103	-0.2167727513247395
5.497787143782138	0.9817477042468103	-0.124362831115998
5.6941366846315	0.9817477042468103	-2.220446049250313E-16
5.890486225480862	0.9817477042468103	0.1515365481669445
6.086835766330224	0.9817477042468103	0.32442334882145707
6.283185307179586	0.9817477042468103	0.5120164591704187

0.0	1.1780972450961724	0.6363792902864169
0.19634954084936207	1.1780972450961724	0.8314696123025452
0.39269908169872414	1.1780972450961724	1.0265599343186735
0.5890486225480862	1.1780972450961724	1.214153044667635
0.7853981633974483	1.1780972450961724	1.3870398453221475
0.9817477042468103	1.1780972450961724	1.5385763934890928
1.1780972450961724	1.1780972450961724	1.6629392246050905
1.3744467859455345	1.1780972450961724	1.7553491448138319
1.5707963267948966	1.1780972450961724	1.8122548927057758
1.7671458676442586	1.1780972450961724	1.8314696123025453
1.9634954084936207	1.1780972450961724	1.8122548927057758
2.1598449493429825	1.1780972450961724	1.755349144813832
2.356194490192345	1.1780972450961724	1.6629392246050907
2.552544031041707	1.1780972450961724	1.5385763934890928
2.748893571891069	1.1780972450961724	1.3870398453221475
2.945243112740431	1.1780972450961724	1.2141530446676354
3.141592653589793	1.1780972450961724	1.0265599343186738
3.3379421944391554	1.1780972450961724	0.8314696123025453
3.5342917352885173	1.1780972450961724	0.6363792902864169
3.730641276137879	1.1780972450961724	0.448786179937456
3.9269908169872414	1.1780972450961724	0.2758993792829433
4.123340357836604	1.1780972450961724	0.12436283111599777
4.319689898685965	1.1780972450961724	4.440892098500626E-16
4.516039439535327	1.1780972450961724	-0.09240992020874128
4.71238898038469	1.1780972450961724	-0.14931566810068508
4.908738521234052	1.1780972450961724	-0.16853038769745476
5.105088062083414	1.1780972450961724	-0.1493156681006852
5.301437602932776	1.1780972450961724	-0.09240992020874172
5.497787143782138	1.1780972450961724	-2.220446049250313E-16
5.6941366846315	1.1780972450961724	0.12436283111599755
5.890486225480862	1.1780972450961724	0.2758993792829423
6.086835766330224	1.1780972450961724	0.44878617993745484
6.283185307179586	1.1780972450961724	0.6363792902864165

0.0	1.3744467859455345	0.7287892104951585
0.19634954084936207	1.3744467859455345	0.9238795325112867
0.39269908169872414	1.3744467859455345	1.118969854527415
0.5890486225480862	1.3744467859455345	1.3065629648763766
0.7853981633974483	1.3744467859455345	1.479449765530889
0.9817477042468103	1.3744467859455345	1.6309863136978342
1.1780972450961724	1.3744467859455345	1.7553491448138319
1.3744467859455345	1.3744467859455345	1.8477590650225735
1.5707963267948966	1.3744467859455345	1.9046648129145172
1.7671458676442586	1.3744467859455345	1.9238795325112867
1.9634954084936207	1.3744467859455345	1.9046648129145172
2.1598449493429825	1.3744467859455345	1.8477590650225735
2.356194490192345	1.3744467859455345	1.7553491448138323
2.552544031041707	1.3744467859455345	1.6309863136978344
2.748893571891069	1.3744467859455345	1.479449765530889
2.945243112740431	1.3744467859455345	1.306562964876377
3.141592653589793	1.3744467859455345	1.1189698545274154
3.3379421944391554	1.3744467859455345	0.9238795325112868
3.5342917352885173	1.3744467859455345	0.7287892104951583
3.730641276137879	1.3744467859455345	0.5411961001461976
3.9269908169872414	1.3744467859455345	0.3683092994916848
4.123340357836604	1.3744467859455345	0.21677275132473928
4.319689898685965	1.3744467859455345	0.09240992020874195
4.516039439535327	1.3744467859455345	2.220446049250313E-16
4.71238898038469	1.3744467859455345	-0.05690574789194358
4.908738521234052	1.3744467859455345	-0.07612046748871326
5.105088062083414	1.3744467859455345	-0.05690574789194369
5.301437602932776	1.3744467859455345	-2.220446049250313E-16
5.497787143782138	1.3744467859455345	0.09240992020874128
5.6941366846315	1.3744467859455345	0.21677275132473905
5.890486225480862	1.3744467859455345	0.3683092994916838
6.086835766330224	1.3744467859455345	0.5411961001461963
6.283185307179586	1.3744467859455345	0.728789210495158

0.0	1.5707963267948966	0.7856949583871022
0.19634954084936207	1.5707963267948966	0.9807852804032304
0.39269908169872414	1.5707963267948966	1.1758756024193586
0.5890486225480862	1.5707963267948966	1.3634687127683203
0.7853981633974483	1.5707963267948966	1.5363555134228326
0.9817477042468103	1.5707963267948966	1.687892061589778
1.1780972450961724	1.5707963267948966	1.8122548927057758
1.3744467859455345	1.5707963267948966	1.9046648129145172
1.5707963267948966	1.5707963267948966	1.9615705608064609
1.7671458676442586	1.5707963267948966	1.9807852804032304
1.9634954084936207	1.5707963267948966	1.9615705608064609
2.1598449493429825	1.5707963267948966	1.9046648129145174
2.356194490192345	1.5707963267948966	1.8122548927057758
2.552544031041707	1.5707963267948966	1.687892061589778
2.748893571891069	1.5707963267948966	1.5363555134228326
2.945243112740431	1.5707963267948966	1.3634687127683207
3.141592653589793	1.5707963267948966	1.175875602419359
3.3379421944391554	1.5707963267948966	0.9807852804032305
3.5342917352885173	1.5707963267948966	0.785694958387102
3.730641276137879	1.5707963267948966	0.5981018480381413
3.9269908169872414	1.5707963267948966	0.4252150473836285
4.123340357836604	1.5707963267948966	0.27367849921668297
4.319689898685965	1.5707963267948966	0.14931566810068564
4.516039439535327	1.5707963267948966	0.056905747891943914
4.71238898038469	1.5707963267948966	1.1102230246251565E-16
4.908738521234052	1.5707963267948966	-0.01921471959676957
5.105088062083414	1.5707963267948966	0.0
5.301437602932776	1.5707963267948966	0.05690574789194347
5.497787143782138	1.5707963267948966	0.14931566810068497
5.6941366846315	1.5707963267948966	0.27367849921668275
5.890486225480862	1.5707963267948966	0.4252150473836275
6.086835766330224	1.5707963267948966	0.59810184803814
6.283185307179586	1.5707963267948966	0.7856949583871017

0.0	1.7671458676442586	0.8049096779838718
0.19634954084936207	1.7671458676442586	1.0
0.39269908169872414	1.7671458676442586	1.1950903220161282
0.5890486225480862	1.7671458676442586	1.3826834323650898
0.7853981633974483	1.7671458676442586	1.5555702330196022
0.9817477042468103	1.7671458676442586	1.7071067811865475
1.1780972450961724	1.7671458676442586	1.8314696123025453
1.3744467859455345	1.7671458676442586	1.9238795325112867
1.5707963267948966	1.7671458676442586	1.9807852804032304
1.7671458676442586	1.7671458676442586	2.0
1.9634954084936207	1.7671458676442586	1.9807852804032304
2.1598449493429825	1.7671458676442586	1.923879532511287
2.356194490192345	1.7671458676442586	1.8314696123025453
2.552544031041707	1.7671458676442586	1.7071067811865475
2.748893571891069	1.7671458676442586	1.5555702330196022
2.945243112740431	1.7671458676442586	1.3826834323650903
3.141592653589793	1.7671458676442586	1.1950903220161286
3.3379421944391554	1.7671458676442586	1.0000000000000002
3.5342917352885173	1.7671458676442586	0.8049096779838716
3.730641276137879	1.7671458676442586	0.6173165676349108
3.9269908169872414	1.7671458676442586	0.44442976698039804
4.123340357836604	1.7671458676442586	0.29289321881345254
4.319689898685965	1.7671458676442586	0.1685303876974552
4.516039439535327	1.7671458676442586	0.07612046748871348
4.71238898038469	1.7671458676442586	0.01921471959676968
4.908738521234052	1.7671458676442586	0.0
5.105088062083414	1.7671458676442586	0.01921471959676957
5.301437602932776	1.7671458676442586	0.07612046748871304
5.497787143782138	1.7671458676442586	0.16853038769745454
5.6941366846315	1.7671458676442586	0.2928932188134523
5.890486225480862	1.7671458676442586	0.44442976698039705
6.086835766330224	1.7671458676442586	0.6173165676349096
6.283185307179586	1.7671458676442586	0.8049096779838713

0.0	1.9634954084936207	0.7856949583871022
0.19634954084936207	1.9634954084936207	0.9807852804032304
0.39269908169872414	1.9634954084936207	1.1758756024193586
0.5890486225480862	1.9634954084936207	1.3634687127683203
0.7853981633974483	1.9634954084936207	1.5363555134228326
0.9817477042468103	1.9634954084936207	1.687892061589778
1.1780972450961724	1.9634954084936207	1.8122548927057758
1.3744467859455345	1.9634954084936207	1.9046648129145172
1.5707963267948966	1.9634954084936207	1.9615705608064609
1.7671458676442586	1.9634954084936207	1.9807852804032304
1.9634954084936207	1.9634954084936207	1.9615705608064609
2.1598449493429825	1.9634954084936207	1.9046648129145174
2.356194490192345	1.9634954084936207	1.8122548927057758
2.552544031041707	1.9634954084936207	1.687892061589778
2.748893571891069	1.9634954084936207	1.5363555134228326
2.945243112740431	1.9634954084936207	1.3634687127683207
3.141592653589793	1.9634954084936207	1.175875602419359
3.3379421944391554	1.9634954084936207	0.9807852804032305
3.5342917352885173	1.9634954084936207	0.785694958387102
3.730641276137879	1.9634954084936207	0.5981018480381413
3.9269908169872414	1.9634954084936207	0.4252150473836285
4.123340357836604	1.9634954084936207	0.27367849921668297
4.319689898685965	1.9634954084936207	0.14931566810068564
4.516039439535327	1.9634954084936207	0.056905747891943914
4.71238898038469	1.9634954084936207	1.1102230246251565E-16
4.908738521234052	1.9634954084936207	-0.01921471959676957
5.105088062083414	1.9634954084936207	0.0
5.301437602932776	1.9634954084936207	0.05690574789194347
5.497787143782138	1.9634954084936207	0.14931566810068497
5.6941366846315	1.9634954084936207	0.27367849921668275
5.890486225480862	1.9634954084936207	0.4252150473836275
6.086835766330224	1.9634954084936207	0.59810184803814
6.283185307179586	1.9634954084936207	0.7856949583871017

0.0	2.1598449493429825	0.7287892104951585
0.19634954084936207	2.1598449493429825	0.9238795325112868
0.39269908169872414	2.1598449493429825	1.1189698545274152
0.5890486225480862	2.1598449493429825	1.3065629648763766
0.7853981633974483	2.1598449493429825	1.4794497655308891
0.9817477042468103	2.1598449493429825	1.6309863136978344
1.1780972450961724	2.1598449493429825	1.755349144813832
1.3744467859455345	2.1598449493429825	1.8477590650225735
1.5707963267948966	2.1598449493429825	1.9046648129145174
1.7671458676442586	2.1598449493429825	1.923879532511287
1.9634954084936207	2.1598449493429825	1.9046648129145174
2.1598449493429825	2.1598449493429825	1.8477590650225737
2.356194490192345	2.1598449493429825	1.7553491448138323
2.552544031041707	2.1598449493429825	1.6309863136978344
2.748893571891069	2.1598449493429825	1.4794497655308891
2.945243112740431	2.1598449493429825	1.306562964876377
3.141592653589793	2.1598449493429825	1.1189698545274154
3.3379421944391554	2.1598449493429825	0.923879532511287
3.5342917352885173	2.1598449493429825	0.7287892104951585
3.730641276137879	2.1598449493429825	0.5411961001461976
3.9269908169872414	2.1598449493429825	0.3683092994916849
4.123340357836604	2.1598449493429825	0.2167727513247394
4.319689898685965	2.1598449493429825	0.09240992020874206
4.516039439535327	2.1598449493429825	3.3306690738754696E-16
4.71238898038469	2.1598449493429825	-0.05690574789194347
4.908738521234052	2.1598449493429825	-0.07612046748871315
5.105088062083414	2.1598449493429825	-0.05690574789194358
5.301437602932776	2.1598449493429825	-1.1102230246251565E-16
5.497787143782138	2.1598449493429825	0.09240992020874139
5.6941366846315	2.1598449493429825	0.21677275132473917
5.890486225480862	2.1598449493429825	0.3683092994916839
6.086835766330224	2.1598449493429825	0.5411961001461965
6.283185307179586	2.1598449493429825	0.7287892104951581

0.0	2.356194490192345	0.6363792902864172
0.19634954084936207	2.356194490192345	0.8314696123025455
0.39269908169872414	2.356194490192345	1.0265599343186738
0.5890486225480862	2.356194490192345	1.2141530446676352
0.7853981633974483	2.356194490192345	1.3870398453221475
0.9817477042468103	2.356194490192345	1.5385763934890928
1.1780972450961724	2.356194490192345	1.6629392246050907
1.3744467859455345	2.356194490192345	1.7553491448138323
1.5707963267948966	2.356194490192345	1.8122548927057758
1.7671458676442586	2.356194490192345	1.8314696123025453
1.9634954084936207	2.356194490192345	1.8122548927057758
2.1598449493429825	2.356194490192345	1.7553491448138323
2.356194490192345	2.356194490192345	1.662939224605091
2.552544031041707	2.356194490192345	1.538576393489093
2.748893571891069	2.356194490192345	1.3870398453221475
2.945243112740431	2.356194490192345	1.2141530446676359
3.141592653589793	2.356194490192345	1.026559934318674
3.3379421944391554	2.356194490192345	0.8314696123025456
3.5342917352885173	2.356194490192345	0.6363792902864172
3.730641276137879	2.356194490192345	0.44878617993745623
3.9269908169872414	2.356194490192345	0.2758993792829435
4.123340357836604	2.356194490192345	0.124362831115998
4.319689898685965	2.356194490192345	6.661338147750939E-16
4.516039439535327	2.356194490192345	-0.09240992020874106
4.71238898038469	2.356194490192345	-0.14931566810068486
4.908738521234052	2.356194490192345	-0.16853038769745454
5.105088062083414	2.356194490192345	-0.14931566810068497
5.301437602932776	2.356194490192345	-0.0924099202087415
5.497787143782138	2.356194490192345	0.0
5.6941366846315	2.356194490192345	0.12436283111599777
5.890486225480862	2.356194490192345	0.2758993792829425
6.086835766330224	2.356194490192345	0.44878617993745507
6.283185307179586	2.356194490192345	0.6363792902864167

0.0	2.552544031041707	0.5120164591704193
0.19634954084936207	2.552544031041707	0.7071067811865476
0.39269908169872414	2.552544031041707	0.9021971032026759
0.5890486225480862	2.552544031041707	1.0897902135516373
0.7853981633974483	2.552544031041707	1.2626770142061496
0.9817477042468103	2.552544031041707	1.414213562373095
1.1780972450961724	2.552544031041707	1.5385763934890928
1.3744467859455345	2.552544031041707	1.6309863136978344
1.5707963267948966	2.552544031041707	1.687892061589778
1.7671458676442586	2.552544031041707	1.7071067811865475
1.9634954084936207	2.552544031041707	1.687892061589778
2.1598449493429825	2.552544031041707	1.6309863136978344
2.356194490192345	2.552544031041707	1.538576393489093
2.552544031041707	2.552544031041707	1.4142135623730951
2.748893571891069	2.552544031041707	1.2626770142061496
2.945243112740431	2.552544031041707	1.089790213551638
3.141592653589793	2.552544031041707	0.9021971032026762
3.3379421944391554	2.552544031041707	0.7071067811865477
3.5342917352885173	2.552544031041707	0.5120164591704193
3.730641276137879	2.552544031041707	0.32442334882145835
3.9269908169872414	2.552544031041707	0.15153654816694562
4.123340357836604	2.552544031041707	1.1102230246251565E-16
4.319689898685965	2.552544031041707	-0.12436283111599722
4.516039439535327	2.552544031041707	-0.21677275132473894
4.71238898038469	2.552544031041707	-0.27367849921668275
4.908738521234052	2.552544031041707	-0.2928932188134524
5.105088062083414	2.552544031041707	-0.27367849921668286
5.301437602932776	2.552544031041707	-0.2167727513247394
5.497787143782138	2.552544031041707	-0.12436283111599788
5.6941366846315	2.552544031041707	-1.1102230246251565E-16
5.890486225480862	2.552544031041707	0.15153654816694462
6.086835766330224	2.552544031041707	0.3244233488214572
6.283185307179586	2.552544031041707	0.5120164591704188

0.0	2.748893571891069	0.36047991100347393
0.19634954084936207	2.748893571891069	0.5555702330196022
0.39269908169872414	2.748893571891069	0.7506605550357304
0.5890486225480862	2.748893571891069	0.938253665384692
0.7853981633974483	2.748893571891069	1.1111404660392044
0.9817477042468103	2.748893571891069	1.2626770142061496
1.1780972450961724	2.748893571891069	1.3870398453221475
1.3744467859455345	2.748893571891069	1.479449765530889
1.5707963267948966	2.748893571891069	1.5363555134228326
1.7671458676442586	2.748893571891069	1.5555702330196022
1.9634954084936207	2.748893571891069	1.5363555134228326
2.1598449493429825	2.748893571891069	1.4794497655308891
2.356194490192345	2.748893571891069	1.3870398453221475
2.552544031041707	2.748893571891069	1.2626770142061496
2.748893571891069	2.748893571891069	1.1111404660392044
2.945243112740431	2.748893571891069	0.9382536653846925
3.141592653589793	2.748893571891069	0.7506605550357308
3.3379421944391554	2.748893571891069	0.5555702330196023
3.5342917352885173	2.748893571891069	0.3604799110034738
3.730641276137879	2.748893571891069	0.17288680065451295
3.9269908169872414	2.748893571891069	2.220446049250313E-16
4.123340357836604	2.748893571891069	-0.15153654816694528
4.319689898685965	2.748893571891069	-0.2758993792829426
4.516039439535327	2.748893571891069	-0.36830929949168434
4.71238898038469	2.748893571891069	-0.42521504738362814
4.908738521234052	2.748893571891069	-0.4444297669803978
5.105088062083414	2.748893571891069	-0.42521504738362825
5.301437602932776	2.748893571891069	-0.3683092994916848
5.497787143782138	2.748893571891069	-0.2758993792829433
5.6941366846315	2.748893571891069	-0.1515365481669455
5.890486225480862	2.748893571891069	-7.771561172376096E-16
6.086835766330224	2.748893571891069	0.17288680065451179
6.283185307179586	2.748893571891069	0.36047991100347343

0.0	2.945243112740431	0.18759311034896203
0.19634954084936207	2.945243112740431	0.3826834323650903
0.39269908169872414	2.945243112740431	0.5777737543812185
0.5890486225480862	2.945243112740431	0.7653668647301801
0.7853981633974483	2.945243112740431	0.9382536653846925
0.9817477042468103	2.945243112740431	1.0897902135516377
1.1780972450961724	2.945243112740431	1.2141530446676354
1.3744467859455345	2.945243112740431	1.306562964876377
1.5707963267948966	2.945243112740431	1.3634687127683207
1.7671458676442586	2.945243112740431	1.3826834323650903
1.9634954084936207	2.945243112740431	1.3634687127683207
2.1598449493429825	2.945243112740431	1.306562964876377
2.356194490192345	2.945243112740431	1.2141530446676359
2.552544031041707	2.945243112740431	1.089790213551638
2.748893571891069	2.945243112740431	0.9382536653846925
2.945243112740431	2.945243112740431	0.7653668647301806
3.141592653589793	2.945243112740431	0.5777737543812189
3.3379421944391554	2.945243112740431	0.3826834323650904
3.5342917352885173	2.945243112740431	0.18759311034896192
3.730641276137879	2.945243112740431	1.0547118733938987E-15
3.9269908169872414	2.945243112740431	-0.17288680065451167
4.123340357836604	2.945243112740431	-0.3244233488214572
4.319689898685965	2.945243112740431	-0.4487861799374545
4.516039439535327	2.945243112740431	-0.5411961001461962
4.71238898038469	2.945243112740431	-0.59810184803814
4.908738521234052	2.945243112740431	-0.6173165676349097
5.105088062083414	2.945243112740431	-0.5981018480381401
5.301437602932776	2.945243112740431	-0.5411961001461967
5.497787143782138	2.945243112740431	-0.4487861799374552
5.6941366846315	2.945243112740431	-0.3244233488214574
5.890486225480862	2.945243112740431	-0.17288680065451267
6.086835766330224	2.945243112740431	-1.1102230246251565E-16
6.283185307179586	2.945243112740431	0.18759311034896156

0.0	3.141592653589793	3.608224830031759E-16
0.19634954084936207	3.141592653589793	0.1950903220161286
0.39269908169872414	3.141592653589793	0.39018064403225683
0.5890486225480862	3.141592653589793	0.5777737543812184
0.7853981633974483	3.141592653589793	0.7506605550357308
0.9817477042468103	3.141592653589793	0.9021971032026761
1.1780972450961724	3.141592653589793	1.0265599343186738
1.3744467859455345	3.141592653589793	1.1189698545274154
1.5707963267948966	3.141592653589793	1.175875602419359
1.7671458676442586	3.141592653589793	1.1950903220161286
1.9634954084936207	3.141592653589793	1.175875602419359
2.1598449493429825	3.141592653589793	1.1189698545274154
2.356194490192345	3.141592653589793	1.026559934318674
2.552544031041707	3.141592653589793	0.9021971032026762
2.748893571891069	3.141592653589793	0.7506605550357308
2.945243112740431	3.141592653589793	0.5777737543812189
3.141592653589793	3.141592653589793	0.3901806440322572
3.3379421944391554	3.141592653589793	0.19509032201612872
3.5342917352885173	3.141592653589793	2.498001805406602E-16
3.730641276137879	3.141592653589793	-0.18759311034896062
3.9269908169872414	3.141592653589793	-0.3604799110034733
4.123340357836604	3.141592653589793	-0.5120164591704188
4.319689898685965	3.141592653589793	-0.6363792902864162
4.516039439535327	3.141592653589793	-0.7287892104951579
4.71238898038469	3.141592653589793	-0.7856949583871017
4.908738521234052	3.141592653589793	-0.8049096779838714
5.105088062083414	3.141592653589793	-0.7856949583871018
5.301437602932776	3.141592653589793	-0.7287892104951583
5.497787143782138	3.141592653589793	-0.6363792902864168
5.6941366846315	3.141592653589793	-0.512016459170419
5.890486225480862	3.141592653589793	-0.3604799110034743
6.086835766330224	3.141592653589793	-0.18759311034896178
6.283185307179586	3.141592653589793	-1.1102230246251565E-16

0.0	3.3379421944391554	-0.19509032201612814
0.19634954084936207	3.3379421944391554	1.2246467991473532E-16
0.39269908169872414	3.3379421944391554	0.19509032201612836
0.5890486225480862	3.3379421944391554	0.3826834323650899
0.7853981633974483	3.3379421944391554	0.5555702330196023
0.9817477042468103	3.3379421944391554	0.7071067811865476
1.1780972450961724	3.3379421944391554	0.8314696123025453
1.3744467859455345	3.3379421944391554	0.9238795325112868
1.5707963267948966	3.3379421944391554	0.9807852804032305
1.7671458676442586	3.3379421944391554	1.0000000000000002
1.9634954084936207	3.3379421944391554	0.9807852804032305
2.1598449493429825	3.3379421944391554	0.923879532511287
2.356194490192345	3.3379421944391554	0.8314696123025456
2.552544031041707	3.3379421944391554	0.7071067811865477
2.748893571891069	3.3379421944391554	0.5555702330196023
2.945243112740431	3.3379421944391554	0.3826834323650904
3.141592653589793	3.3379421944391554	0.19509032201612872
3.3379421944391554	3.3379421944391554	2.4492935982947064E-16
3.5342917352885173	3.3379421944391554	-0.19509032201612825
3.730641276137879	3.3379421944391554	-0.3826834323650891
3.9269908169872414	3.3379421944391554	-0.5555702330196018
4.123340357836604	3.3379421944391554	-0.7071067811865474
4.319689898685965	3.3379421944391554	-0.8314696123025447
4.516039439535327	3.3379421944391554	-0.9238795325112864
4.71238898038469	3.3379421944391554	-0.9807852804032302
4.908738521234052	3.3379421944391554	-0.9999999999999999
5.105088062083414	3.3379421944391554	-0.9807852804032303
5.301437602932776	3.3379421944391554	-0.9238795325112868
5.497787143782138	3.3379421944391554	-0.8314696123025453
5.6941366846315	3.3379421944391554	-0.7071067811865476
5.890486225480862	3.3379421944391554	-0.5555702330196028
6.086835766330224	3.3379421944391554	-0.3826834323650903
6.283185307179586	3.3379421944391554	-0.1950903220161286

0.0	3.5342917352885173	-0.3901806440322566
0.19634954084936207	3.5342917352885173	-0.19509032201612836
0.39269908169872414	3.5342917352885173	-1.1102230246251565E-16
0.5890486225480862	3.5342917352885173	0.18759311034896142
0.7853981633974483	3.5342917352885173	0.3604799110034738
0.9817477042468103	3.5342917352885173	0.512016459170419
1.1780972450961724	3.5342917352885173	0.6363792902864169
1.3744467859455345	3.5342917352885173	0.7287892104951583
1.5707963267948966	3.5342917352885173	0.785694958387102
1.7671458676442586	3.5342917352885173	0.8049096779838716
1.9634954084936207	3.5342917352885173	0.785694958387102
2.1598449493429825	3.5342917352885173	0.7287892104951585
2.356194490192345	3.5342917352885173	0.6363792902864172
2.552544031041707	3.5342917352885173	0.5120164591704193
2.748893571891069	3.5342917352885173	0.3604799110034738
2.945243112740431	3.5342917352885173	0.18759311034896192
3.141592653589793	3.5342917352885173	2.498001805406602E-16
3.3379421944391554	3.5342917352885173	-0.19509032201612825
3.5342917352885173	3.5342917352885173	-0.3901806440322567
3.730641276137879	3.5342917352885173	-0.5777737543812176
3.9269908169872414	3.5342917352885173	-0.7506605550357304
4.123340357836604	3.5342917352885173	-0.9021971032026759
4.319689898685965	3.5342917352885173	-1.026559934318673
4.516039439535327	3.5342917352885173	-1.118969854527415
4.71238898038469	3.5342917352885173	-1.1758756024193586
4.908738521234052	3.5342917352885173	-1.1950903220161284
5.105088062083414	3.5342917352885173	-1.1758756024193588
5.301437602932776	3.5342917352885173	-1.1189698545274154
5.497787143782138	3.5342917352885173	-1.0265599343186738
5.6941366846315	3.5342917352885173	-0.9021971032026761
5.890486225480862	3.5342917352885173	-0.7506605550357313
6.086835766330224	3.5342917352885173	-0.5777737543812187
6.283185307179586	3.5342917352885173	-0.39018064403225705

0.0	3.730641276137879	-0.5777737543812175
0.19634954084936207	3.730641276137879	-0.3826834323650892
0.39269908169872414	3.730641276137879	-0.18759311034896098
0.5890486225480862	3.730641276137879	5.551115123125783E-16
0.7853981633974483	3.730641276137879	0.17288680065451295
0.9817477042468103	3.730641276137879	0.32442334882145824
1.1780972450961724	3.730641276137879	0.448786179937456
1.3744467859455345	3.730641276137879	0.5411961001461976
1.5707963267948966	3.730641276137879	0.5981018480381413
1.7671458676442586	3.730641276137879	0.6173165676349108
1.9634954084936207	3.730641276137879	0.5981018480381413
2.1598449493429825	3.730641276137879	0.5411961001461976
2.356194490192345	3.730641276137879	0.44878617993745623
2.552544031041707	3.730641276137879	0.32442334882145835
2.748893571891069	3.730641276137879	0.17288680065451295
2.945243112740431	3.730641276137879	1.0547118733938987E-15
3.141592653589793	3.730641276137879	-0.18759311034896062
3.3379421944391554	3.730641276137879	-0.3826834323650891
3.5342917352885173	3.730641276137879	-0.5777737543812176
3.730641276137879	3.730641276137879	-0.7653668647301785
3.9269908169872414	3.730641276137879	-0.9382536653846911
4.123340357836604	3.730641276137879	-1.0897902135516366
4.319689898685965	3.730641276137879	-1.214153044667634
4.516039439535327	3.730641276137879	-1.3065629648763757
4.71238898038469	3.730641276137879	-1.3634687127683196
4.908738521234052	3.730641276137879	-1.3826834323650892
5.105088062083414	3.730641276137879	-1.3634687127683196
5.301437602932776	3.730641276137879	-1.3065629648763761
5.497787143782138	3.730641276137879	-1.2141530446676347
5.6941366846315	3.730641276137879	-1.0897902135516369
5.890486225480862	3.730641276137879	-0.9382536653846922
6.086835766330224	3.730641276137879	-0.7653668647301797
6.283185307179586	3.730641276137879	-0.5777737543812179

0.0	3.9269908169872414	-0.7506605550357301
0.19634954084936207	3.9269908169872414	-0.555570233019602
0.39269908169872414	3.9269908169872414	-0.3604799110034737
0.5890486225480862	3.9269908169872414	-0.17288680065451217
0.7853981633974483	3.9269908169872414	2.220446049250313E-16
0.9817477042468103	3.9269908169872414	0.1515365481669455
1.1780972450961724	3.9269908169872414	0.2758993792829433
1.3744467859455345	3.9269908169872414	0.3683092994916848
1.5707963267948966	3.9269908169872414	0.4252150473836285
1.7671458676442586	3.9269908169872414	0.44442976698039804
1.9634954084936207	3.9269908169872414	0.4252150473836285
2.1598449493429825	3.9269908169872414	0.3683092994916849
2.356194490192345	3.9269908169872414	0.2758993792829435
2.552544031041707	3.9269908169872414	0.15153654816694562
2.748893571891069	3.9269908169872414	2.220446049250313E-16
2.945243112740431	3.9269908169872414	-0.17288680065451167
3.141592653589793	3.9269908169872414	-0.3604799110034733
3.3379421944391554	3.9269908169872414	-0.5555702330196018
3.5342917352885173	3.9269908169872414	-0.7506605550357304
3.730641276137879	3.9269908169872414	-0.9382536653846911
3.9269908169872414	3.9269908169872414	-1.111140466039204
4.123340357836604	3.9269908169872414	-1.2626770142061494
4.319689898685965	3.9269908169872414	-1.3870398453221466
4.516039439535327	3.9269908169872414	-1.4794497655308885
4.71238898038469	3.9269908169872414	-1.5363555134228322
4.908738521234052	3.9269908169872414	-1.555570233019602
5.105088062083414	3.9269908169872414	-1.5363555134228324
5.301437602932776	3.9269908169872414	-1.479449765530889
5.497787143782138	3.9269908169872414	-1.3870398453221475
5.6941366846315	3.9269908169872414	-1.2626770142061496
5.890486225480862	3.9269908169872414	-1.1111404660392048
6.086835766330224	3.9269908169872414	-0.9382536653846923
6.283185307179586	3.9269908169872414	-0.7506605550357307

0.0	4.123340357836604	-0.9021971032026757
0.19634954084936207	4.123340357836604	-0.7071067811865475
0.39269908169872414	4.123340357836604	-0.5120164591704193
0.5890486225480862	4.123340357836604	-0.3244233488214577
0.7853981633974483	4.123340357836604	-0.15153654816694528
0.9817477042468103	4.123340357836604	0.0
1.1780972450961724	4.123340357836604	0.12436283111599777
1.3744467859455345	4.123340357836604	0.21677275132473928
1.5707963267948966	4.123340357836604	0.27367849921668297
1.7671458676442586	4.123340357836604	0.29289321881345254
1.9634954084936207	4.123340357836604	0.27367849921668297
2.1598449493429825	4.123340357836604	0.2167727513247394
2.356194490192345	4.123340357836604	0.124362831115998
2.552544031041707	4.123340357836604	1.1102230246251565E-16
2.748893571891069	4.123340357836604	-0.15153654816694528
2.945243112740431	4.123340357836604	-0.3244233488214572
3.141592653589793	4.123340357836604	-0.5120164591704188
3.3379421944391554	4.123340357836604	-0.7071067811865474
3.5342917352885173	4.123340357836604	-0.9021971032026759
3.730641276137879	4.123340357836604	-1.0897902135516366
3.9269908169872414	4.123340357836604	-1.2626770142061494
4.123340357836604	4.123340357836604	-1.414213562373095
4.319689898685965	4.123340357836604	-1.5385763934890924
4.516039439535327	4.123340357836604	-1.630986313697834
4.71238898038469	4.123340357836604	-1.687892061589778
4.908738521234052	4.123340357836604	-1.7071067811865475
5.105088062083414	4.123340357836604	-1.687892061589778
5.301437602932776	4.123340357836604	-1.6309863136978344
5.497787143782138	4.123340357836604	-1.5385763934890928
5.6941366846315	4.123340357836604	-1.4142135623730951
5.890486225480862	4.123340357836604	-1.2626770142061505
6.086835766330224	4.123340357836604	-1.089790213551638
6.283185307179586	4.123340357836604	-0.9021971032026762

0.0	4.319689898685965	-1.026559934318673
0.19634954084936207	4.319689898685965	-0.8314696123025448
0.39269908169872414	4.319689898685965	-0.6363792902864165
0.5890486225480862	4.319689898685965	-0.448786179937455
0.7853981633974483	4.319689898685965	-0.2758993792829426
0.9817477042468103	4.319689898685965	-0.12436283111599733
1.1780972450961724	4.319689898685965	4.440892098500626E-16
1.3744467859455345	4.319689898685965	0.09240992020874195
1.5707963267948966	4.319689898685965	0.14931566810068564
1.7671458676442586	4.319689898685965	0.1685303876974552
1.9634954084936207	4.319689898685965	0.14931566810068564
2.1598449493429825	4.319689898685965	0.09240992020874206
2.356194490192345	4.319689898685965	6.661338147750939E-16
2.552544031041707	4.319689898685965	-0.12436283111599722
2.748893571891069	4.319689898685965	-0.2758993792829426
2.945243112740431	4.319689898685965	-0.4487861799374545
3.141592653589793	4.319689898685965	-0.6363792902864162
3.3379421944391554	4.319689898685965	-0.8314696123025447
3.5342917352885173	4.319689898685965	-1.026559934318673
3.730641276137879	4.319689898685965	-1.214153044667634
3.9269908169872414	4.319689898685965	-1.3870398453221466
4.123340357836604	4.319689898685965	-1.5385763934890924
4.319689898685965	4.319689898685965	-1.6629392246050896
4.516039439535327	4.319689898685965	-1.7553491448138314
4.71238898038469	4.319689898685965	-1.8122548927057751
4.908738521234052	4.319689898685965	-1.831469612302545
5.105088062083414	4.319689898685965	-1.8122548927057753
5.301437602932776	4.319689898685965	-1.7553491448138319
5.497787143782138	4.319689898685965	-1.6629392246050902
5.6941366846315	4.319689898685965	-1.5385763934890924
5.890486225480862	4.319689898685965	-1.3870398453221477
6.086835766330224	4.319689898685965	-1.2141530446676352
6.283185307179586	4.319689898685965	-1.0265599343186735

0.0	4.516039439535327	-1.1189698545274147
0.19634954084936207	4.516039439535327	-0.9238795325112865
0.39269908169872414	4.516039439535327	-0.7287892104951583
0.5890486225480862	4.516039439535327	-0.5411961001461967
0.7853981633974483	4.516039439535327	-0.36830929949168434
0.9817477042468103	4.516039439535327	-0.21677275132473905
1.1780972450961724	4.516039439535327	-0.09240992020874128
1.3744467859455345	4.516039439535327	2.220446049250313E-16
1.5707963267948966	4.516039439535327	0.056905747891943914
1.7671458676442586	4.516039439535327	0.07612046748871348
1.9634954084936207	4.516039439535327	0.056905747891943914
2.1598449493429825	4.516039439535327	3.3306690738754696E-16
2.356194490192345	4.516039439535327	-0.09240992020874106
2.552544031041707	4.516039439535327	-0.21677275132473894
2.748893571891069	4.516039439535327	-0.36830929949168434
2.945243112740431	4.516039439535327	-0.5411961001461962
3.141592653589793	4.516039439535327	-0.7287892104951579
3.3379421944391554	4.516039439535327	-0.9238795325112864
3.5342917352885173	4.516039439535327	-1.118969854527415
3.730641276137879	4.516039439535327	-1.3065629648763757
3.9269908169872414	4.516039439535327	-1.4794497655308885
4.123340357836604	4.516039439535327	-1.630986313697834
4.319689898685965	4.516039439535327	-1.7553491448138314
4.516039439535327	4.516039439535327	-1.847759065022573
4.71238898038469	4.516039439535327	-1.904664812914517
4.908738521234052	4.516039439535327	-1.9238795325112865
5.105088062083414	4.516039439535327	-1.904664812914517
5.301437602932776	4.516039439535327	-1.8477590650225735
5.497787143782138	4.516039439535327	-1.7553491448138319
5.6941366846315	4.516039439535327	-1.6309863136978342
5.890486225480862	4.516039439535327	-1.4794497655308896
6.086835766330224	4.516039439535327	-1.306562964876377
6.283185307179586	4.516039439535327	-1.1189698545274152

0.0	4.71238898038469	-1.1758756024193586
0.19634954084936207	4.71238898038469	-0.9807852804032303
0.39269908169872414	4.71238898038469	-0.785694958387102
0.5890486225480862	4.71238898038469	-0.5981018480381406
0.7853981633974483	4.71238898038469	-0.42521504738362814
0.9817477042468103	4.71238898038469	-0.27367849921668286
1.1780972450961724	4.71238898038469	-0.14931566810068508
1.3744467859455345	4.71238898038469	-0.05690574789194358
1.5707963267948966	4.71238898038469	1.1102230246251565E-16
1.7671458676442586	4.71238898038469	0.01921471959676968
1.9634954084936207	4.71238898038469	1.1102230246251565E-16
2.1598449493429825	4.71238898038469	-0.05690574789194347
2.356194490192345	4.71238898038469	-0.14931566810068486
2.552544031041707	4.71238898038469	-0.27367849921668275
2.748893571891069	4.71238898038469	-0.42521504738362814
2.945243112740431	4.71238898038469	-0.59810184803814
3.141592653589793	4.71238898038469	-0.7856949583871017
3.3379421944391554	4.71238898038469	-0.9807852804032302
3.5342917352885173	4.71238898038469	-1.1758756024193586
3.730641276137879	4.71238898038469	-1.3634687127683196
3.9269908169872414	4.71238898038469	-1.5363555134228322
4.123340357836604	4.71238898038469	-1.687892061589778
4.319689898685965	4.71238898038469	-1.8122548927057751
4.516039439535327	4.71238898038469	-1.904664812914517
4.71238898038469	4.71238898038469	-1.9615705608064606
4.908738521234052	4.71238898038469	-1.9807852804032304
5.105088062083414	4.71238898038469	-1.9615705608064609
5.301437602932776	4.71238898038469	-1.9046648129145174
5.497787143782138	4.71238898038469	-1.8122548927057758
5.6941366846315	4.71238898038469	-1.687892061589778
5.890486225480862	4.71238898038469	-1.5363555134228333
6.086835766330224	4.71238898038469	-1.3634687127683207
6.283185307179586	4.71238898038469	-1.175875602419359

0.0	4.908738521234052	-1.1950903220161282
0.19634954084936207	4.908738521234052	-1.0
0.39269908169872414	4.908738521234052	-0.8049096779838718
0.5890486225480862	4.908738521234052	-0.6173165676349102
0.7853981633974483	4.908738521234052	-0.4444297669803978
0.9817477042468103	4.908738521234052	-0.29289321881345254
1.1780972450961724	4.908738521234052	-0.16853038769745476
1.3744467859455345	4.908738521234052	-0.07612046748871326
1.5707963267948966	4.908738521234052	-0.01921471959676957
1.7671458676442586	4.908738521234052	0.0
1.9634954084936207	4.908738521234052	-0.01921471959676957
2.1598449493429825	4.908738521234052	-0.07612046748871315
2.356194490192345	4.908738521234052	-0.16853038769745454
2.552544031041707	4.908738521234052	-0.2928932188134524
2.748893571891069	4.908738521234052	-0.4444297669803978
2.945243112740431	4.908738521234052	-0.6173165676349097
3.141592653589793	4.908738521234052	-0.8049096779838714
3.3379421944391554	4.908738521234052	-0.9999999999999999
3.5342917352885173	4.908738521234052	-1.1950903220161284
3.730641276137879	4.908738521234052	-1.3826834323650892
3.9269908169872414	4.908738521234052	-1.555570233019602
4.123340357836604	4.908738521234052	-1.7071067811865475
4.319689898685965	4.908738521234052	-1.831469612302545
4.516039439535327	4.908738521234052	-1.9238795325112865
4.71238898038469	4.908738521234052	-1.9807852804032304
4.908738521234052	4.908738521234052	-2.0
5.105088062083414	4.908738521234052	-1.9807852804032304
5.301437602932776	4.908738521234052	-1.923879532511287
5.497787143782138	4.908738521234052	-1.8314696123025453
5.6941366846315	4.908738521234052	-1.7071067811865477
5.890486225480862	4.908738521234052	-1.555570233019603
6.086835766330224	4.908738521234052	-1.3826834323650905
6.283185307179586	4.908738521234052	-1.1950903220161286

0.0	5.105088062083414	-1.1758756024193586
0.19634954084936207	5.105088062083414	-0.9807852804032304
0.39269908169872414	5.105088062083414	-0.7856949583871022
0.5890486225480862	5.105088062083414	-0.5981018480381406
0.7853981633974483	5.105088062083414	-0.42521504738362825
0.9817477042468103	5.105088062083414	-0.27367849921668297
1.1780972450961724	5.105088062083414	-0.1493156681006852
1.3744467859455345	5.105088062083414	-0.05690574789194369
1.5707963267948966	5.105088062083414	0.0
1.7671458676442586	5.105088062083414	0.01921471959676957
1.9634954084936207	5.105088062083414	0.0
2.1598449493429825	5.105088062083414	-0.05690574789194358
2.356194490192345	5.105088062083414	-0.14931566810068497
2.552544031041707	5.105088062083414	-0.27367849921668286
2.748893571891069	5.105088062083414	-0.42521504738362825
2.945243112740431	5.105088062083414	-0.5981018480381401
3.141592653589793	5.105088062083414	-0.7856949583871018
3.3379421944391554	5.105088062083414	-0.9807852804032303
3.5342917352885173	5.105088062083414	-1.1758756024193588
3.730641276137879	5.105088062083414	-1.3634687127683196
3.9269908169872414	5.105088062083414	-1.5363555134228324
4.123340357836604	5.105088062083414	-1.687892061589778
4.319689898685965	5.105088062083414	-1.8122548927057753
4.516039439535327	5.105088062083414	-1.904664812914517
4.71238898038469	5.105088062083414	-1.9615705608064609
4.908738521234052	5.105088062083414	-1.9807852804032304
5.105088062083414	5.105088062083414	-1.9615705608064609
5.301437602932776	5.105088062083414	-1.9046648129145174
5.497787143782138	5.105088062083414	-1.8122548927057758
5.6941366846315	5.105088062083414	-1.6878920615897781
5.890486225480862	5.105088062083414	-1.5363555134228335
6.086835766330224	5.105088062083414	-1.363468712768321
6.283185307179586	5.105088062083414	-1.175875602419359

0.0	5.301437602932776	-1.1189698545274152
0.19634954084936207	5.301437602932776	-0.923879532511287
0.39269908169872414	5.301437602932776	-0.7287892104951588
0.5890486225480862	5.301437602932776	-0.5411961001461971
0.7853981633974483	5.301437602932776	-0.3683092994916848
0.9817477042468103	5.301437602932776	-0.2167727513247395
1.1780972450961724	5.301437602932776	-0.09240992020874172
1.3744467859455345	5.301437602932776	-2.220446049250313E-16
1.5707963267948966	5.301437602932776	0.05690574789194347
1.7671458676442586	5.301437602932776	0.07612046748871304
1.9634954084936207	5.301437602932776	0.05690574789194347
2.1598449493429825	5.301437602932776	-1.1102230246251565E-16
2.356194490192345	5.301437602932776	-0.0924099202087415
2.552544031041707	5.301437602932776	-0.2167727513247394
2.748893571891069	5.301437602932776	-0.3683092994916848
2.945243112740431	5.301437602932776	-0.5411961001461967
3.141592653589793	5.301437602932776	-0.7287892104951583
3.3379421944391554	5.301437602932776	-0.9238795325112868
3.5342917352885173	5.301437602932776	-1.1189698545274154
3.730641276137879	5.301437602932776	-1.3065629648763761
3.9269908169872414	5.301437602932776	-1.479449765530889
4.123340357836604	5.301437602932776	-1.6309863136978344
4.319689898685965	5.301437602932776	-1.7553491448138319
4.516039439535327	5.301437602932776	-1.8477590650225735
4.71238898038469	5.301437602932776	-1.9046648129145174
4.908738521234052	5.301437602932776	-1.923879532511287
5.105088062083414	5.301437602932776	-1.9046648129145174
5.301437602932776	5.301437602932776	-1.847759065022574
5.497787143782138	5.301437602932776	-1.7553491448138323
5.6941366846315	5.301437602932776	-1.6309863136978346
5.890486225480862	5.301437602932776	-1.47944976553089
6.086835766330224	5.301437602932776	-1.3065629648763775
6.283185307179586	5.301437602932776	-1.1189698545274156

0.0	5.497787143782138	-1.0265599343186738
0.19634954084936207	5.497787143782138	-0.8314696123025455
0.39269908169872414	5.497787143782138	-0.6363792902864172
0.5890486225480862	5.497787143782138	-0.4487861799374557
0.7853981633974483	5.497787143782138	-0.2758993792829433
0.9817477042468103	5.497787143782138	-0.124362831115998
1.1780972450961724	5.497787143782138	-2.220446049250313E-16
1.3744467859455345	5.497787143782138	0.09240992020874128
1.5707963267948966	5.497787143782138	0.14931566810068497
1.7671458676442586	5.497787143782138	0.16853038769745454
1.9634954084936207	5.497787143782138	0.14931566810068497
2.1598449493429825	5.497787143782138	0.09240992020874139
2.356194490192345	5.497787143782138	0.0
2.552544031041707	5.497787143782138	-0.12436283111599788
2.748893571891069	5.497787143782138	-0.2758993792829433
2.945243112740431	5.497787143782138	-0.4487861799374552
3.141592653589793	5.497787143782138	-0.6363792902864168
3.3379421944391554	5.497787143782138	-0.8314696123025453
3.5342917352885173	5.497787143782138	-1.0265599343186738
3.730641276137879	5.497787143782138	-1.2141530446676347
3.9269908169872414	5.497787143782138	-1.3870398453221475
4.123340357836604	5.497787143782138	-1.5385763934890928
4.319689898685965	5.497787143782138	-1.6629392246050902
4.516039439535327	5.497787143782138	-1.7553491448138319
4.71238898038469	5.497787143782138	-1.8122548927057758
4.908738521234052	5.497787143782138	-1.8314696123025453
5.105088062083414	5.497787143782138	-1.8122548927057758
5.301437602932776	5.497787143782138	-1.7553491448138323
5.497787143782138	5.497787143782138	-1.662939224605091
5.6941366846315	5.497787143782138	-1.5385763934890933
5.890486225480862	5.497787143782138	-1.3870398453221484
6.086835766330224	5.497787143782138	-1.2141530446676359
6.283185307179586	5.497787143782138	-1.0265599343186742

0.0	5.6941366846315	-0.9021971032026759
0.19634954084936207	5.6941366846315	-0.7071067811865477
0.39269908169872414	5.6941366846315	-0.5120164591704195
0.5890486225480862	5.6941366846315	-0.3244233488214579
0.7853981633974483	5.6941366846315	-0.1515365481669455
0.9817477042468103	5.6941366846315	-2.220446049250313E-16
1.1780972450961724	5.6941366846315	0.12436283111599755
1.3744467859455345	5.6941366846315	0.21677275132473905
1.5707963267948966	5.6941366846315	0.27367849921668275
1.7671458676442586	5.6941366846315	0.2928932188134523
1.9634954084936207	5.6941366846315	0.27367849921668275
2.1598449493429825	5.6941366846315	0.21677275132473917
2.356194490192345	5.6941366846315	0.12436283111599777
2.552544031041707	5.6941366846315	-1.1102230246251565E-16
2.748893571891069	5.6941366846315	-0.1515365481669455
2.945243112740431	5.6941366846315	-0.3244233488214574
3.141592653589793	5.6941366846315	-0.512016459170419
3.3379421944391554	5.6941366846315	-0.7071067811865476
3.5342917352885173	5.6941366846315	-0.9021971032026761
3.730641276137879	5.6941366846315	-1.0897902135516369
3.9269908169872414	5.6941366846315	-1.2626770142061496
4.123340357836604	5.6941366846315	-1.4142135623730951
4.319689898685965	5.6941366846315	-1.5385763934890924
4.516039439535327	5.6941366846315	-1.6309863136978342
4.71238898038469	5.6941366846315	-1.687892061589778
4.908738521234052	5.6941366846315	-1.7071067811865477
5.105088062083414	5.6941366846315	-1.6878920615897781
5.301437602932776	5.6941366846315	-1.6309863136978346
5.497787143782138	5.6941366846315	-1.5385763934890933
5.6941366846315	5.6941366846315	-1.4142135623730954
5.890486225480862	5.6941366846315	-1.2626770142061505
6.086835766330224	5.6941366846315	-1.089790213551638
6.283185307179586	5.6941366846315	-0.9021971032026764

0.0	5.890486225480862	-0.7506605550357313
0.19634954084936207	5.890486225480862	-0.555570233019603
0.39269908169872414	5.890486225480862	-0.3604799110034747
0.5890486225480862	5.890486225480862	-0.17288680065451317
0.7853981633974483	5.890486225480862	-7.771561172376096E-16
0.9817477042468103	5.890486225480862	0.1515365481669445
1.1780972450961724	5.890486225480862	0.2758993792829423
1.3744467859455345	5.890486225480862	0.3683092994916838
1.5707963267948966	5.890486225480862	0.4252150473836275
1.7671458676442586	5.890486225480862	0.44442976698039705
1.9634954084936207	5.890486225480862	0.4252150473836275
2.1598449493429825	5.890486225480862	0.3683092994916839
2.356194490192345	5.890486225480862	0.2758993792829425
2.552544031041707	5.890486225480862	0.15153654816694462
2.748893571891069	5.890486225480862	-7.771561172376096E-16
2.945243112740431	5.890486225480862	-0.17288680065451267
3.141592653589793	5.890486225480862	-0.3604799110034743
3.3379421944391554	5.890486225480862	-0.5555702330196028
3.5342917352885173	5.890486225480862	-0.7506605550357313
3.730641276137879	5.890486225480862	-0.9382536653846922
3.9269908169872414	5.890486225480862	-1.1111404660392048
4.123340357836604	5.890486225480862	-1.2626770142061505
4.319689898685965	5.890486225480862	-1.3870398453221477
4.516039439535327	5.890486225480862	-1.4794497655308896
4.71238898038469	5.890486225480862	-1.5363555134228333
4.908738521234052	5.890486225480862	-1.555570233019603
5.105088062083414	5.890486225480862	-1.5363555134228335
5.301437602932776	5.890486225480862	-1.47944976553089
5.497787143782138	5.890486225480862	-1.3870398453221484
5.6941366846315	5.890486225480862	-1.2626770142061505
5.890486225480862	5.890486225480862	-1.111140466039206
6.086835766330224	5.890486225480862	-0.9382536653846933
6.283185307179586	5.890486225480862	-0.7506605550357317

0.0	6.086835766330224	-0.5777737543812187
0.19634954084936207	6.086835766330224	-0.3826834323650904
0.39269908169872414	6.086835766330224	-0.18759311034896214
0.5890486225480862	6.086835766330224	-6.106226635438361E-16
0.7853981633974483	6.086835766330224	0.17288680065451179
0.9817477042468103	6.086835766330224	0.32442334882145707
1.1780972450961724	6.086835766330224	0.44878617993745484
1.3744467859455345	6.086835766330224	0.5411961001461963
1.5707963267948966	6.086835766330224	0.59810184803814
1.7671458676442586	6.086835766330224	0.6173165676349096
1.9634954084936207	6.086835766330224	0.59810184803814
2.1598449493429825	6.086835766330224	0.5411961001461965
2.356194490192345	6.086835766330224	0.44878617993745507
2.552544031041707	6.086835766330224	0.3244233488214572
2.748893571891069	6.086835766330224	0.17288680065451179
2.945243112740431	6.086835766330224	-1.1102230246251565E-16
3.141592653589793	6.086835766330224	-0.18759311034896178
3.3379421944391554	6.086835766330224	-0.3826834323650903
3.5342917352885173	6.086835766330224	-0.5777737543812187
3.730641276137879	6.086835766330224	-0.7653668647301797
3.9269908169872414	6.086835766330224	-0.9382536653846923
4.123340357836604	6.086835766330224	-1.089790213551638
4.319689898685965	6.086835766330224	-1.2141530446676352
4.516039439535327	6.086835766330224	-1.306562964876377
4.71238898038469	6.086835766330224	-1.3634687127683207
4.908738521234052	6.086835766330224	-1.3826834323650905
5.105088062083414	6.086835766330224	-1.363468712768321
5.301437602932776	6.086835766330224	-1.3065629648763775
5.497787143782138	6.086835766330224	-1.2141530446676359
5.6941366846315	6.086835766330224	-1.089790213551638
5.890486225480862	6.086835766330224	-0.9382536653846933
6.086835766330224	6.086835766330224	-0.7653668647301808
6.283185307179586	6.086835766330224	-0.5777737543812191

0.0	6.283185307179586	-0.39018064403225694
0.19634954084936207	6.283185307179586	-0.19509032201612872
0.39269908169872414	6.283185307179586	-4.718447854656915E-16
0.5890486225480862	6.283185307179586	0.18759311034896106
0.7853981633974483	6.283185307179586	0.36047991100347343
0.9817477042468103	6.283185307179586	0.5120164591704187
1.1780972450961724	6.283185307179586	0.6363792902864165
1.3744467859455345	6.283185307179586	0.728789210495158
1.5707963267948966	6.283185307179586	0.7856949583871017
1.7671458676442586	6.283185307179586	0.8049096779838713
1.9634954084936207	6.283185307179586	0.7856949583871017
2.1598449493429825	6.283185307179586	0.7287892104951581
2.356194490192345	6.283185307179586	0.6363792902864167
2.552544031041707	6.283185307179586	0.5120164591704188
2.748893571891069	6.283185307179586	0.36047991100347343
2.945243112740431	6.283185307179586	0.18759311034896156
3.141592653589793	6.283185307179586	-1.1102230246251565E-16
3.3379421944391554	6.283185307179586	-0.1950903220161286
3.5342917352885173	6.283185307179586	-0.39018064403225705
3.730641276137879	6.283185307179586	-0.5777737543812179
3.9269908169872414	6.283185307179586	-0.7506605550357307
4.123340357836604	6.283185307179586	-0.9021971032026762
4.319689898685965	6.283185307179586	-1.0265599343186735
4.516039439535327	6.283185307179586	-1.1189698545274152
4.71238898038469	6.283185307179586	-1.175875602419359
4.908738521234052	6.283185307179586	-1.1950903220161286
5.105088062083414	6.283185307179586	-1.175875602419359
5.301437602932776	6.283185307179586	-1.1189698545274156
5.497787143782138	6.283185307179586	-1.0265599343186742
5.6941366846315	6.283185307179586	-0.9021971032026764
5.890486225480862	6.283185307179586	-0.7506605550357317
6.086835766330224	6.283185307179586	-0.5777737543812191
6.283185307179586	6.283185307179586	-0.39018064403225744

