0.0	0.0	2.0
0.19634954084936207	0.0	1.9807852804032304
0.39269908169872414	0.0	1.9238795325112865
0.5890486225480862	0.0	1.8314696123025453
0.7853981633974483	0.0	1.7071067811865475
0.9817477042468103	0.0	1.555570233019602
1.1780972450961724	0.0	1.3826834323650896
1.3744467859455345	0.0	1.1950903220161284
1.5707963267948966	0.0	0.9999999999999999
1.7671458676442586	0.0	0.8049096779838714
1.9634954084936207	0.0	0.6173165676349102
2.1598449493429825	0.0	0.4444297669803978
2.356194490192345	0.0	0.2928932188134524
2.552544031041707	0.0	0.16853038769745454
2.748893571891069	0.0	0.07612046748871326
2.945243112740431	0.0	0.01921471959676957
3.141592653589793	0.0	0.0
3.3379421944391554	0.0	0.01921471959676957
3.5342917352885173	0.0	0.07612046748871326
3.730641276137879	0.0	0.16853038769745465
3.9269908169872414	0.0	0.29289321881345254
4.123340357836604	0.0	0.44442976698039793
4.319689898685965	0.0	0.6173165676349098
4.516039439535327	0.0	0.8049096779838716
4.71238898038469	0.0	1.0
4.908738521234052	0.0	1.1950903220161284
5.105088062083414	0.0	1.38268343236509
5.301437602932776	0.0	1.5555702330196022
5.497787143782138	0.0	1.7071067811865475
5.6941366846315	0.0	1.8314696123025453
5.890486225480862	0.0	1.9238795325112865
6.086835766330224	0.0	1.9807852804032304
6.283185307179586	0.0	2.0

0.0	0.19634954084936207	1.9807852804032304
0.19634954084936207	0.19634954084936207	1.9615705608064606
0.39269908169872414	0.19634954084936207	1.904664812914517
0.5890486225480862	0.19634954084936207	1.8122548927057756
0.7853981633974483	0.19634954084936207	1.687892061589778
0.9817477042468103	0.19634954084936207	1.5363555134228322
1.1780972450961724	0.19634954084936207	1.36346871276832
1.3744467859455345	0.19634954084936207	1.1758756024193586
1.5707963267948966	0.19634954084936207	0.9807852804032302
1.7671458676442586	0.19634954084936207	0.7856949583871017
1.9634954084936207	0.19634954084936207	0.5981018480381404
2.1598449493429825	0.19634954084936207	0.42521504738362814
2.356194490192345	0.19634954084936207	0.27367849921668275
2.552544031041707	0.19634954084936207	0.14931566810068486
2.748893571891069	0.19634954084936207	0.05690574789194358
2.945243112740431	0.19634954084936207	-1.1102230246251565E-16
3.141592653589793	0.19634954084936207	-0.01921471959676968
3.3379421944391554	0.19634954084936207	-1.1102230246251565E-16
3.5342917352885173	0.19634954084936207	0.05690574789194358
3.730641276137879	0.19634954084936207	0.14931566810068497
3.9269908169872414	0.19634954084936207	0.27367849921668286
4.123340357836604	0.19634954084936207	0.42521504738362825
4.319689898685965	0.19634954084936207	0.5981018480381401
4.516039439535327	0.19634954084936207	0.7856949583871018
4.71238898038469	0.19634954084936207	0.9807852804032303
4.908738521234052	0.19634954084936207	1.1758756024193588
5.105088062083414	0.19634954084936207	1.3634687127683205
5.301437602932776	0.19634954084936207	1.5363555134228324
5.497787143782138	0.19634954084936207	1.687892061589778
5.6941366846315	0.19634954084936207	1.8122548927057758
5.890486225480862	0.19634954084936207	1.904664812914517
6.086835766330224	0.19634954084936207	1.9615705608064609
6.283185307179586	0.19634954084936207	1.9807852804032304

0.0	0.39269908169872414	1.9238795325112865
0.19634954084936207	0.39269908169872414	1.904664812914517
0.39269908169872414	0.39269908169872414	1.847759065022573
0.5890486225480862	0.39269908169872414	1.7553491448138319
0.7853981633974483	0.39269908169872414	1.630986313697834
0.9817477042468103	0.39269908169872414	1.4794497655308885
1.1780972450961724	0.39269908169872414	1.3065629648763761
1.3744467859455345	0.39269908169872414	1.118969854527415
1.5707963267948966	0.39269908169872414	0.9238795325112864
1.7671458676442586	0.39269908169872414	0.7287892104951579
1.9634954084936207	0.39269908169872414	0.5411961001461967
2.1598449493429825	0.39269908169872414	0.36830929949168434
2.356194490192345	0.39269908169872414	0.21677275132473894
2.552544031041707	0.39269908169872414	0.09240992020874106
2.748893571891069	0.39269908169872414	-2.220446049250313E-16
2.945243112740431	0.39269908169872414	-0.056905747891943914
3.141592653589793	0.39269908169872414	-0.07612046748871348
3.3379421944391554	0.39269908169872414	-0.056905747891943914
3.5342917352885173	0.39269908169872414	-2.220446049250313E-16
3.730641276137879	0.39269908169872414	0.09240992020874117
3.9269908169872414	0.39269908169872414	0.21677275132473905
4.123340357836604	0.39269908169872414	0.36830929949168445
4.319689898685965	0.39269908169872414	0.5411961001461963
4.516039439535327	0.39269908169872414	0.7287892104951581
4.71238898038469	0.39269908169872414	0.9238795325112865
4.908738521234052	0.39269908169872414	1.118969854527415
5.105088062083414	0.39269908169872414	1.3065629648763766
5.301437602932776	0.39269908169872414	1.4794497655308887
5.497787143782138	0.39269908169872414	1.630986313697834
5.6941366846315	0.39269908169872414	1.7553491448138319
5.890486225480862	0.39269908169872414	1.847759065022573
6.086835766330224	0.39269908169872414	1.904664812914517
6.283185307179586	0.39269908169872414	1.9238795325112865

0.0	0.5890486225480862	1.8314696123025453
0.19634954084936207	0.5890486225480862	1.8122548927057756
0.39269908169872414	0.5890486225480862	1.7553491448138319
0.5890486225480862	0.5890486225480862	1.6629392246050905
0.7853981633974483	0.5890486225480862	1.5385763934890928
0.9817477042468103	0.5890486225480862	1.387039845322147
1.1780972450961724	0.5890486225480862	1.214153044667635
1.3744467859455345	0.5890486225480862	1.0265599343186735
1.5707963267948966	0.5890486225480862	0.8314696123025451
1.7671458676442586	0.5890486225480862	0.6363792902864166
1.9634954084936207	0.5890486225480862	0.44878617993745534
2.1598449493429825	0.5890486225480862	0.27589937928294306
2.356194490192345	0.5890486225480862	0.12436283111599766
2.552544031041707	0.5890486225480862	-2.220446049250313E-16
2.748893571891069	0.5890486225480862	-0.0924099202087415
2.945243112740431	0.5890486225480862	-0.1493156681006852
3.141592653589793	0.5890486225480862	-0.16853038769745476
3.3379421944391554	0.5890486225480862	-0.1493156681006852
3.5342917352885173	0.5890486225480862	-0.0924099202087415
3.730641276137879	0.5890486225480862	-1.1102230246251565E-16
3.9269908169872414	0.5890486225480862	0.12436283111599777
4.123340357836604	0.5890486225480862	0.27589937928294317
4.319689898685965	0.5890486225480862	0.44878617993745507
4.516039439535327	0.5890486225480862	0.6363792902864167
4.71238898038469	0.5890486225480862	0.8314696123025452
4.908738521234052	0.5890486225480862	1.0265599343186738
5.105088062083414	0.5890486225480862	1.2141530446676354
5.301437602932776	0.5890486225480862	1.3870398453221473
5.497787143782138	0.5890486225480862	1.5385763934890928
5.6941366846315	0.5890486225480862	1.6629392246050907
5.890486225480862	0.5890486225480862	1.7553491448138319
6.086835766330224	0.5890486225480862	1.8122548927057758
6.283185307179586	0.5890486225480862	1.8314696123025453

0.0	0.7853981633974483	1.7071067811865475
0.19634954084936207	0.7853981633974483	1.687892061589778
0.39269908169872414	0.7853981633974483	1.630986313697834
0.5890486225480862	0.7853981633974483	1.5385763934890928
0.7853981633974483	0.7853981633974483	1.414213562373095
0.9817477042468103	0.7853981633974483	1.2626770142061494
1.1780972450961724	0.7853981633974483	1.089790213551637
1.3744467859455345	0.7853981633974483	0.9021971032026759
1.5707963267948966	0.7853981633974483	0.7071067811865474
1.7671458676442586	0.7853981633974483	0.5120164591704188
1.9634954084936207	0.7853981633974483	0.32442334882145757
2.1598449493429825	0.7853981633974483	0.15153654816694528
2.356194490192345	0.7853981633974483	-1.1102230246251565E-16
2.552544031041707	0.7853981633974483	-0.124362831115998
2.748893571891069	0.7853981633974483	-0.21677275132473928
2.945243112740431	0.7853981633974483	-0.27367849921668297
3.141592653589793	0.7853981633974483	-0.29289321881345254
3.3379421944391554	0.7853981633974483	-0.27367849921668297
3.5342917352885173	0.7853981633974483	-0.21677275132473928
3.730641276137879	0.7853981633974483	-0.12436283111599788
3.9269908169872414	0.7853981633974483	0.0
4.123340357836604	0.7853981633974483	0.1515365481669454
4.319689898685965	0.7853981633974483	0.3244233488214573
4.516039439535327	0.7853981633974483	0.512016459170419
4.71238898038469	0.7853981633974483	0.7071067811865475
4.908738521234052	0.7853981633974483	0.9021971032026759
5.105088062083414	0.7853981633974483	1.0897902135516375
5.301437602932776	0.7853981633974483	1.2626770142061496
5.497787143782138	0.7853981633974483	1.414213562373095
5.6941366846315	0.7853981633974483	1.5385763934890928
5.890486225480862	0.7853981633974483	1.630986313697834
6.086835766330224	0.7853981633974483	1.687892061589778
6.283185307179586	0.7853981633974483	1.7071067811865475

0.0	0.9817477042468103	1.555570233019602
0.19634954084936207	0.9817477042468103	1.5363555134228322
0.39269908169872414	0.9817477042468103	1.4794497655308885
0.5890486225480862	0.9817477042468103	1.387039845322147
0.7853981633974483	0.9817477042468103	1.2626770142061494
0.9817477042468103	0.9817477042468103	1.111140466039204
1.1780972450961724	0.9817477042468103	0.9382536653846916
1.3744467859455345	0.9817477042468103	0.7506605550357304
1.5707963267948966	0.9817477042468103	0.5555702330196018
1.7671458676442586	0.9817477042468103	0.3604799110034733
1.9634954084936207	0.9817477042468103	0.17288680065451206
2.1598449493429825	0.9817477042468103	-2.220446049250313E-16
2.356194490192345	0.9817477042468103	-0.15153654816694562
2.552544031041707	0.9817477042468103	-0.2758993792829435
2.748893571891069	0.9817477042468103	-0.3683092994916848
2.945243112740431	0.9817477042468103	-0.4252150473836285
3.141592653589793	0.9817477042468103	-0.44442976698039804
3.3379421944391554	0.9817477042468103	-0.4252150473836285
3.5342917352885173	0.9817477042468103	-0.3683092994916848
3.730641276137879	0.9817477042468103	-0.2758993792829434
3.9269908169872414	0.9817477042468103	-0.1515365481669455
4.123340357836604	0.9817477042468103	-1.1102230246251565E-16
4.319689898685965	0.9817477042468103	0.17288680065451179
4.516039439535327	0.9817477042468103	0.3604799110034735
4.71238898038469	0.9817477042468103	0.555570233019602
4.908738521234052	0.9817477042468103	0.7506605550357304
5.105088062083414	0.9817477042468103	0.9382536653846921
5.301437602932776	0.9817477042468103	1.111140466039204
5.497787143782138	0.9817477042468103	1.2626770142061494
5.6941366846315	0.9817477042468103	1.3870398453221473
5.890486225480862	0.9817477042468103	1.4794497655308885
6.086835766330224	0.9817477042468103	1.5363555134228324
6.283185307179586	0.9817477042468103	1.555570233019602

0.0	1.1780972450961724	1.3826834323650896
0.19634954084936207	1.1780972450961724	1.36346871276832
0.39269908169872414	1.1780972450961724	1.3065629648763761
0.5890486225480862	1.1780972450961724	1.214153044667635
0.7853981633974483	1.1780972450961724	1.089790213551637
0.9817477042468103	1.1780972450961724	0.9382536653846916
1.1780972450961724	1.1780972450961724	0.7653668647301793
1.3744467859455345	1.1780972450961724	0.577773754381218
1.5707963267948966	1.1780972450961724	0.38268343236508956
1.7671458676442586	1.1780972450961724	0.18759311034896106
1.9634954084936207	1.1780972450961724	-2.220446049250313E-16
2.1598449493429825	1.1780972450961724	-0.1728868006545125
2.356194490192345	1.1780972450961724	-0.3244233488214579
2.552544031041707	1.1780972450961724	-0.4487861799374558
2.748893571891069	1.1780972450961724	-0.5411961001461971
2.945243112740431	1.1780972450961724	-0.5981018480381408
3.141592653589793	1.1780972450961724	-0.6173165676349104
3.3379421944391554	1.1780972450961724	-0.5981018480381408
3.5342917352885173	1.1780972450961724	-0.5411961001461971
3.730641276137879	1.1780972450961724	-0.4487861799374557
3.9269908169872414	1.1780972450961724	-0.3244233488214578
4.123340357836604	1.1780972450961724	-0.1728868006545124
4.319689898685965	1.1780972450961724	-4.996003610813204E-16
4.516039439535327	1.1780972450961724	0.1875931103489612
4.71238898038469	1.1780972450961724	0.38268343236508967
4.908738521234052	1.1780972450961724	0.5777737543812181
5.105088062083414	1.1780972450961724	0.7653668647301799
5.301437602932776	1.1780972450961724	0.9382536653846918
5.497787143782138	1.1780972450961724	1.089790213551637
5.6941366846315	1.1780972450961724	1.214153044667635
5.890486225480862	1.1780972450961724	1.3065629648763761
6.086835766330224	1.1780972450961724	1.36346871276832
6.283185307179586	1.1780972450961724	1.3826834323650896

0.0	1.3744467859455345	1.1950903220161284
0.19634954084936207	1.3744467859455345	1.1758756024193586
0.39269908169872414	1.3744467859455345	1.118969854527415
0.5890486225480862	1.3744467859455345	1.0265599343186735
0.7853981633974483	1.3744467859455345	0.9021971032026759
0.9817477042468103	1.3744467859455345	0.7506605550357304
1.1780972450961724	1.3744467859455345	0.577773754381218
1.3744467859455345	1.3744467859455345	0.3901806440322567
1.5707963267948966	1.3744467859455345	0.19509032201612825
1.7671458676442586	1.3744467859455345	-2.498001805406602E-16
1.9634954084936207	1.3744467859455345	-0.18759311034896153
2.1598449493429825	1.3744467859455345	-0.3604799110034738
2.356194490192345	1.3744467859455345	-0.5120164591704193
2.552544031041707	1.3744467859455345	-0.6363792902864172
2.748893571891069	1.3744467859455345	-0.7287892104951583
2.945243112740431	1.3744467859455345	-0.785694958387102
3.141592653589793	1.3744467859455345	-0.8049096779838716
3.3379421944391554	1.3744467859455345	-0.785694958387102
3.5342917352885173	1.3744467859455345	-0.7287892104951583
3.730641276137879	1.3744467859455345	-0.6363792902864169
3.9269908169872414	1.3744467859455345	-0.512016459170419
4.123340357836604	1.3744467859455345	-0.3604799110034737
4.319689898685965	1.3744467859455345	-0.1875931103489618
4.516039439535327	1.3744467859455345	-1.1102230246251565E-16
4.71238898038469	1.3744467859455345	0.19509032201612836
4.908738521234052	1.3744467859455345	0.39018064403225683
5.105088062083414	1.3744467859455345	0.5777737543812185
5.301437602932776	1.3744467859455345	0.7506605550357304
5.497787143782138	1.3744467859455345	0.9021971032026759
5.6941366846315	1.3744467859455345	1.0265599343186738
5.890486225480862	1.3744467859455345	1.118969854527415
6.086835766330224	1.3744467859455345	1.1758756024193588
6.283185307179586	1.3744467859455345	1.1950903220161284

0.0	1.5707963267948966	0.9999999999999999
0.19634954084936207	1.5707963267948966	0.9807852804032302
0.39269908169872414	1.5707963267948966	0.9238795325112864
0.5890486225480862	1.5707963267948966	0.8314696123025451
0.7853981633974483	1.5707963267948966	0.7071067811865474
0.9817477042468103	1.5707963267948966	0.5555702330196018
1.1780972450961724	1.5707963267948966	0.38268343236508956
1.3744467859455345	1.5707963267948966	0.19509032201612825
1.5707963267948966	1.5707963267948966	-2.4492935982947064E-16
1.7671458676442586	1.5707963267948966	-0.19509032201612872
1.9634954084936207	1.5707963267948966	-0.38268343236509
2.1598449493429825	1.5707963267948966	-0.5555702330196023
2.356194490192345	1.5707963267948966	-0.7071067811865477
2.552544031041707	1.5707963267948966	-0.8314696123025456
2.748893571891069	1.5707963267948966	-0.9238795325112868
2.945243112740431	1.5707963267948966	-0.9807852804032305
3.141592653589793	1.5707963267948966	-1.0000000000000002
3.3379421944391554	1.5707963267948966	-0.9807852804032305
3.5342917352885173	1.5707963267948966	-0.9238795325112868
3.730641276137879	1.5707963267948966	-0.8314696123025455
3.9269908169872414	1.5707963267948966	-0.7071067811865476
4.123340357836604	1.5707963267948966	-0.5555702330196022
4.319689898685965	1.5707963267948966	-0.3826834323650903
4.516039439535327	1.5707963267948966	-0.19509032201612858
4.71238898038469	1.5707963267948966	-1.2246467991473532E-16
4.908738521234052	1.5707963267948966	0.19509032201612836
5.105088062083414	1.5707963267948966	0.38268343236509006
5.301437602932776	1.5707963267948966	0.555570233019602
5.497787143782138	1.5707963267948966	0.7071067811865474
5.6941366846315	1.5707963267948966	0.8314696123025452
5.890486225480862	1.5707963267948966	0.9238795325112864
6.086835766330224	1.5707963267948966	0.9807852804032303
6.283185307179586	1.5707963267948966	0.9999999999999999

0.0	1.7671458676442586	0.8049096779838714
0.19634954084936207	1.7671458676442586	0.7856949583871017
0.39269908169872414	1.7671458676442586	0.7287892104951579
0.5890486225480862	1.7671458676442586	0.6363792902864166
0.7853981633974483	1.7671458676442586	0.5120164591704188
0.9817477042468103	1.7671458676442586	0.3604799110034733
1.1780972450961724	1.7671458676442586	0.18759311034896106
1.3744467859455345	1.7671458676442586	-2.498001805406602E-16
1.5707963267948966	1.7671458676442586	-0.19509032201612872
1.7671458676442586	1.7671458676442586	-0.3901806440322572
1.9634954084936207	1.7671458676442586	-0.5777737543812185
2.1598449493429825	1.7671458676442586	-0.7506605550357308
2.356194490192345	1.7671458676442586	-0.9021971032026762
2.552544031041707	1.7671458676442586	-1.026559934318674
2.748893571891069	1.7671458676442586	-1.1189698545274154
2.945243112740431	1.7671458676442586	-1.175875602419359
3.141592653589793	1.7671458676442586	-1.1950903220161286
3.3379421944391554	1.7671458676442586	-1.175875602419359
3.5342917352885173	1.7671458676442586	-1.1189698545274154
3.730641276137879	1.7671458676442586	-1.026559934318674
3.9269908169872414	1.7671458676442586	-0.9021971032026761
4.123340357836604	1.7671458676442586	-0.7506605550357307
4.319689898685965	1.7671458676442586	-0.5777737543812188
4.516039439535327	1.7671458676442586	-0.39018064403225705
4.71238898038469	1.7671458676442586	-0.1950903220161286
4.908738521234052	1.7671458676442586	-1.3877787807814457E-16
5.105088062083414	1.7671458676442586	0.18759311034896156
5.301437602932776	1.7671458676442586	0.36047991100347343
5.497787143782138	1.7671458676442586	0.5120164591704188
5.6941366846315	1.7671458676442586	0.6363792902864167
5.890486225480862	1.7671458676442586	0.7287892104951579
6.086835766330224	1.7671458676442586	0.7856949583871018
6.283185307179586	1.7671458676442586	0.8049096779838714

0.0	1.9634954084936207	0.6173165676349102
0.19634954084936207	1.9634954084936207	0.5981018480381404
0.39269908169872414	1.9634954084936207	0.5411961001461967
0.5890486225480862	1.9634954084936207	0.44878617993745534
0.7853981633974483	1.9634954084936207	0.32442334882145757
0.9817477042468103	1.9634954084936207	0.17288680065451206
1.1780972450961724	1.9634954084936207	-2.220446049250313E-16
1.3744467859455345	1.9634954084936207	-0.18759311034896153
1.5707963267948966	1.9634954084936207	-0.38268343236509
1.7671458676442586	1.9634954084936207	-0.5777737543812185
1.9634954084936207	1.9634954084936207	-0.7653668647301798
2.1598449493429825	1.9634954084936207	-0.938253665384692
2.356194490192345	1.9634954084936207	-1.0897902135516375
2.552544031041707	1.9634954084936207	-1.2141530446676354
2.748893571891069	1.9634954084936207	-1.3065629648763766
2.945243112740431	1.9634954084936207	-1.3634687127683203
3.141592653589793	1.9634954084936207	-1.3826834323650898
3.3379421944391554	1.9634954084936207	-1.3634687127683203
3.5342917352885173	1.9634954084936207	-1.3065629648763766
3.730641276137879	1.9634954084936207	-1.2141530446676352
3.9269908169872414	1.9634954084936207	-1.0897902135516373
4.123340357836604	1.9634954084936207	-0.938253665384692
4.319689898685965	1.9634954084936207	-0.7653668647301801
4.516039439535327	1.9634954084936207	-0.5777737543812184
4.71238898038469	1.9634954084936207	-0.3826834323650899
4.908738521234052	1.9634954084936207	-0.18759311034896142
5.105088062083414	1.9634954084936207	2.7755575615628914E-16
5.301437602932776	1.9634954084936207	0.17288680065451217
5.497787143782138	1.9634954084936207	0.32442334882145757
5.6941366846315	1.9634954084936207	0.44878617993745545
5.890486225480862	1.9634954084936207	0.5411961001461967
6.086835766330224	1.9634954084936207	0.5981018480381406
6.283185307179586	1.9634954084936207	0.6173165676349102

0.0	2.1598449493429825	0.4444297669803978
0.19634954084936207	2.1598449493429825	0.42521504738362814
0.39269908169872414	2.1598449493429825	0.36830929949168434
0.5890486225480862	2.1598449493429825	0.27589937928294306
0.7853981633974483	2.1598449493429825	0.15153654816694528
0.9817477042468103	2.1598449493429825	-2.220446049250313E-16
1.1780972450961724	2.1598449493429825	-0.1728868006545125
1.3744467859455345	2.1598449493429825	-0.3604799110034738
1.5707963267948966	2.1598449493429825	-0.5555702330196023
1.7671458676442586	2.1598449493429825	-0.7506605550357308
1.9634954084936207	2.1598449493429825	-0.938253665384692
2.1598449493429825	2.1598449493429825	-1.1111404660392044
2.356194490192345	2.1598449493429825	-1.2626770142061496
2.552544031041707	2.1598449493429825	-1.3870398453221475
2.748893571891069	2.1598449493429825	-1.479449765530889
2.945243112740431	2.1598449493429825	-1.5363555134228326
3.141592653589793	2.1598449493429825	-1.5555702330196022
3.3379421944391554	2.1598449493429825	-1.5363555134228326
3.5342917352885173	2.1598449493429825	-1.479449765530889
3.730641276137879	2.1598449493429825	-1.3870398453221475
3.9269908169872414	2.1598449493429825	-1.2626770142061496
4.123340357836604	2.1598449493429825	-1.1111404660392044
4.319689898685965	2.1598449493429825	-0.9382536653846923
4.516039439535327	2.1598449493429825	-0.7506605550357306
4.71238898038469	2.1598449493429825	-0.5555702330196022
4.908738521234052	2.1598449493429825	-0.3604799110034737
5.105088062083414	2.1598449493429825	-0.172886800654512
5.301437602932776	2.1598449493429825	-1.1102230246251565E-16
5.497787143782138	2.1598449493429825	0.15153654816694528
5.6941366846315	2.1598449493429825	0.27589937928294317
5.890486225480862	2.1598449493429825	0.36830929949168434
6.086835766330224	2.1598449493429825	0.42521504738362825
6.283185307179586	2.1598449493429825	0.4444297669803978

0.0	2.356194490192345	0.2928932188134524
0.19634954084936207	2.356194490192345	0.27367849921668275
0.39269908169872414	2.356194490192345	0.21677275132473894
0.5890486225480862	2.356194490192345	0.12436283111599766
0.7853981633974483	2.356194490192345	-1.1102230246251565E-16
0.9817477042468103	2.356194490192345	-0.15153654816694562
1.1780972450961724	2.356194490192345	-0.3244233488214579
1.3744467859455345	2.356194490192345	-0.5120164591704193
1.5707963267948966	2.356194490192345	-0.7071067811865477
1.7671458676442586	2.356194490192345	-0.9021971032026762
1.9634954084936207	2.356194490192345	-1.0897902135516375
2.1598449493429825	2.356194490192345	-1.2626770142061496
2.356194490192345	2.356194490192345	-1.4142135623730951
2.552544031041707	2.356194490192345	-1.538576393489093
2.748893571891069	2.356194490192345	-1.6309863136978344
2.945243112740431	2.356194490192345	-1.687892061589778
3.141592653589793	2.356194490192345	-1.7071067811865475
3.3379421944391554	2.356194490192345	-1.687892061589778
3.5342917352885173	2.356194490192345	-1.6309863136978344
3.730641276137879	2.356194490192345	-1.5385763934890928
3.9269908169872414	2.356194490192345	-1.414213562373095
4.123340357836604	2.356194490192345	-1.2626770142061496
4.319689898685965	2.356194490192345	-1.0897902135516377
4.516039439535327	2.356194490192345	-0.9021971032026761
4.71238898038469	2.356194490192345	-0.7071067811865476
4.908738521234052	2.356194490192345	-0.512016459170419
5.105088062083414	2.356194490192345	-0.3244233488214574
5.301437602932776	2.356194490192345	-0.1515365481669455
5.497787143782138	2.356194490192345	-1.1102230246251565E-16
5.6941366846315	2.356194490192345	0.12436283111599777
5.890486225480862	2.356194490192345	0.21677275132473894
6.086835766330224	2.356194490192345	0.27367849921668286
6.283185307179586	2.356194490192345	0.2928932188134524

0.0	2.552544031041707	0.16853038769745454
0.19634954084936207	2.552544031041707	0.14931566810068486
0.39269908169872414	2.552544031041707	0.09240992020874106
0.5890486225480862	2.552544031041707	-2.220446049250313E-16
0.7853981633974483	2.552544031041707	-0.124362831115998
0.9817477042468103	2.552544031041707	-0.2758993792829435
1.1780972450961724	2.552544031041707	-0.4487861799374558
1.3744467859455345	2.552544031041707	-0.6363792902864172
1.5707963267948966	2.552544031041707	-0.8314696123025456
1.7671458676442586	2.552544031041707	-1.026559934318674
1.9634954084936207	2.552544031041707	-1.2141530446676354
2.1598449493429825	2.552544031041707	-1.3870398453221475
2.356194490192345	2.552544031041707	-1.538576393489093
2.552544031041707	2.552544031041707	-1.662939224605091
2.748893571891069	2.552544031041707	-1.7553491448138323
2.945243112740431	2.552544031041707	-1.8122548927057758
3.141592653589793	2.552544031041707	-1.8314696123025453
3.3379421944391554	2.552544031041707	-1.8122548927057758
3.5342917352885173	2.552544031041707	-1.7553491448138323
3.730641276137879	2.552544031041707	-1.6629392246050907
3.9269908169872414	2.552544031041707	-1.5385763934890928
4.123340357836604	2.552544031041707	-1.3870398453221475
4.319689898685965	2.552544031041707	-1.2141530446676356
4.516039439535327	2.552544031041707	-1.026559934318674
4.71238898038469	2.552544031041707	-0.8314696123025455
4.908738521234052	2.552544031041707	-0.6363792902864169
5.105088062083414	2.552544031041707	-0.4487861799374553
5.301437602932776	2.552544031041707	-0.2758993792829434
5.497787143782138	2.552544031041707	-0.124362831115998
5.6941366846315	2.552544031041707	-1.1102230246251565E-16
5.890486225480862	2.552544031041707	0.09240992020874106
6.086835766330224	2.552544031041707	0.14931566810068497
6.283185307179586	2.552544031041707	0.16853038769745454

0.0	2.748893571891069	0.07612046748871326
0.19634954084936207	2.748893571891069	0.05690574789194358
0.39269908169872414	2.748893571891069	-2.220446049250313E-16
0.5890486225480862	2.748893571891069	-0.0924099202087415
0.7853981633974483	2.748893571891069	-0.21677275132473928
0.9817477042468103	2.748893571891069	-0.3683092994916848
1.1780972450961724	2.748893571891069	-0.5411961001461971
1.3744467859455345	2.748893571891069	-0.7287892104951583
1.5707963267948966	2.748893571891069	-0.9238795325112868
1.7671458676442586	2.748893571891069	-1.1189698545274154
1.9634954084936207	2.748893571891069	-1.3065629648763766
2.1598449493429825	2.748893571891069	-1.479449765530889
2.356194490192345	2.748893571891069	-1.6309863136978344
2.552544031041707	2.748893571891069	-1.7553491448138323
2.748893571891069	2.748893571891069	-1.8477590650225735
2.945243112740431	2.748893571891069	-1.9046648129145172
3.141592653589793	2.748893571891069	-1.9238795325112867
3.3379421944391554	2.748893571891069	-1.9046648129145172
3.5342917352885173	2.748893571891069	-1.8477590650225735
3.730641276137879	2.748893571891069	-1.755349144813832
3.9269908169872414	2.748893571891069	-1.6309863136978342
4.123340357836604	2.748893571891069	-1.4794497655308887
4.319689898685965	2.748893571891069	-1.306562964876377
4.516039439535327	2.748893571891069	-1.1189698545274152
4.71238898038469	2.748893571891069	-0.9238795325112867
4.908738521234052	2.748893571891069	-0.7287892104951583
5.105088062083414	2.748893571891069	-0.5411961001461966
5.301437602932776	2.748893571891069	-0.36830929949168467
5.497787143782138	2.748893571891069	-0.21677275132473928
5.6941366846315	2.748893571891069	-0.09240992020874139
5.890486225480862	2.748893571891069	-2.220446049250313E-16
6.086835766330224	2.748893571891069	0.05690574789194369
6.283185307179586	2.748893571891069	0.07612046748871326

0.0	2.945243112740431	0.01921471959676957
0.19634954084936207	2.945243112740431	-1.1102230246251565E-16
0.39269908169872414	2.945243112740431	-0.056905747891943914
0.5890486225480862	2.945243112740431	-0.1493156681006852
0.7853981633974483	2.945243112740431	-0.27367849921668297
0.9817477042468103	2.945243112740431	-0.4252150473836285
1.1780972450961724	2.945243112740431	-0.5981018480381408
1.3744467859455345	2.945243112740431	-0.785694958387102
1.5707963267948966	2.945243112740431	-0.9807852804032305
1.7671458676442586	2.945243112740431	-1.175875602419359
1.9634954084936207	2.945243112740431	-1.3634687127683203
2.1598449493429825	2.945243112740431	-1.5363555134228326
2.356194490192345	2.945243112740431	-1.687892061589778
2.552544031041707	2.945243112740431	-1.8122548927057758
2.748893571891069	2.945243112740431	-1.9046648129145172
2.945243112740431	2.945243112740431	-1.9615705608064609
3.141592653589793	2.945243112740431	-1.9807852804032304
3.3379421944391554	2.945243112740431	-1.9615705608064609
3.5342917352885173	2.945243112740431	-1.9046648129145172
3.730641276137879	2.945243112740431	-1.8122548927057758
3.9269908169872414	2.945243112740431	-1.687892061589778
4.123340357836604	2.945243112740431	-1.5363555134228326
4.319689898685965	2.945243112740431	-1.3634687127683205
4.516039439535327	2.945243112740431	-1.1758756024193588
4.71238898038469	2.945243112740431	-0.9807852804032304
4.908738521234052	2.945243112740431	-0.785694958387102
5.105088062083414	2.945243112740431	-0.5981018480381403
5.301437602932776	2.945243112740431	-0.42521504738362836
5.497787143782138	2.945243112740431	-0.27367849921668297
5.6941366846315	2.945243112740431	-0.14931566810068508
5.890486225480862	2.945243112740431	-0.056905747891943914
6.086835766330224	2.945243112740431	0.0
6.283185307179586	2.945243112740431	0.01921471959676957

0.0	3.141592653589793	0.0
0.19634954084936207	3.141592653589793	-0.01921471959676968
0.39269908169872414	3.141592653589793	-0.07612046748871348
0.5890486225480862	3.141592653589793	-0.16853038769745476
0.7853981633974483	3.141592653589793	-0.29289321881345254
0.9817477042468103	3.141592653589793	-0.44442976698039804
1.1780972450961724	3.141592653589793	-0.6173165676349104
1.3744467859455345	3.141592653589793	-0.8049096779838716
1.5707963267948966	3.141592653589793	-1.0000000000000002
1.7671458676442586	3.141592653589793	-1.1950903220161286
1.9634954084936207	3.141592653589793	-1.3826834323650898
2.1598449493429825	3.141592653589793	-1.5555702330196022
2.356194490192345	3.141592653589793	-1.7071067811865475
2.552544031041707	3.141592653589793	-1.8314696123025453
2.748893571891069	3.141592653589793	-1.9238795325112867
2.945243112740431	3.141592653589793	-1.9807852804032304
3.141592653589793	3.141592653589793	-2.0
3.3379421944391554	3.141592653589793	-1.9807852804032304
3.5342917352885173	3.141592653589793	-1.9238795325112867
3.730641276137879	3.141592653589793	-1.8314696123025453
3.9269908169872414	3.141592653589793	-1.7071067811865475
4.123340357836604	3.141592653589793	-1.5555702330196022
4.319689898685965	3.141592653589793	-1.38268343236509
4.516039439535327	3.141592653589793	-1.1950903220161284
4.71238898038469	3.141592653589793	-1.0
4.908738521234052	3.141592653589793	-0.8049096779838716
5.105088062083414	3.141592653589793	-0.6173165676349098
5.301437602932776	3.141592653589793	-0.44442976698039793
5.497787143782138	3.141592653589793	-0.29289321881345254
5.6941366846315	3.141592653589793	-0.16853038769745465
5.890486225480862	3.141592653589793	-0.07612046748871348
6.086835766330224	3.141592653589793	-0.01921471959676957
6.283185307179586	3.141592653589793	0.0

0.0	3.3379421944391554	0.01921471959676957
0.19634954084936207	3.3379421944391554	-1.1102230246251565E-16
0.39269908169872414	3.3379421944391554	-0.056905747891943914
0.5890486225480862	3.3379421944391554	-0.1493156681006852
0.7853981633974483	3.3379421944391554	-0.27367849921668297
0.9817477042468103	3.3379421944391554	-0.4252150473836285
1.1780972450961724	3.3379421944391554	-0.5981018480381408
1.3744467859455345	3.3379421944391554	-0.785694958387102
1.5707963267948966	3.3379421944391554	-0.9807852804032305
1.7671458676442586	3.3379421944391554	-1.175875602419359
1.9634954084936207	3.3379421944391554	-1.3634687127683203
2.1598449493429825	3.3379421944391554	-1.5363555134228326
2.356194490192345	3.3379421944391554	-1.687892061589778
2.552544031041707	3.3379421944391554	-1.8122548927057758
2.748893571891069	3.3379421944391554	-1.9046648129145172
2.945243112740431	3.3379421944391554	-1.9615705608064609
3.141592653589793	3.3379421944391554	-1.9807852804032304
3.3379421944391554	3.3379421944391554	-1.9615705608064609
3.5342917352885173	3.3379421944391554	-1.9046648129145172
3.730641276137879	3.3379421944391554	-1.8122548927057758
3.9269908169872414	3.3379421944391554	-1.687892061589778
4.123340357836604	3.3379421944391554	-1.5363555134228326
4.319689898685965	3.3379421944391554	-1.3634687127683205
4.516039439535327	3.3379421944391554	-1.1758756024193588
4.71238898038469	3.3379421944391554	-0.9807852804032304
4.908738521234052	3.3379421944391554	-0.785694958387102
5.105088062083414	3.3379421944391554	-0.5981018480381403
5.301437602932776	3.3379421944391554	-0.42521504738362836
5.497787143782138	3.3379421944391554	-0.27367849921668297
5.6941366846315	3.3379421944391554	-0.14931566810068508
5.890486225480862	3.3379421944391554	-0.056905747891943914
6.086835766330224	3.3379421944391554	0.0
6.283185307179586	3.3379421944391554	0.01921471959676957

0.0	3.5342917352885173	0.07612046748871326
0.19634954084936207	3.5342917352885173	0.05690574789194358
0.39269908169872414	3.5342917352885173	-2.220446049250313E-16
0.5890486225480862	3.5342917352885173	-0.0924099202087415
0.7853981633974483	3.5342917352885173	-0.21677275132473928
0.9817477042468103	3.5342917352885173	-0.3683092994916848
1.1780972450961724	3.5342917352885173	-0.5411961001461971
1.3744467859455345	3.5342917352885173	-0.7287892104951583
1.5707963267948966	3.5342917352885173	-0.9238795325112868
1.7671458676442586	3.5342917352885173	-1.1189698545274154
1.9634954084936207	3.5342917352885173	-1.3065629648763766
2.1598449493429825	3.5342917352885173	-1.479449765530889
2.356194490192345	3.5342917352885173	-1.6309863136978344
2.552544031041707	3.5342917352885173	-1.7553491448138323
2.748893571891069	3.5342917352885173	-1.8477590650225735
2.945243112740431	3.5342917352885173	-1.9046648129145172
3.141592653589793	3.5342917352885173	-1.9238795325112867
3.3379421944391554	3.5342917352885173	-1.9046648129145172
3.5342917352885173	3.5342917352885173	-1.8477590650225735
3.730641276137879	3.5342917352885173	-1.755349144813832
3.9269908169872414	3.5342917352885173	-1.6309863136978342
4.123340357836604	3.5342917352885173	-1.4794497655308887
4.319689898685965	3.5342917352885173	-1.306562964876377
4.516039439535327	3.5342917352885173	-1.1189698545274152
4.71238898038469	3.5342917352885173	-0.9238795325112867
4.908738521234052	3.5342917352885173	-0.7287892104951583
5.105088062083414	3.5342917352885173	-0.5411961001461966
5.301437602932776	3.5342917352885173	-0.36830929949168467
5.497787143782138	3.5342917352885173	-0.21677275132473928
5.6941366846315	3.5342917352885173	-0.09240992020874139
5.890486225480862	3.5342917352885173	-2.220446049250313E-16
6.086835766330224	3.5342917352885173	0.05690574789194369
6.283185307179586	3.5342917352885173	0.07612046748871326

0.0	3.730641276137879	0.16853038769745465
0.19634954084936207	3.730641276137879	0.14931566810068497
0.39269908169872414	3.730641276137879	0.09240992020874117
0.5890486225480862	3.730641276137879	-1.1102230246251565E-16
0.7853981633974483	3.730641276137879	-0.12436283111599788
0.9817477042468103	3.730641276137879	-0.2758993792829434
1.1780972450961724	3.730641276137879	-0.4487861799374557
1.3744467859455345	3.730641276137879	-0.6363792902864169
1.5707963267948966	3.730641276137879	-0.8314696123025455
1.7671458676442586	3.730641276137879	-1.026559934318674
1.9634954084936207	3.730641276137879	-1.2141530446676352
2.1598449493429825	3.730641276137879	-1.3870398453221475
2.356194490192345	3.730641276137879	-1.5385763934890928
2.552544031041707	3.730641276137879	-1.6629392246050907
2.748893571891069	3.730641276137879	-1.755349144813832
2.945243112740431	3.730641276137879	-1.8122548927057758
3.141592653589793	3.730641276137879	-1.8314696123025453
3.3379421944391554	3.730641276137879	-1.8122548927057758
3.5342917352885173	3.730641276137879	-1.755349144813832
3.730641276137879	3.730641276137879	-1.6629392246050907
3.9269908169872414	3.730641276137879	-1.5385763934890928
4.123340357836604	3.730641276137879	-1.3870398453221475
4.319689898685965	3.730641276137879	-1.2141530446676354
4.516039439535327	3.730641276137879	-1.0265599343186738
4.71238898038469	3.730641276137879	-0.8314696123025453
4.908738521234052	3.730641276137879	-0.6363792902864169
5.105088062083414	3.730641276137879	-0.4487861799374552
5.301437602932776	3.730641276137879	-0.2758993792829433
5.497787143782138	3.730641276137879	-0.12436283111599788
5.6941366846315	3.730641276137879	0.0
5.890486225480862	3.730641276137879	0.09240992020874117
6.086835766330224	3.730641276137879	0.14931566810068508
6.283185307179586	3.730641276137879	0.16853038769745465

0.0	3.9269908169872414	0.29289321881345254
0.19634954084936207	3.9269908169872414	0.27367849921668286
0.39269908169872414	3.9269908169872414	0.21677275132473905
0.5890486225480862	3.9269908169872414	0.12436283111599777
0.7853981633974483	3.9269908169872414	0.0
0.9817477042468103	3.9269908169872414	-0.1515365481669455
1.1780972450961724	3.9269908169872414	-0.3244233488214578
1.3744467859455345	3.9269908169872414	-0.512016459170419
1.5707963267948966	3.9269908169872414	-0.7071067811865476
1.7671458676442586	3.9269908169872414	-0.9021971032026761
1.9634954084936207	3.9269908169872414	-1.0897902135516373
2.1598449493429825	3.9269908169872414	-1.2626770142061496
2.356194490192345	3.9269908169872414	-1.414213562373095
2.552544031041707	3.9269908169872414	-1.5385763934890928
2.748893571891069	3.9269908169872414	-1.6309863136978342
2.945243112740431	3.9269908169872414	-1.687892061589778
3.141592653589793	3.9269908169872414	-1.7071067811865475
3.3379421944391554	3.9269908169872414	-1.687892061589778
3.5342917352885173	3.9269908169872414	-1.6309863136978342
3.730641276137879	3.9269908169872414	-1.5385763934890928
3.9269908169872414	3.9269908169872414	-1.414213562373095
4.123340357836604	3.9269908169872414	-1.2626770142061496
4.319689898685965	3.9269908169872414	-1.0897902135516375
4.516039439535327	3.9269908169872414	-0.9021971032026759
4.71238898038469	3.9269908169872414	-0.7071067811865475
4.908738521234052	3.9269908169872414	-0.512016459170419
5.105088062083414	3.9269908169872414	-0.3244233488214573
5.301437602932776	3.9269908169872414	-0.1515365481669454
5.497787143782138	3.9269908169872414	0.0
5.6941366846315	3.9269908169872414	0.12436283111599788
5.890486225480862	3.9269908169872414	0.21677275132473905
6.086835766330224	3.9269908169872414	0.27367849921668297
6.283185307179586	3.9269908169872414	0.29289321881345254

0.0	4.123340357836604	0.44442976698039793
0.19634954084936207	4.123340357836604	0.42521504738362825
0.39269908169872414	4.123340357836604	0.36830929949168445
0.5890486225480862	4.123340357836604	0.27589937928294317
0.7853981633974483	4.123340357836604	0.1515365481669454
0.9817477042468103	4.123340357836604	-1.1102230246251565E-16
1.1780972450961724	4.123340357836604	-0.1728868006545124
1.3744467859455345	4.123340357836604	-0.3604799110034737
1.5707963267948966	4.123340357836604	-0.5555702330196022
1.7671458676442586	4.123340357836604	-0.7506605550357307
1.9634954084936207	4.123340357836604	-0.938253665384692
2.1598449493429825	4.123340357836604	-1.1111404660392044
2.356194490192345	4.123340357836604	-1.2626770142061496
2.552544031041707	4.123340357836604	-1.3870398453221475
2.748893571891069	4.123340357836604	-1.4794497655308887
2.945243112740431	4.123340357836604	-1.5363555134228326
3.141592653589793	4.123340357836604	-1.5555702330196022
3.3379421944391554	4.123340357836604	-1.5363555134228326
3.5342917352885173	4.123340357836604	-1.4794497655308887
3.730641276137879	4.123340357836604	-1.3870398453221475
3.9269908169872414	4.123340357836604	-1.2626770142061496
4.123340357836604	4.123340357836604	-1.1111404660392041
4.319689898685965	4.123340357836604	-0.9382536653846922
4.516039439535327	4.123340357836604	-0.7506605550357306
4.71238898038469	4.123340357836604	-0.5555702330196021
4.908738521234052	4.123340357836604	-0.3604799110034736
5.105088062083414	4.123340357836604	-0.1728868006545119
5.301437602932776	4.123340357836604	0.0
5.497787143782138	4.123340357836604	0.1515365481669454
5.6941366846315	4.123340357836604	0.2758993792829433
5.890486225480862	4.123340357836604	0.36830929949168445
6.086835766330224	4.123340357836604	0.42521504738362836
6.283185307179586	4.123340357836604	0.44442976698039793

0.0	4.319689898685965	0.6173165676349098
0.19634954084936207	4.319689898685965	0.5981018480381401
0.39269908169872414	4.319689898685965	0.5411961001461963
0.5890486225480862	4.319689898685965	0.44878617993745507
0.7853981633974483	4.319689898685965	0.3244233488214573
0.9817477042468103	4.319689898685965	0.17288680065451179
1.1780972450961724	4.319689898685965	-4.996003610813204E-16
1.3744467859455345	4.319689898685965	-0.1875931103489618
1.5707963267948966	4.319689898685965	-0.3826834323650903
1.7671458676442586	4.319689898685965	-0.5777737543812188
1.9634954084936207	4.319689898685965	-0.7653668647301801
2.1598449493429825	4.319689898685965	-0.9382536653846923
2.356194490192345	4.319689898685965	-1.0897902135516377
2.552544031041707	4.319689898685965	-1.2141530446676356
2.748893571891069	4.319689898685965	-1.306562964876377
2.945243112740431	4.319689898685965	-1.3634687127683205
3.141592653589793	4.319689898685965	-1.38268343236509
3.3379421944391554	4.319689898685965	-1.3634687127683205
3.5342917352885173	4.319689898685965	-1.306562964876377
3.730641276137879	4.319689898685965	-1.2141530446676354
3.9269908169872414	4.319689898685965	-1.0897902135516375
4.123340357836604	4.319689898685965	-0.9382536653846922
4.319689898685965	4.319689898685965	-0.7653668647301803
4.516039439535327	4.319689898685965	-0.5777737543812187
4.71238898038469	4.319689898685965	-0.38268343236509017
4.908738521234052	4.319689898685965	-0.1875931103489617
5.105088062083414	4.319689898685965	0.0
5.301437602932776	4.319689898685965	0.1728868006545119
5.497787143782138	4.319689898685965	0.3244233488214573
5.6941366846315	4.319689898685965	0.4487861799374552
5.890486225480862	4.319689898685965	0.5411961001461963
6.086835766330224	4.319689898685965	0.5981018480381403
6.283185307179586	4.319689898685965	0.6173165676349098

0.0	4.516039439535327	0.8049096779838716
0.19634954084936207	4.516039439535327	0.7856949583871018
0.39269908169872414	4.516039439535327	0.7287892104951581
0.5890486225480862	4.516039439535327	0.6363792902864167
0.7853981633974483	4.516039439535327	0.512016459170419
0.9817477042468103	4.516039439535327	0.3604799110034735
1.1780972450961724	4.516039439535327	0.1875931103489612
1.3744467859455345	4.516039439535327	-1.1102230246251565E-16
1.5707963267948966	4.516039439535327	-0.19509032201612858
1.7671458676442586	4.516039439535327	-0.39018064403225705
1.9634954084936207	4.516039439535327	-0.5777737543812184
2.1598449493429825	4.516039439535327	-0.7506605550357306
2.356194490192345	4.516039439535327	-0.9021971032026761
2.552544031041707	4.516039439535327	-1.026559934318674
2.748893571891069	4.516039439535327	-1.1189698545274152
2.945243112740431	4.516039439535327	-1.1758756024193588
3.141592653589793	4.516039439535327	-1.1950903220161284
3.3379421944391554	4.516039439535327	-1.1758756024193588
3.5342917352885173	4.516039439535327	-1.1189698545274152
3.730641276137879	4.516039439535327	-1.0265599343186738
3.9269908169872414	4.516039439535327	-0.9021971032026759
4.123340357836604	4.516039439535327	-0.7506605550357306
4.319689898685965	4.516039439535327	-0.5777737543812187
4.516039439535327	4.516039439535327	-0.39018064403225694
4.71238898038469	4.516039439535327	-0.19509032201612847
4.908738521234052	4.516039439535327	0.0
5.105088062083414	4.516039439535327	0.1875931103489617
5.301437602932776	4.516039439535327	0.3604799110034736
5.497787143782138	4.516039439535327	0.512016459170419
5.6941366846315	4.516039439535327	0.6363792902864169
5.890486225480862	4.516039439535327	0.7287892104951581
6.086835766330224	4.516039439535327	0.785694958387102
6.283185307179586	4.516039439535327	0.8049096779838716

0.0	4.71238898038469	1.0
0.19634954084936207	4.71238898038469	0.9807852804032303
0.39269908169872414	4.71238898038469	0.9238795325112865
0.5890486225480862	4.71238898038469	0.8314696123025452
0.7853981633974483	4.71238898038469	0.7071067811865475
0.9817477042468103	4.71238898038469	0.555570233019602
1.1780972450961724	4.71238898038469	0.38268343236508967
1.3744467859455345	4.71238898038469	0.19509032201612836
1.5707963267948966	4.71238898038469	-1.2246467991473532E-16
1.7671458676442586	4.71238898038469	-0.1950903220161286
1.9634954084936207	4.71238898038469	-0.3826834323650899
2.1598449493429825	4.71238898038469	-0.5555702330196022
2.356194490192345	4.71238898038469	-0.7071067811865476
2.552544031041707	4.71238898038469	-0.8314696123025455
2.748893571891069	4.71238898038469	-0.9238795325112867
2.945243112740431	4.71238898038469	-0.9807852804032304
3.141592653589793	4.71238898038469	-1.0
3.3379421944391554	4.71238898038469	-0.9807852804032304
3.5342917352885173	4.71238898038469	-0.9238795325112867
3.730641276137879	4.71238898038469	-0.8314696123025453
3.9269908169872414	4.71238898038469	-0.7071067811865475
4.123340357836604	4.71238898038469	-0.5555702330196021
4.319689898685965	4.71238898038469	-0.38268343236509017
4.516039439535327	4.71238898038469	-0.19509032201612847
4.71238898038469	4.71238898038469	0.0
4.908738521234052	4.71238898038469	0.19509032201612847
5.105088062083414	4.71238898038469	0.38268343236509017
5.301437602932776	4.71238898038469	0.5555702330196021
5.497787143782138	4.71238898038469	0.7071067811865475
5.6941366846315	4.71238898038469	0.8314696123025453
5.890486225480862	4.71238898038469	0.9238795325112865
6.086835766330224	4.71238898038469	0.9807852804032304
6.283185307179586	4.71238898038469	1.0

0.0	4.908738521234052	1.1950903220161284
0.19634954084936207	4.908738521234052	1.1758756024193588
0.39269908169872414	4.908738521234052	1.118969854527415
0.5890486225480862	4.908738521234052	1.0265599343186738
0.7853981633974483	4.908738521234052	0.9021971032026759
0.9817477042468103	4.908738521234052	0.7506605550357304
1.1780972450961724	4.908738521234052	0.5777737543812181
1.3744467859455345	4.908738521234052	0.39018064403225683
1.5707963267948966	4.908738521234052	0.19509032201612836
1.7671458676442586	4.908738521234052	-1.3877787807814457E-16
1.9634954084936207	4.908738521234052	-0.18759311034896142
2.1598449493429825	4.908738521234052	-0.3604799110034737
2.356194490192345	4.908738521234052	-0.512016459170419
2.552544031041707	4.908738521234052	-0.6363792902864169
2.748893571891069	4.908738521234052	-0.7287892104951583
2.945243112740431	4.908738521234052	-0.785694958387102
3.141592653589793	4.908738521234052	-0.8049096779838716
3.3379421944391554	4.908738521234052	-0.785694958387102
3.5342917352885173	4.908738521234052	-0.7287892104951583
3.730641276137879	4.908738521234052	-0.6363792902864169
3.9269908169872414	4.908738521234052	-0.512016459170419
4.123340357836604	4.908738521234052	-0.3604799110034736
4.319689898685965	4.908738521234052	-0.1875931103489617
4.516039439535327	4.908738521234052	0.0
4.71238898038469	4.908738521234052	0.19509032201612847
4.908738521234052	4.908738521234052	0.39018064403225694
5.105088062083414	4.908738521234052	0.5777737543812187
5.301437602932776	4.908738521234052	0.7506605550357306
5.497787143782138	4.908738521234052	0.9021971032026759
5.6941366846315	4.908738521234052	1.0265599343186738
5.890486225480862	4.908738521234052	1.118969854527415
6.086835766330224	4.908738521234052	1.1758756024193588
6.283185307179586	4.908738521234052	1.1950903220161284

0.0	5.105088062083414	1.38268343236509
0.19634954084936207	5.105088062083414	1.3634687127683205
0.39269908169872414	5.105088062083414	1.3065629648763766
0.5890486225480862	5.105088062083414	1.2141530446676354
0.7853981633974483	5.105088062083414	1.0897902135516375
0.9817477042468103	5.105088062083414	0.9382536653846921
1.1780972450961724	5.105088062083414	0.7653668647301799
1.3744467859455345	5.105088062083414	0.5777737543812185
1.5707963267948966	5.105088062083414	0.38268343236509006
1.7671458676442586	5.105088062083414	0.18759311034896156
1.9634954084936207	5.105088062083414	2.7755575615628914E-16
2.1598449493429825	5.105088062083414	-0.172886800654512
2.356194490192345	5.105088062083414	-0.3244233488214574
2.552544031041707	5.105088062083414	-0.4487861799374553
2.748893571891069	5.105088062083414	-0.5411961001461966
2.945243112740431	5.105088062083414	-0.5981018480381403
3.141592653589793	5.105088062083414	-0.6173165676349098
3.3379421944391554	5.105088062083414	-0.5981018480381403
3.5342917352885173	5.105088062083414	-0.5411961001461966
3.730641276137879	5.105088062083414	-0.4487861799374552
3.9269908169872414	5.105088062083414	-0.3244233488214573
4.123340357836604	5.105088062083414	-0.1728868006545119
4.319689898685965	5.105088062083414	0.0
4.516039439535327	5.105088062083414	0.1875931103489617
4.71238898038469	5.105088062083414	0.38268343236509017
4.908738521234052	5.105088062083414	0.5777737543812187
5.105088062083414	5.105088062083414	0.7653668647301803
5.301437602932776	5.105088062083414	0.9382536653846922
5.497787143782138	5.105088062083414	1.0897902135516375
5.6941366846315	5.105088062083414	1.2141530446676354
5.890486225480862	5.105088062083414	1.3065629648763766
6.086835766330224	5.105088062083414	1.3634687127683205
6.283185307179586	5.105088062083414	1.38268343236509

0.0	5.301437602932776	1.5555702330196022
0.19634954084936207	5.301437602932776	1.5363555134228324
0.39269908169872414	5.301437602932776	1.4794497655308887
0.5890486225480862	5.301437602932776	1.3870398453221473
0.7853981633974483	5.301437602932776	1.2626770142061496
0.9817477042468103	5.301437602932776	1.111140466039204
1.1780972450961724	5.301437602932776	0.9382536653846918
1.3744467859455345	5.301437602932776	0.7506605550357304
1.5707963267948966	5.301437602932776	0.555570233019602
1.7671458676442586	5.301437602932776	0.36047991100347343
1.9634954084936207	5.301437602932776	0.17288680065451217
2.1598449493429825	5.301437602932776	-1.1102230246251565E-16
2.356194490192345	5.301437602932776	-0.1515365481669455
2.552544031041707	5.301437602932776	-0.2758993792829434
2.748893571891069	5.301437602932776	-0.36830929949168467
2.945243112740431	5.301437602932776	-0.42521504738362836
3.141592653589793	5.301437602932776	-0.44442976698039793
3.3379421944391554	5.301437602932776	-0.42521504738362836
3.5342917352885173	5.301437602932776	-0.36830929949168467
3.730641276137879	5.301437602932776	-0.2758993792829433
3.9269908169872414	5.301437602932776	-0.1515365481669454
4.123340357836604	5.301437602932776	0.0
4.319689898685965	5.301437602932776	0.1728868006545119
4.516039439535327	5.301437602932776	0.3604799110034736
4.71238898038469	5.301437602932776	0.5555702330196021
4.908738521234052	5.301437602932776	0.7506605550357306
5.105088062083414	5.301437602932776	0.9382536653846922
5.301437602932776	5.301437602932776	1.1111404660392041
5.497787143782138	5.301437602932776	1.2626770142061496
5.6941366846315	5.301437602932776	1.3870398453221475
5.890486225480862	5.301437602932776	1.4794497655308887
6.086835766330224	5.301437602932776	1.5363555134228326
6.283185307179586	5.301437602932776	1.5555702330196022

0.0	5.497787143782138	1.7071067811865475
0.19634954084936207	5.497787143782138	1.687892061589778
0.39269908169872414	5.497787143782138	1.630986313697834
0.5890486225480862	5.497787143782138	1.5385763934890928
0.7853981633974483	5.497787143782138	1.414213562373095
0.9817477042468103	5.497787143782138	1.2626770142061494
1.1780972450961724	5.497787143782138	1.089790213551637
1.3744467859455345	5.497787143782138	0.9021971032026759
1.5707963267948966	5.497787143782138	0.7071067811865474
1.7671458676442586	5.497787143782138	0.5120164591704188
1.9634954084936207	5.497787143782138	0.32442334882145757
2.1598449493429825	5.497787143782138	0.15153654816694528
2.356194490192345	5.497787143782138	-1.1102230246251565E-16
2.552544031041707	5.497787143782138	-0.124362831115998
2.748893571891069	5.497787143782138	-0.21677275132473928
2.945243112740431	5.497787143782138	-0.27367849921668297
3.141592653589793	5.497787143782138	-0.29289321881345254
3.3379421944391554	5.497787143782138	-0.27367849921668297
3.5342917352885173	5.497787143782138	-0.21677275132473928
3.730641276137879	5.497787143782138	-0.12436283111599788
3.9269908169872414	5.497787143782138	0.0
4.123340357836604	5.497787143782138	0.1515365481669454
4.319689898685965	5.497787143782138	0.3244233488214573
4.516039439535327	5.497787143782138	0.512016459170419
4.71238898038469	5.497787143782138	0.7071067811865475
4.908738521234052	5.497787143782138	0.9021971032026759
5.105088062083414	5.497787143782138	1.0897902135516375
5.301437602932776	5.497787143782138	1.2626770142061496
5.497787143782138	5.497787143782138	1.414213562373095
5.6941366846315	5.497787143782138	1.5385763934890928
5.890486225480862	5.497787143782138	1.630986313697834
6.086835766330224	5.497787143782138	1.687892061589778
6.283185307179586	5.497787143782138	1.7071067811865475

0.0	5.6941366846315	1.8314696123025453
0.19634954084936207	5.6941366846315	1.8122548927057758
0.39269908169872414	5.6941366846315	1.7553491448138319
0.5890486225480862	5.6941366846315	1.6629392246050907
0.7853981633974483	5.6941366846315	1.5385763934890928
0.9817477042468103	5.6941366846315	1.3870398453221473
1.1780972450961724	5.6941366846315	1.214153044667635
1.3744467859455345	5.6941366846315	1.0265599343186738
1.5707963267948966	5.6941366846315	0.8314696123025452
1.7671458676442586	5.6941366846315	0.6363792902864167
1.9634954084936207	5.6941366846315	0.44878617993745545
2.1598449493429825	5.6941366846315	0.27589937928294317
2.356194490192345	5.6941366846315	0.12436283111599777
2.552544031041707	5.6941366846315	-1.1102230246251565E-16
2.748893571891069	5.6941366846315	-0.09240992020874139
2.945243112740431	5.6941366846315	-0.14931566810068508
3.141592653589793	5.6941366846315	-0.16853038769745465
3.3379421944391554	5.6941366846315	-0.14931566810068508
3.5342917352885173	5.6941366846315	-0.09240992020874139
3.730641276137879	5.6941366846315	0.0
3.9269908169872414	5.6941366846315	0.12436283111599788
4.123340357836604	5.6941366846315	0.2758993792829433
4.319689898685965	5.6941366846315	0.4487861799374552
4.516039439535327	5.6941366846315	0.6363792902864169
4.71238898038469	5.6941366846315	0.8314696123025453
4.908738521234052	5.6941366846315	1.0265599343186738
5.105088062083414	5.6941366846315	1.2141530446676354
5.301437602932776	5.6941366846315	1.3870398453221475
5.497787143782138	5.6941366846315	1.5385763934890928
5.6941366846315	5.6941366846315	1.6629392246050907
5.890486225480862	5.6941366846315	1.7553491448138319
6.086835766330224	5.6941366846315	1.8122548927057758
6.283185307179586	5.6941366846315	1.8314696123025453

0.0	5.890486225480862	1.9238795325112865
0.19634954084936207	5.890486225480862	1.904664812914517
0.39269908169872414	5.890486225480862	1.847759065022573
0.5890486225480862	5.890486225480862	1.7553491448138319
0.7853981633974483	5.890486225480862	1.630986313697834
0.9817477042468103	5.890486225480862	1.4794497655308885
1.1780972450961724	5.890486225480862	1.3065629648763761
1.3744467859455345	5.890486225480862	1.118969854527415
1.5707963267948966	5.890486225480862	0.9238795325112864
1.7671458676442586	5.890486225480862	0.7287892104951579
1.9634954084936207	5.890486225480862	0.5411961001461967
2.1598449493429825	5.890486225480862	0.36830929949168434
2.356194490192345	5.890486225480862	0.21677275132473894
2.552544031041707	5.890486225480862	0.09240992020874106
2.748893571891069	5.890486225480862	-2.220446049250313E-16
2.945243112740431	5.890486225480862	-0.056905747891943914
3.141592653589793	5.890486225480862	-0.07612046748871348
3.3379421944391554	5.890486225480862	-0.056905747891943914
3.5342917352885173	5.890486225480862	-2.220446049250313E-16
3.730641276137879	5.890486225480862	0.09240992020874117
3.9269908169872414	5.890486225480862	0.21677275132473905
4.123340357836604	5.890486225480862	0.36830929949168445
4.319689898685965	5.890486225480862	0.5411961001461963
4.516039439535327	5.890486225480862	0.7287892104951581
4.71238898038469	5.890486225480862	0.9238795325112865
4.908738521234052	5.890486225480862	1.118969854527415
5.105088062083414	5.890486225480862	1.3065629648763766
5.301437602932776	5.890486225480862	1.4794497655308887
5.497787143782138	5.890486225480862	1.630986313697834
5.6941366846315	5.890486225480862	1.7553491448138319
5.890486225480862	5.890486225480862	1.847759065022573
6.086835766330224	5.890486225480862	1.904664812914517
6.283185307179586	5.890486225480862	1.9238795325112865

0.0	6.086835766330224	1.9807852804032304
0.19634954084936207	6.086835766330224	1.9615705608064609
0.39269908169872414	6.086835766330224	1.904664812914517
0.5890486225480862	6.086835766330224	1.8122548927057758
0.7853981633974483	6.086835766330224	1.687892061589778
0.9817477042468103	6.086835766330224	1.5363555134228324
1.1780972450961724	6.086835766330224	1.36346871276832
1.3744467859455345	6.086835766330224	1.1758756024193588
1.5707963267948966	6.086835766330224	0.9807852804032303
1.7671458676442586	6.086835766330224	0.7856949583871018
1.9634954084936207	6.086835766330224	0.5981018480381406
2.1598449493429825	6.086835766330224	0.42521504738362825
2.356194490192345	6.086835766330224	0.27367849921668286
2.552544031041707	6.086835766330224	0.14931566810068497
2.748893571891069	6.086835766330224	0.05690574789194369
2.945243112740431	6.086835766330224	0.0
3.141592653589793	6.086835766330224	-0.01921471959676957
3.3379421944391554	6.086835766330224	0.0
3.5342917352885173	6.086835766330224	0.05690574789194369
3.730641276137879	6.086835766330224	0.14931566810068508
3.9269908169872414	6.086835766330224	0.27367849921668297
4.123340357836604	6.086835766330224	0.42521504738362836
4.319689898685965	6.086835766330224	0.5981018480381403
4.516039439535327	6.086835766330224	0.785694958387102
4.71238898038469	6.086835766330224	0.9807852804032304
4.908738521234052	6.086835766330224	1.1758756024193588
5.105088062083414	6.086835766330224	1.3634687127683205
5.301437602932776	6.086835766330224	1.5363555134228326
5.497787143782138	6.086835766330224	1.687892061589778
5.6941366846315	6.086835766330224	1.8122548927057758
5.890486225480862	6.086835766330224	1.904664812914517
6.086835766330224	6.086835766330224	1.9615705608064609
6.283185307179586	6.086835766330224	1.9807852804032304

0.0	6.283185307179586	2.0
0.19634954084936207	6.283185307179586	1.9807852804032304
0.39269908169872414	6.283185307179586	1.9238795325112865
0.5890486225480862	6.283185307179586	1.8314696123025453
0.7853981633974483	6.283185307179586	1.7071067811865475
0.9817477042468103	6.283185307179586	1.555570233019602
1.1780972450961724	6.283185307179586	1.3826834323650896
1.3744467859455345	6.283185307179586	1.1950903220161284
1.5707963267948966	6.283185307179586	0.9999999999999999
1.7671458676442586	6.283185307179586	0.8049096779838714
1.9634954084936207	6.283185307179586	0.6173165676349102
2.1598449493429825	6.283185307179586	0.4444297669803978
2.356194490192345	6.283185307179586	0.2928932188134524
2.552544031041707	6.283185307179586	0.16853038769745454
2.748893571891069	6.283185307179586	0.07612046748871326
2.945243112740431	6.283185307179586	0.01921471959676957
3.141592653589793	6.283185307179586	0.0
3.3379421944391554	6.283185307179586	0.01921471959676957
3.5342917352885173	6.283185307179586	0.07612046748871326
3.730641276137879	6.283185307179586	0.16853038769745465
3.9269908169872414	6.283185307179586	0.29289321881345254
4.123340357836604	6.283185307179586	0.44442976698039793
4.319689898685965	6.283185307179586	0.6173165676349098
4.516039439535327	6.283185307179586	0.8049096779838716
4.71238898038469	6.283185307179586	1.0
4.908738521234052	6.283185307179586	1.1950903220161284
5.105088062083414	6.283185307179586	1.38268343236509
5.301437602932776	6.283185307179586	1.5555702330196022
5.497787143782138	6.283185307179586	1.7071067811865475
5.6941366846315	6.283185307179586	1.8314696123025453
5.890486225480862	6.283185307179586	1.9238795325112865
6.086835766330224	6.283185307179586	1.9807852804032304
6.283185307179586	6.283185307179586	2.0

