0.0	0.0	0.39018064403225744
0.19634954084936207	0.0	0.5777737543812191
0.39269908169872414	0.0	0.7506605550357309
0.5890486225480862	0.0	0.9021971032026764
0.7853981633974483	0.0	1.0265599343186742
0.9817477042468103	0.0	1.1189698545274156
1.1780972450961724	0.0	1.1758756024193593
1.3744467859455345	0.0	1.1950903220161286
1.5707963267948966	0.0	1.175875602419359
1.7671458676442586	0.0	1.1189698545274152
1.9634954084936207	0.0	1.026559934318674
2.1598449493429825	0.0	0.9021971032026762
2.356194490192345	0.0	0.7506605550357307
2.552544031041707	0.0	0.5777737543812179
2.748893571891069	0.0	0.3901806440322566
2.945243112740431	0.0	0.1950903220161286
3.141592653589793	0.0	1.1102230246251565E-16
3.3379421944391554	0.0	-0.18759311034896156
3.5342917352885173	0.0	-0.36047991100347376
3.730641276137879	0.0	-0.5120164591704188
3.9269908169872414	0.0	-0.6363792902864167
4.123340357836604	0.0	-0.7287892104951582
4.319689898685965	0.0	-0.7856949583871017
4.516039439535327	0.0	-0.8049096779838713
4.71238898038469	0.0	-0.7856949583871017
4.908738521234052	0.0	-0.7287892104951578
5.105088062083414	0.0	-0.636379290286416
5.301437602932776	0.0	-0.5120164591704187
5.497787143782138	0.0	-0.3604799110034733
5.6941366846315	0.0	-0.18759311034896062
5.890486225480862	0.0	2.498001805406602E-16
6.086835766330224	0.0	0.19509032201612872
6.283185307179586	0.0	0.39018064403225716

0.0	0.19634954084936207	0.5777737543812191
0.19634954084936207	0.19634954084936207	0.7653668647301808
0.39269908169872414	0.19634954084936207	0.9382536653846926
0.5890486225480862	0.19634954084936207	1.089790213551638
0.7853981633974483	0.19634954084936207	1.2141530446676359
0.9817477042468103	0.19634954084936207	1.3065629648763775
1.1780972450961724	0.19634954084936207	1.363468712768321
1.3744467859455345	0.19634954084936207	1.3826834323650905
1.5707963267948966	0.19634954084936207	1.3634687127683207
1.7671458676442586	0.19634954084936207	1.306562964876377
1.9634954084936207	0.19634954084936207	1.2141530446676356
2.1598449493429825	0.19634954084936207	1.089790213551638
2.356194490192345	0.19634954084936207	0.9382536653846923
2.552544031041707	0.19634954084936207	0.7653668647301797
2.748893571891069	0.19634954084936207	0.5777737543812183
2.945243112740431	0.19634954084936207	0.3826834323650903
3.141592653589793	0.19634954084936207	0.18759311034896178
3.3379421944391554	0.19634954084936207	1.1102230246251565E-16
3.5342917352885173	0.19634954084936207	-0.17288680065451212
3.730641276137879	0.19634954084936207	-0.3244233488214572
3.9269908169872414	0.19634954084936207	-0.44878617993745507
4.123340357836604	0.19634954084936207	-0.5411961001461966
4.319689898685965	0.19634954084936207	-0.59810184803814
4.516039439535327	0.19634954084936207	-0.6173165676349096
4.71238898038469	0.19634954084936207	-0.59810184803814
4.908738521234052	0.19634954084936207	-0.5411961001461961
5.105088062083414	0.19634954084936207	-0.4487861799374544
5.301437602932776	0.19634954084936207	-0.32442334882145707
5.497787143782138	0.19634954084936207	-0.17288680065451167
5.6941366846315	0.19634954084936207	1.0547118733938987E-15
5.890486225480862	0.19634954084936207	0.18759311034896192
6.086835766330224	0.19634954084936207	0.3826834323650904
6.283185307179586	0.19634954084936207	0.5777737543812189

0.0	0.39269908169872414	0.7506605550357309
0.19634954084936207	0.39269908169872414	0.9382536653846926
0.39269908169872414	0.39269908169872414	1.1111404660392044
0.5890486225480862	0.39269908169872414	1.2626770142061499
0.7853981633974483	0.39269908169872414	1.3870398453221475
0.9817477042468103	0.39269908169872414	1.4794497655308891
1.1780972450961724	0.39269908169872414	1.5363555134228328
1.3744467859455345	0.39269908169872414	1.5555702330196022
1.5707963267948966	0.39269908169872414	1.5363555134228326
1.7671458676442586	0.39269908169872414	1.4794497655308887
1.9634954084936207	0.39269908169872414	1.3870398453221475
2.1598449493429825	0.39269908169872414	1.2626770142061496
2.356194490192345	0.39269908169872414	1.1111404660392041
2.552544031041707	0.39269908169872414	0.9382536653846913
2.748893571891069	0.39269908169872414	0.7506605550357301
2.945243112740431	0.39269908169872414	0.5555702330196021
3.141592653589793	0.39269908169872414	0.36047991100347354
3.3379421944391554	0.39269908169872414	0.1728868006545119
3.5342917352885173	0.39269908169872414	-3.3306690738754696E-16
3.730641276137879	0.39269908169872414	-0.1515365481669454
3.9269908169872414	0.39269908169872414	-0.2758993792829433
4.123340357836604	0.39269908169872414	-0.3683092994916848
4.319689898685965	0.39269908169872414	-0.42521504738362825
4.516039439535327	0.39269908169872414	-0.4444297669803978
4.71238898038469	0.39269908169872414	-0.42521504738362825
4.908738521234052	0.39269908169872414	-0.36830929949168434
5.105088062083414	0.39269908169872414	-0.2758993792829426
5.301437602932776	0.39269908169872414	-0.15153654816694528
5.497787143782138	0.39269908169872414	1.1102230246251565E-16
5.6941366846315	0.39269908169872414	0.17288680065451284
5.890486225480862	0.39269908169872414	0.3604799110034737
6.086835766330224	0.39269908169872414	0.5555702330196022
6.283185307179586	0.39269908169872414	0.7506605550357306

0.0	0.5890486225480862	0.9021971032026764
0.19634954084936207	0.5890486225480862	1.089790213551638
0.39269908169872414	0.5890486225480862	1.2626770142061499
0.5890486225480862	0.5890486225480862	1.4142135623730954
0.7853981633974483	0.5890486225480862	1.5385763934890933
0.9817477042468103	0.5890486225480862	1.6309863136978346
1.1780972450961724	0.5890486225480862	1.6878920615897783
1.3744467859455345	0.5890486225480862	1.7071067811865477
1.5707963267948966	0.5890486225480862	1.687892061589778
1.7671458676442586	0.5890486225480862	1.6309863136978342
1.9634954084936207	0.5890486225480862	1.5385763934890928
2.1598449493429825	0.5890486225480862	1.4142135623730951
2.356194490192345	0.5890486225480862	1.2626770142061496
2.552544031041707	0.5890486225480862	1.0897902135516369
2.748893571891069	0.5890486225480862	0.9021971032026757
2.945243112740431	0.5890486225480862	0.7071067811865476
3.141592653589793	0.5890486225480862	0.512016459170419
3.3379421944391554	0.5890486225480862	0.3244233488214574
3.5342917352885173	0.5890486225480862	0.15153654816694517
3.730641276137879	0.5890486225480862	1.1102230246251565E-16
3.9269908169872414	0.5890486225480862	-0.12436283111599777
4.123340357836604	0.5890486225480862	-0.21677275132473928
4.319689898685965	0.5890486225480862	-0.27367849921668275
4.516039439535327	0.5890486225480862	-0.2928932188134523
4.71238898038469	0.5890486225480862	-0.27367849921668275
4.908738521234052	0.5890486225480862	-0.21677275132473883
5.105088062083414	0.5890486225480862	-0.12436283111599711
5.301437602932776	0.5890486225480862	2.220446049250313E-16
5.497787143782138	0.5890486225480862	0.15153654816694562
5.6941366846315	0.5890486225480862	0.32442334882145835
5.890486225480862	0.5890486225480862	0.5120164591704193
6.086835766330224	0.5890486225480862	0.7071067811865477
6.283185307179586	0.5890486225480862	0.9021971032026761

0.0	0.7853981633974483	1.0265599343186742
0.19634954084936207	0.7853981633974483	1.2141530446676359
0.39269908169872414	0.7853981633974483	1.3870398453221475
0.5890486225480862	0.7853981633974483	1.5385763934890933
0.7853981633974483	0.7853981633974483	1.662939224605091
0.9817477042468103	0.7853981633974483	1.7553491448138323
1.1780972450961724	0.7853981633974483	1.8122548927057762
1.3744467859455345	0.7853981633974483	1.8314696123025453
1.5707963267948966	0.7853981633974483	1.8122548927057758
1.7671458676442586	0.7853981633974483	1.7553491448138319
1.9634954084936207	0.7853981633974483	1.6629392246050907
2.1598449493429825	0.7853981633974483	1.5385763934890928
2.356194490192345	0.7853981633974483	1.3870398453221475
2.552544031041707	0.7853981633974483	1.2141530446676347
2.748893571891069	0.7853981633974483	1.0265599343186733
2.945243112740431	0.7853981633974483	0.8314696123025453
3.141592653589793	0.7853981633974483	0.6363792902864168
3.3379421944391554	0.7853981633974483	0.4487861799374552
3.5342917352885173	0.7853981633974483	0.27589937928294295
3.730641276137879	0.7853981633974483	0.12436283111599788
3.9269908169872414	0.7853981633974483	0.0
4.123340357836604	0.7853981633974483	-0.0924099202087415
4.319689898685965	0.7853981633974483	-0.14931566810068497
4.516039439535327	0.7853981633974483	-0.16853038769745454
4.71238898038469	0.7853981633974483	-0.14931566810068497
4.908738521234052	0.7853981633974483	-0.09240992020874106
5.105088062083414	0.7853981633974483	6.661338147750939E-16
5.301437602932776	0.7853981633974483	0.124362831115998
5.497787143782138	0.7853981633974483	0.2758993792829434
5.6941366846315	0.7853981633974483	0.4487861799374561
5.890486225480862	0.7853981633974483	0.6363792902864169
6.086835766330224	0.7853981633974483	0.8314696123025455
6.283185307179586	0.7853981633974483	1.026559934318674

0.0	0.9817477042468103	1.1189698545274156
0.19634954084936207	0.9817477042468103	1.3065629648763775
0.39269908169872414	0.9817477042468103	1.4794497655308891
0.5890486225480862	0.9817477042468103	1.6309863136978346
0.7853981633974483	0.9817477042468103	1.7553491448138323
0.9817477042468103	0.9817477042468103	1.847759065022574
1.1780972450961724	0.9817477042468103	1.9046648129145176
1.3744467859455345	0.9817477042468103	1.923879532511287
1.5707963267948966	0.9817477042468103	1.9046648129145174
1.7671458676442586	0.9817477042468103	1.8477590650225735
1.9634954084936207	0.9817477042468103	1.7553491448138323
2.1598449493429825	0.9817477042468103	1.6309863136978344
2.356194490192345	0.9817477042468103	1.479449765530889
2.552544031041707	0.9817477042468103	1.3065629648763761
2.748893571891069	0.9817477042468103	1.118969854527415
2.945243112740431	0.9817477042468103	0.9238795325112868
3.141592653589793	0.9817477042468103	0.7287892104951583
3.3379421944391554	0.9817477042468103	0.5411961001461967
3.5342917352885173	0.9817477042468103	0.36830929949168445
3.730641276137879	0.9817477042468103	0.2167727513247394
3.9269908169872414	0.9817477042468103	0.0924099202087415
4.123340357836604	0.9817477042468103	0.0
4.319689898685965	0.9817477042468103	-0.05690574789194347
4.516039439535327	0.9817477042468103	-0.07612046748871304
4.71238898038469	0.9817477042468103	-0.05690574789194347
4.908738521234052	0.9817477042468103	4.440892098500626E-16
5.105088062083414	0.9817477042468103	0.09240992020874217
5.301437602932776	0.9817477042468103	0.2167727513247395
5.497787143782138	0.9817477042468103	0.3683092994916849
5.6941366846315	0.9817477042468103	0.5411961001461976
5.890486225480862	0.9817477042468103	0.7287892104951585
6.086835766330224	0.9817477042468103	0.923879532511287
6.283185307179586	0.9817477042468103	1.1189698545274154

0.0	1.1780972450961724	1.1758756024193593
0.19634954084936207	1.1780972450961724	1.363468712768321
0.39269908169872414	1.1780972450961724	1.5363555134228328
0.5890486225480862	1.1780972450961724	1.6878920615897783
0.7853981633974483	1.1780972450961724	1.8122548927057762
0.9817477042468103	1.1780972450961724	1.9046648129145176
1.1780972450961724	1.1780972450961724	1.9615705608064613
1.3744467859455345	1.1780972450961724	1.9807852804032307
1.5707963267948966	1.1780972450961724	1.9615705608064609
1.7671458676442586	1.1780972450961724	1.9046648129145172
1.9634954084936207	1.1780972450961724	1.8122548927057758
2.1598449493429825	1.1780972450961724	1.6878920615897781
2.356194490192345	1.1780972450961724	1.5363555134228326
2.552544031041707	1.1780972450961724	1.3634687127683198
2.748893571891069	1.1780972450961724	1.1758756024193586
2.945243112740431	1.1780972450961724	0.9807852804032305
3.141592653589793	1.1780972450961724	0.785694958387102
3.3379421944391554	1.1780972450961724	0.5981018480381404
3.5342917352885173	1.1780972450961724	0.42521504738362814
3.730641276137879	1.1780972450961724	0.2736784992166831
3.9269908169872414	1.1780972450961724	0.1493156681006852
4.123340357836604	1.1780972450961724	0.05690574789194369
4.319689898685965	1.1780972450961724	2.220446049250313E-16
4.516039439535327	1.1780972450961724	-0.019214719596769347
4.71238898038469	1.1780972450961724	2.220446049250313E-16
4.908738521234052	1.1780972450961724	0.056905747891944136
5.105088062083414	1.1780972450961724	0.14931566810068586
5.301437602932776	1.1780972450961724	0.2736784992166832
5.497787143782138	1.1780972450961724	0.4252150473836286
5.6941366846315	1.1780972450961724	0.5981018480381413
5.890486225480862	1.1780972450961724	0.7856949583871022
6.086835766330224	1.1780972450961724	0.9807852804032307
6.283185307179586	1.1780972450961724	1.175875602419359

0.0	1.3744467859455345	1.1950903220161286
0.19634954084936207	1.3744467859455345	1.3826834323650905
0.39269908169872414	1.3744467859455345	1.5555702330196022
0.5890486225480862	1.3744467859455345	1.7071067811865477
0.7853981633974483	1.3744467859455345	1.8314696123025453
0.9817477042468103	1.3744467859455345	1.923879532511287
1.1780972450961724	1.3744467859455345	1.9807852804032307
1.3744467859455345	1.3744467859455345	2.0
1.5707963267948966	1.3744467859455345	1.9807852804032304
1.7671458676442586	1.3744467859455345	1.9238795325112865
1.9634954084936207	1.3744467859455345	1.8314696123025453
2.1598449493429825	1.3744467859455345	1.7071067811865475
2.356194490192345	1.3744467859455345	1.555570233019602
2.552544031041707	1.3744467859455345	1.3826834323650892
2.748893571891069	1.3744467859455345	1.195090322016128
2.945243112740431	1.3744467859455345	0.9999999999999999
3.141592653589793	1.3744467859455345	0.8049096779838714
3.3379421944391554	1.3744467859455345	0.6173165676349097
3.5342917352885173	1.3744467859455345	0.4444297669803975
3.730641276137879	1.3744467859455345	0.2928932188134524
3.9269908169872414	1.3744467859455345	0.16853038769745454
4.123340357836604	1.3744467859455345	0.07612046748871304
4.319689898685965	1.3744467859455345	0.01921471959676957
4.516039439535327	1.3744467859455345	0.0
4.71238898038469	1.3744467859455345	0.01921471959676957
4.908738521234052	1.3744467859455345	0.07612046748871348
5.105088062083414	1.3744467859455345	0.1685303876974552
5.301437602932776	1.3744467859455345	0.29289321881345254
5.497787143782138	1.3744467859455345	0.44442976698039793
5.6941366846315	1.3744467859455345	0.6173165676349106
5.890486225480862	1.3744467859455345	0.8049096779838716
6.086835766330224	1.3744467859455345	1.0
6.283185307179586	1.3744467859455345	1.1950903220161284

0.0	1.5707963267948966	1.175875602419359
0.19634954084936207	1.5707963267948966	1.3634687127683207
0.39269908169872414	1.5707963267948966	1.5363555134228326
0.5890486225480862	1.5707963267948966	1.687892061589778
0.7853981633974483	1.5707963267948966	1.8122548927057758
0.9817477042468103	1.5707963267948966	1.9046648129145174
1.1780972450961724	1.5707963267948966	1.9615705608064609
1.3744467859455345	1.5707963267948966	1.9807852804032304
1.5707963267948966	1.5707963267948966	1.9615705608064606
1.7671458676442586	1.5707963267948966	1.904664812914517
1.9634954084936207	1.5707963267948966	1.8122548927057756
2.1598449493429825	1.5707963267948966	1.687892061589778
2.356194490192345	1.5707963267948966	1.5363555134228322
2.552544031041707	1.5707963267948966	1.3634687127683196
2.748893571891069	1.5707963267948966	1.1758756024193582
2.945243112740431	1.5707963267948966	0.9807852804032302
3.141592653589793	1.5707963267948966	0.7856949583871017
3.3379421944391554	1.5707963267948966	0.59810184803814
3.5342917352885173	1.5707963267948966	0.4252150473836278
3.730641276137879	1.5707963267948966	0.27367849921668275
3.9269908169872414	1.5707963267948966	0.14931566810068486
4.123340357836604	1.5707963267948966	0.05690574789194336
4.319689898685965	1.5707963267948966	-1.1102230246251565E-16
4.516039439535327	1.5707963267948966	-0.01921471959676968
4.71238898038469	1.5707963267948966	-1.1102230246251565E-16
4.908738521234052	1.5707963267948966	0.0569057478919438
5.105088062083414	1.5707963267948966	0.14931566810068553
5.301437602932776	1.5707963267948966	0.27367849921668286
5.497787143782138	1.5707963267948966	0.42521504738362825
5.6941366846315	1.5707963267948966	0.598101848038141
5.890486225480862	1.5707963267948966	0.7856949583871018
6.086835766330224	1.5707963267948966	0.9807852804032303
6.283185307179586	1.5707963267948966	1.1758756024193588

0.0	1.7671458676442586	1.1189698545274152
0.19634954084936207	1.7671458676442586	1.306562964876377
0.39269908169872414	1.7671458676442586	1.4794497655308887
0.5890486225480862	1.7671458676442586	1.6309863136978342
0.7853981633974483	1.7671458676442586	1.7553491448138319
0.9817477042468103	1.7671458676442586	1.8477590650225735
1.1780972450961724	1.7671458676442586	1.9046648129145172
1.3744467859455345	1.7671458676442586	1.9238795325112865
1.5707963267948966	1.7671458676442586	1.904664812914517
1.7671458676442586	1.7671458676442586	1.847759065022573
1.9634954084936207	1.7671458676442586	1.7553491448138319
2.1598449493429825	1.7671458676442586	1.630986313697834
2.356194490192345	1.7671458676442586	1.4794497655308885
2.552544031041707	1.7671458676442586	1.3065629648763757
2.748893571891069	1.7671458676442586	1.1189698545274145
2.945243112740431	1.7671458676442586	0.9238795325112864
3.141592653589793	1.7671458676442586	0.7287892104951579
3.3379421944391554	1.7671458676442586	0.5411961001461962
3.5342917352885173	1.7671458676442586	0.368309299491684
3.730641276137879	1.7671458676442586	0.21677275132473894
3.9269908169872414	1.7671458676442586	0.09240992020874106
4.123340357836604	1.7671458676442586	-4.440892098500626E-16
4.319689898685965	1.7671458676442586	-0.056905747891943914
4.516039439535327	1.7671458676442586	-0.07612046748871348
4.71238898038469	1.7671458676442586	-0.056905747891943914
4.908738521234052	1.7671458676442586	0.0
5.105088062083414	1.7671458676442586	0.09240992020874172
5.301437602932776	1.7671458676442586	0.21677275132473905
5.497787143782138	1.7671458676442586	0.36830929949168445
5.6941366846315	1.7671458676442586	0.5411961001461971
5.890486225480862	1.7671458676442586	0.7287892104951581
6.086835766330224	1.7671458676442586	0.9238795325112865
6.283185307179586	1.7671458676442586	1.118969854527415

0.0	1.9634954084936207	1.026559934318674
0.19634954084936207	1.9634954084936207	1.2141530446676356
0.39269908169872414	1.9634954084936207	1.3870398453221475
0.5890486225480862	1.9634954084936207	1.5385763934890928
0.7853981633974483	1.9634954084936207	1.6629392246050907
0.9817477042468103	1.9634954084936207	1.7553491448138323
1.1780972450961724	1.9634954084936207	1.8122548927057758
1.3744467859455345	1.9634954084936207	1.8314696123025453
1.5707963267948966	1.9634954084936207	1.8122548927057756
1.7671458676442586	1.9634954084936207	1.7553491448138319
1.9634954084936207	1.9634954084936207	1.6629392246050905
2.1598449493429825	1.9634954084936207	1.5385763934890928
2.356194490192345	1.9634954084936207	1.387039845322147
2.552544031041707	1.9634954084936207	1.2141530446676345
2.748893571891069	1.9634954084936207	1.026559934318673
2.945243112740431	1.9634954084936207	0.8314696123025451
3.141592653589793	1.9634954084936207	0.6363792902864166
3.3379421944391554	1.9634954084936207	0.44878617993745495
3.5342917352885173	1.9634954084936207	0.2758993792829427
3.730641276137879	1.9634954084936207	0.12436283111599766
3.9269908169872414	1.9634954084936207	-2.220446049250313E-16
4.123340357836604	1.9634954084936207	-0.09240992020874172
4.319689898685965	1.9634954084936207	-0.1493156681006852
4.516039439535327	1.9634954084936207	-0.16853038769745476
4.71238898038469	1.9634954084936207	-0.1493156681006852
4.908738521234052	1.9634954084936207	-0.09240992020874128
5.105088062083414	1.9634954084936207	4.440892098500626E-16
5.301437602932776	1.9634954084936207	0.12436283111599777
5.497787143782138	1.9634954084936207	0.27589937928294317
5.6941366846315	1.9634954084936207	0.4487861799374559
5.890486225480862	1.9634954084936207	0.6363792902864167
6.086835766330224	1.9634954084936207	0.8314696123025452
6.283185307179586	1.9634954084936207	1.0265599343186738

0.0	2.1598449493429825	0.9021971032026762
0.19634954084936207	2.1598449493429825	1.089790213551638
0.39269908169872414	2.1598449493429825	1.2626770142061496
0.5890486225480862	2.1598449493429825	1.4142135623730951
0.7853981633974483	2.1598449493429825	1.5385763934890928
0.9817477042468103	2.1598449493429825	1.6309863136978344
1.1780972450961724	2.1598449493429825	1.6878920615897781
1.3744467859455345	2.1598449493429825	1.7071067811865475
1.5707963267948966	2.1598449493429825	1.687892061589778
1.7671458676442586	2.1598449493429825	1.630986313697834
1.9634954084936207	2.1598449493429825	1.5385763934890928
2.1598449493429825	2.1598449493429825	1.414213562373095
2.356194490192345	2.1598449493429825	1.2626770142061494
2.552544031041707	2.1598449493429825	1.0897902135516366
2.748893571891069	2.1598449493429825	0.9021971032026754
2.945243112740431	2.1598449493429825	0.7071067811865474
3.141592653589793	2.1598449493429825	0.5120164591704188
3.3379421944391554	2.1598449493429825	0.3244233488214572
3.5342917352885173	2.1598449493429825	0.15153654816694495
3.730641276137879	2.1598449493429825	-1.1102230246251565E-16
3.9269908169872414	2.1598449493429825	-0.124362831115998
4.123340357836604	2.1598449493429825	-0.2167727513247395
4.319689898685965	2.1598449493429825	-0.27367849921668297
4.516039439535327	2.1598449493429825	-0.29289321881345254
4.71238898038469	2.1598449493429825	-0.27367849921668297
4.908738521234052	2.1598449493429825	-0.21677275132473905
5.105088062083414	2.1598449493429825	-0.12436283111599733
5.301437602932776	2.1598449493429825	0.0
5.497787143782138	2.1598449493429825	0.1515365481669454
5.6941366846315	2.1598449493429825	0.3244233488214581
5.890486225480862	2.1598449493429825	0.512016459170419
6.086835766330224	2.1598449493429825	0.7071067811865475
6.283185307179586	2.1598449493429825	0.9021971032026759

0.0	2.356194490192345	0.7506605550357307
0.19634954084936207	2.356194490192345	0.9382536653846923
0.39269908169872414	2.356194490192345	1.1111404660392041
0.5890486225480862	2.356194490192345	1.2626770142061496
0.7853981633974483	2.356194490192345	1.3870398453221475
0.9817477042468103	2.356194490192345	1.479449765530889
1.1780972450961724	2.356194490192345	1.5363555134228326
1.3744467859455345	2.356194490192345	1.555570233019602
1.5707963267948966	2.356194490192345	1.5363555134228322
1.7671458676442586	2.356194490192345	1.4794497655308885
1.9634954084936207	2.356194490192345	1.387039845322147
2.1598449493429825	2.356194490192345	1.2626770142061494
2.356194490192345	2.356194490192345	1.111140466039204
2.552544031041707	2.356194490192345	0.9382536653846911
2.748893571891069	2.356194490192345	0.7506605550357299
2.945243112740431	2.356194490192345	0.5555702330196018
3.141592653589793	2.356194490192345	0.3604799110034733
3.3379421944391554	2.356194490192345	0.17288680065451167
3.5342917352885173	2.356194490192345	-5.551115123125783E-16
3.730641276137879	2.356194490192345	-0.15153654816694562
3.9269908169872414	2.356194490192345	-0.2758993792829435
4.123340357836604	2.356194490192345	-0.368309299491685
4.319689898685965	2.356194490192345	-0.4252150473836285
4.516039439535327	2.356194490192345	-0.44442976698039804
4.71238898038469	2.356194490192345	-0.4252150473836285
4.908738521234052	2.356194490192345	-0.36830929949168456
5.105088062083414	2.356194490192345	-0.27589937928294284
5.301437602932776	2.356194490192345	-0.1515365481669455
5.497787143782138	2.356194490192345	-1.1102230246251565E-16
5.6941366846315	2.356194490192345	0.17288680065451262
5.890486225480862	2.356194490192345	0.3604799110034735
6.086835766330224	2.356194490192345	0.555570233019602
6.283185307179586	2.356194490192345	0.7506605550357304

0.0	2.552544031041707	0.5777737543812179
0.19634954084936207	2.552544031041707	0.7653668647301797
0.39269908169872414	2.552544031041707	0.9382536653846913
0.5890486225480862	2.552544031041707	1.0897902135516369
0.7853981633974483	2.552544031041707	1.2141530446676347
0.9817477042468103	2.552544031041707	1.3065629648763761
1.1780972450961724	2.552544031041707	1.3634687127683198
1.3744467859455345	2.552544031041707	1.3826834323650892
1.5707963267948966	2.552544031041707	1.3634687127683196
1.7671458676442586	2.552544031041707	1.3065629648763757
1.9634954084936207	2.552544031041707	1.2141530446676345
2.1598449493429825	2.552544031041707	1.0897902135516366
2.356194490192345	2.552544031041707	0.9382536653846911
2.552544031041707	2.552544031041707	0.7653668647301785
2.748893571891069	2.552544031041707	0.5777737543812171
2.945243112740431	2.552544031041707	0.3826834323650891
3.141592653589793	2.552544031041707	0.18759311034896062
3.3379421944391554	2.552544031041707	-1.0547118733938987E-15
3.5342917352885173	2.552544031041707	-0.17288680065451328
3.730641276137879	2.552544031041707	-0.32442334882145835
3.9269908169872414	2.552544031041707	-0.44878617993745623
4.123340357836604	2.552544031041707	-0.5411961001461978
4.319689898685965	2.552544031041707	-0.5981018480381413
4.516039439535327	2.552544031041707	-0.6173165676349108
4.71238898038469	2.552544031041707	-0.5981018480381413
4.908738521234052	2.552544031041707	-0.5411961001461973
5.105088062083414	2.552544031041707	-0.44878617993745556
5.301437602932776	2.552544031041707	-0.32442334882145824
5.497787143782138	2.552544031041707	-0.17288680065451284
5.6941366846315	2.552544031041707	-1.1102230246251565E-16
5.890486225480862	2.552544031041707	0.18759311034896076
6.086835766330224	2.552544031041707	0.3826834323650892
6.283185307179586	2.552544031041707	0.5777737543812177

0.0	2.748893571891069	0.3901806440322566
0.19634954084936207	2.748893571891069	0.5777737543812183
0.39269908169872414	2.748893571891069	0.7506605550357301
0.5890486225480862	2.748893571891069	0.9021971032026757
0.7853981633974483	2.748893571891069	1.0265599343186733
0.9817477042468103	2.748893571891069	1.118969854527415
1.1780972450961724	2.748893571891069	1.1758756024193586
1.3744467859455345	2.748893571891069	1.195090322016128
1.5707963267948966	2.748893571891069	1.1758756024193582
1.7671458676442586	2.748893571891069	1.1189698545274145
1.9634954084936207	2.748893571891069	1.026559934318673
2.1598449493429825	2.748893571891069	0.9021971032026754
2.356194490192345	2.748893571891069	0.7506605550357299
2.552544031041707	2.748893571891069	0.5777737543812171
2.748893571891069	2.748893571891069	0.39018064403225583
2.945243112740431	2.748893571891069	0.1950903220161278
3.141592653589793	2.748893571891069	-6.938893903907228E-16
3.3379421944391554	2.748893571891069	-0.18759311034896237
3.5342917352885173	2.748893571891069	-0.3604799110034746
3.730641276137879	2.748893571891069	-0.5120164591704197
3.9269908169872414	2.748893571891069	-0.6363792902864176
4.123340357836604	2.748893571891069	-0.728789210495159
4.319689898685965	2.748893571891069	-0.7856949583871025
4.516039439535327	2.748893571891069	-0.804909677983872
4.71238898038469	2.748893571891069	-0.7856949583871025
4.908738521234052	2.748893571891069	-0.7287892104951585
5.105088062083414	2.748893571891069	-0.6363792902864169
5.301437602932776	2.748893571891069	-0.5120164591704195
5.497787143782138	2.748893571891069	-0.36047991100347415
5.6941366846315	2.748893571891069	-0.18759311034896142
5.890486225480862	2.748893571891069	-5.551115123125783E-16
6.086835766330224	2.748893571891069	0.19509032201612792
6.283185307179586	2.748893571891069	0.3901806440322564

0.0	2.945243112740431	0.1950903220161286
0.19634954084936207	2.945243112740431	0.3826834323650903
0.39269908169872414	2.945243112740431	0.5555702330196021
0.5890486225480862	2.945243112740431	0.7071067811865476
0.7853981633974483	2.945243112740431	0.8314696123025453
0.9817477042468103	2.945243112740431	0.9238795325112868
1.1780972450961724	2.945243112740431	0.9807852804032305
1.3744467859455345	2.945243112740431	0.9999999999999999
1.5707963267948966	2.945243112740431	0.9807852804032302
1.7671458676442586	2.945243112740431	0.9238795325112864
1.9634954084936207	2.945243112740431	0.8314696123025451
2.1598449493429825	2.945243112740431	0.7071067811865474
2.356194490192345	2.945243112740431	0.5555702330196018
2.552544031041707	2.945243112740431	0.3826834323650891
2.748893571891069	2.945243112740431	0.1950903220161278
2.945243112740431	2.945243112740431	-2.4492935982947064E-16
3.141592653589793	2.945243112740431	-0.19509032201612872
3.3379421944391554	2.945243112740431	-0.3826834323650904
3.5342917352885173	2.945243112740431	-0.5555702330196026
3.730641276137879	2.945243112740431	-0.7071067811865477
3.9269908169872414	2.945243112740431	-0.8314696123025456
4.123340357836604	2.945243112740431	-0.9238795325112871
4.319689898685965	2.945243112740431	-0.9807852804032305
4.516039439535327	2.945243112740431	-1.0000000000000002
4.71238898038469	2.945243112740431	-0.9807852804032305
4.908738521234052	2.945243112740431	-0.9238795325112866
5.105088062083414	2.945243112740431	-0.8314696123025449
5.301437602932776	2.945243112740431	-0.7071067811865476
5.497787143782138	2.945243112740431	-0.5555702330196022
5.6941366846315	2.945243112740431	-0.38268343236508945
5.890486225480862	2.945243112740431	-0.19509032201612858
6.086835766330224	2.945243112740431	-1.2246467991473532E-16
6.283185307179586	2.945243112740431	0.19509032201612836

0.0	3.141592653589793	1.1102230246251565E-16
0.19634954084936207	3.141592653589793	0.18759311034896178
0.39269908169872414	3.141592653589793	0.36047991100347354
0.5890486225480862	3.141592653589793	0.512016459170419
0.7853981633974483	3.141592653589793	0.6363792902864168
0.9817477042468103	3.141592653589793	0.7287892104951583
1.1780972450961724	3.141592653589793	0.785694958387102
1.3744467859455345	3.141592653589793	0.8049096779838714
1.5707963267948966	3.141592653589793	0.7856949583871017
1.7671458676442586	3.141592653589793	0.7287892104951579
1.9634954084936207	3.141592653589793	0.6363792902864166
2.1598449493429825	3.141592653589793	0.5120164591704188
2.356194490192345	3.141592653589793	0.3604799110034733
2.552544031041707	3.141592653589793	0.18759311034896062
2.748893571891069	3.141592653589793	-6.938893903907228E-16
2.945243112740431	3.141592653589793	-0.19509032201612872
3.141592653589793	3.141592653589793	-0.3901806440322572
3.3379421944391554	3.141592653589793	-0.5777737543812189
3.5342917352885173	3.141592653589793	-0.7506605550357311
3.730641276137879	3.141592653589793	-0.9021971032026762
3.9269908169872414	3.141592653589793	-1.026559934318674
4.123340357836604	3.141592653589793	-1.1189698545274156
4.319689898685965	3.141592653589793	-1.175875602419359
4.516039439535327	3.141592653589793	-1.1950903220161286
4.71238898038469	3.141592653589793	-1.175875602419359
4.908738521234052	3.141592653589793	-1.1189698545274152
5.105088062083414	3.141592653589793	-1.0265599343186733
5.301437602932776	3.141592653589793	-0.9021971032026761
5.497787143782138	3.141592653589793	-0.7506605550357307
5.6941366846315	3.141592653589793	-0.5777737543812179
5.890486225480862	3.141592653589793	-0.39018064403225705
6.086835766330224	3.141592653589793	-0.1950903220161286
6.283185307179586	3.141592653589793	-1.3877787807814457E-16

0.0	3.3379421944391554	-0.18759311034896156
0.19634954084936207	3.3379421944391554	1.1102230246251565E-16
0.39269908169872414	3.3379421944391554	0.1728868006545119
0.5890486225480862	3.3379421944391554	0.3244233488214574
0.7853981633974483	3.3379421944391554	0.4487861799374552
0.9817477042468103	3.3379421944391554	0.5411961001461967
1.1780972450961724	3.3379421944391554	0.5981018480381404
1.3744467859455345	3.3379421944391554	0.6173165676349097
1.5707963267948966	3.3379421944391554	0.59810184803814
1.7671458676442586	3.3379421944391554	0.5411961001461962
1.9634954084936207	3.3379421944391554	0.44878617993745495
2.1598449493429825	3.3379421944391554	0.3244233488214572
2.356194490192345	3.3379421944391554	0.17288680065451167
2.552544031041707	3.3379421944391554	-1.0547118733938987E-15
2.748893571891069	3.3379421944391554	-0.18759311034896237
2.945243112740431	3.3379421944391554	-0.3826834323650904
3.141592653589793	3.3379421944391554	-0.5777737543812189
3.3379421944391554	3.3379421944391554	-0.7653668647301806
3.5342917352885173	3.3379421944391554	-0.9382536653846928
3.730641276137879	3.3379421944391554	-1.089790213551638
3.9269908169872414	3.3379421944391554	-1.2141530446676359
4.123340357836604	3.3379421944391554	-1.3065629648763772
4.319689898685965	3.3379421944391554	-1.3634687127683207
4.516039439535327	3.3379421944391554	-1.3826834323650903
4.71238898038469	3.3379421944391554	-1.3634687127683207
4.908738521234052	3.3379421944391554	-1.3065629648763768
5.105088062083414	3.3379421944391554	-1.214153044667635
5.301437602932776	3.3379421944391554	-1.0897902135516377
5.497787143782138	3.3379421944391554	-0.9382536653846923
5.6941366846315	3.3379421944391554	-0.7653668647301797
5.890486225480862	3.3379421944391554	-0.5777737543812187
6.086835766330224	3.3379421944391554	-0.3826834323650903
6.283185307179586	3.3379421944391554	-0.1875931103489618

0.0	3.5342917352885173	-0.36047991100347376
0.19634954084936207	3.5342917352885173	-0.17288680065451212
0.39269908169872414	3.5342917352885173	-3.3306690738754696E-16
0.5890486225480862	3.5342917352885173	0.15153654816694517
0.7853981633974483	3.5342917352885173	0.27589937928294295
0.9817477042468103	3.5342917352885173	0.36830929949168445
1.1780972450961724	3.5342917352885173	0.42521504738362814
1.3744467859455345	3.5342917352885173	0.4444297669803975
1.5707963267948966	3.5342917352885173	0.4252150473836278
1.7671458676442586	3.5342917352885173	0.368309299491684
1.9634954084936207	3.5342917352885173	0.2758993792829427
2.1598449493429825	3.5342917352885173	0.15153654816694495
2.356194490192345	3.5342917352885173	-5.551115123125783E-16
2.552544031041707	3.5342917352885173	-0.17288680065451328
2.748893571891069	3.5342917352885173	-0.3604799110034746
2.945243112740431	3.5342917352885173	-0.5555702330196026
3.141592653589793	3.5342917352885173	-0.7506605550357311
3.3379421944391554	3.5342917352885173	-0.9382536653846928
3.5342917352885173	3.5342917352885173	-1.111140466039205
3.730641276137879	3.5342917352885173	-1.26267701420615
3.9269908169872414	3.5342917352885173	-1.387039845322148
4.123340357836604	3.5342917352885173	-1.4794497655308896
4.319689898685965	3.5342917352885173	-1.536355513422833
4.516039439535327	3.5342917352885173	-1.5555702330196026
4.71238898038469	3.5342917352885173	-1.536355513422833
4.908738521234052	3.5342917352885173	-1.4794497655308891
5.105088062083414	3.5342917352885173	-1.3870398453221473
5.301437602932776	3.5342917352885173	-1.26267701420615
5.497787143782138	3.5342917352885173	-1.1111404660392046
5.6941366846315	3.5342917352885173	-0.9382536653846918
5.890486225480862	3.5342917352885173	-0.750660555035731
6.086835766330224	3.5342917352885173	-0.5555702330196025
6.283185307179586	3.5342917352885173	-0.36047991100347404

0.0	3.730641276137879	-0.5120164591704188
0.19634954084936207	3.730641276137879	-0.3244233488214572
0.39269908169872414	3.730641276137879	-0.1515365481669454
0.5890486225480862	3.730641276137879	1.1102230246251565E-16
0.7853981633974483	3.730641276137879	0.12436283111599788
0.9817477042468103	3.730641276137879	0.2167727513247394
1.1780972450961724	3.730641276137879	0.2736784992166831
1.3744467859455345	3.730641276137879	0.2928932188134524
1.5707963267948966	3.730641276137879	0.27367849921668275
1.7671458676442586	3.730641276137879	0.21677275132473894
1.9634954084936207	3.730641276137879	0.12436283111599766
2.1598449493429825	3.730641276137879	-1.1102230246251565E-16
2.356194490192345	3.730641276137879	-0.15153654816694562
2.552544031041707	3.730641276137879	-0.32442334882145835
2.748893571891069	3.730641276137879	-0.5120164591704197
2.945243112740431	3.730641276137879	-0.7071067811865477
3.141592653589793	3.730641276137879	-0.9021971032026762
3.3379421944391554	3.730641276137879	-1.089790213551638
3.5342917352885173	3.730641276137879	-1.26267701420615
3.730641276137879	3.730641276137879	-1.4142135623730951
3.9269908169872414	3.730641276137879	-1.538576393489093
4.123340357836604	3.730641276137879	-1.6309863136978344
4.319689898685965	3.730641276137879	-1.687892061589778
4.516039439535327	3.730641276137879	-1.7071067811865475
4.71238898038469	3.730641276137879	-1.687892061589778
4.908738521234052	3.730641276137879	-1.630986313697834
5.105088062083414	3.730641276137879	-1.5385763934890924
5.301437602932776	3.730641276137879	-1.414213562373095
5.497787143782138	3.730641276137879	-1.2626770142061496
5.6941366846315	3.730641276137879	-1.0897902135516369
5.890486225480862	3.730641276137879	-0.9021971032026761
6.086835766330224	3.730641276137879	-0.7071067811865476
6.283185307179586	3.730641276137879	-0.512016459170419

0.0	3.9269908169872414	-0.6363792902864167
0.19634954084936207	3.9269908169872414	-0.44878617993745507
0.39269908169872414	3.9269908169872414	-0.2758993792829433
0.5890486225480862	3.9269908169872414	-0.12436283111599777
0.7853981633974483	3.9269908169872414	0.0
0.9817477042468103	3.9269908169872414	0.0924099202087415
1.1780972450961724	3.9269908169872414	0.1493156681006852
1.3744467859455345	3.9269908169872414	0.16853038769745454
1.5707963267948966	3.9269908169872414	0.14931566810068486
1.7671458676442586	3.9269908169872414	0.09240992020874106
1.9634954084936207	3.9269908169872414	-2.220446049250313E-16
2.1598449493429825	3.9269908169872414	-0.124362831115998
2.356194490192345	3.9269908169872414	-0.2758993792829435
2.552544031041707	3.9269908169872414	-0.44878617993745623
2.748893571891069	3.9269908169872414	-0.6363792902864176
2.945243112740431	3.9269908169872414	-0.8314696123025456
3.141592653589793	3.9269908169872414	-1.026559934318674
3.3379421944391554	3.9269908169872414	-1.2141530446676359
3.5342917352885173	3.9269908169872414	-1.387039845322148
3.730641276137879	3.9269908169872414	-1.538576393489093
3.9269908169872414	3.9269908169872414	-1.662939224605091
4.123340357836604	3.9269908169872414	-1.7553491448138323
4.319689898685965	3.9269908169872414	-1.8122548927057758
4.516039439535327	3.9269908169872414	-1.8314696123025453
4.71238898038469	3.9269908169872414	-1.8122548927057758
4.908738521234052	3.9269908169872414	-1.7553491448138319
5.105088062083414	3.9269908169872414	-1.6629392246050902
5.301437602932776	3.9269908169872414	-1.5385763934890928
5.497787143782138	3.9269908169872414	-1.3870398453221475
5.6941366846315	3.9269908169872414	-1.2141530446676347
5.890486225480862	3.9269908169872414	-1.026559934318674
6.086835766330224	3.9269908169872414	-0.8314696123025455
6.283185307179586	3.9269908169872414	-0.6363792902864169

0.0	4.123340357836604	-0.7287892104951582
0.19634954084936207	4.123340357836604	-0.5411961001461966
0.39269908169872414	4.123340357836604	-0.3683092994916848
0.5890486225480862	4.123340357836604	-0.21677275132473928
0.7853981633974483	4.123340357836604	-0.0924099202087415
0.9817477042468103	4.123340357836604	0.0
1.1780972450961724	4.123340357836604	0.05690574789194369
1.3744467859455345	4.123340357836604	0.07612046748871304
1.5707963267948966	4.123340357836604	0.05690574789194336
1.7671458676442586	4.123340357836604	-4.440892098500626E-16
1.9634954084936207	4.123340357836604	-0.09240992020874172
2.1598449493429825	4.123340357836604	-0.2167727513247395
2.356194490192345	4.123340357836604	-0.368309299491685
2.552544031041707	4.123340357836604	-0.5411961001461978
2.748893571891069	4.123340357836604	-0.728789210495159
2.945243112740431	4.123340357836604	-0.9238795325112871
3.141592653589793	4.123340357836604	-1.1189698545274156
3.3379421944391554	4.123340357836604	-1.3065629648763772
3.5342917352885173	4.123340357836604	-1.4794497655308896
3.730641276137879	4.123340357836604	-1.6309863136978344
3.9269908169872414	4.123340357836604	-1.7553491448138323
4.123340357836604	4.123340357836604	-1.847759065022574
4.319689898685965	4.123340357836604	-1.9046648129145174
4.516039439535327	4.123340357836604	-1.923879532511287
4.71238898038469	4.123340357836604	-1.9046648129145174
4.908738521234052	4.123340357836604	-1.8477590650225735
5.105088062083414	4.123340357836604	-1.7553491448138319
5.301437602932776	4.123340357836604	-1.6309863136978344
5.497787143782138	4.123340357836604	-1.4794497655308891
5.6941366846315	4.123340357836604	-1.3065629648763764
5.890486225480862	4.123340357836604	-1.1189698545274154
6.086835766330224	4.123340357836604	-0.923879532511287
6.283185307179586	4.123340357836604	-0.7287892104951585

0.0	4.319689898685965	-0.7856949583871017
0.19634954084936207	4.319689898685965	-0.59810184803814
0.39269908169872414	4.319689898685965	-0.42521504738362825
0.5890486225480862	4.319689898685965	-0.27367849921668275
0.7853981633974483	4.319689898685965	-0.14931566810068497
0.9817477042468103	4.319689898685965	-0.05690574789194347
1.1780972450961724	4.319689898685965	2.220446049250313E-16
1.3744467859455345	4.319689898685965	0.01921471959676957
1.5707963267948966	4.319689898685965	-1.1102230246251565E-16
1.7671458676442586	4.319689898685965	-0.056905747891943914
1.9634954084936207	4.319689898685965	-0.1493156681006852
2.1598449493429825	4.319689898685965	-0.27367849921668297
2.356194490192345	4.319689898685965	-0.4252150473836285
2.552544031041707	4.319689898685965	-0.5981018480381413
2.748893571891069	4.319689898685965	-0.7856949583871025
2.945243112740431	4.319689898685965	-0.9807852804032305
3.141592653589793	4.319689898685965	-1.175875602419359
3.3379421944391554	4.319689898685965	-1.3634687127683207
3.5342917352885173	4.319689898685965	-1.536355513422833
3.730641276137879	4.319689898685965	-1.687892061589778
3.9269908169872414	4.319689898685965	-1.8122548927057758
4.123340357836604	4.319689898685965	-1.9046648129145174
4.319689898685965	4.319689898685965	-1.9615705608064609
4.516039439535327	4.319689898685965	-1.9807852804032304
4.71238898038469	4.319689898685965	-1.9615705608064609
4.908738521234052	4.319689898685965	-1.904664812914517
5.105088062083414	4.319689898685965	-1.8122548927057753
5.301437602932776	4.319689898685965	-1.687892061589778
5.497787143782138	4.319689898685965	-1.5363555134228326
5.6941366846315	4.319689898685965	-1.3634687127683198
5.890486225480862	4.319689898685965	-1.1758756024193588
6.086835766330224	4.319689898685965	-0.9807852804032304
6.283185307179586	4.319689898685965	-0.785694958387102

0.0	4.516039439535327	-0.8049096779838713
0.19634954084936207	4.516039439535327	-0.6173165676349096
0.39269908169872414	4.516039439535327	-0.4444297669803978
0.5890486225480862	4.516039439535327	-0.2928932188134523
0.7853981633974483	4.516039439535327	-0.16853038769745454
0.9817477042468103	4.516039439535327	-0.07612046748871304
1.1780972450961724	4.516039439535327	-0.019214719596769347
1.3744467859455345	4.516039439535327	0.0
1.5707963267948966	4.516039439535327	-0.01921471959676968
1.7671458676442586	4.516039439535327	-0.07612046748871348
1.9634954084936207	4.516039439535327	-0.16853038769745476
2.1598449493429825	4.516039439535327	-0.29289321881345254
2.356194490192345	4.516039439535327	-0.44442976698039804
2.552544031041707	4.516039439535327	-0.6173165676349108
2.748893571891069	4.516039439535327	-0.804909677983872
2.945243112740431	4.516039439535327	-1.0000000000000002
3.141592653589793	4.516039439535327	-1.1950903220161286
3.3379421944391554	4.516039439535327	-1.3826834323650903
3.5342917352885173	4.516039439535327	-1.5555702330196026
3.730641276137879	4.516039439535327	-1.7071067811865475
3.9269908169872414	4.516039439535327	-1.8314696123025453
4.123340357836604	4.516039439535327	-1.923879532511287
4.319689898685965	4.516039439535327	-1.9807852804032304
4.516039439535327	4.516039439535327	-2.0
4.71238898038469	4.516039439535327	-1.9807852804032304
4.908738521234052	4.516039439535327	-1.9238795325112865
5.105088062083414	4.516039439535327	-1.831469612302545
5.301437602932776	4.516039439535327	-1.7071067811865475
5.497787143782138	4.516039439535327	-1.5555702330196022
5.6941366846315	4.516039439535327	-1.3826834323650894
5.890486225480862	4.516039439535327	-1.1950903220161284
6.086835766330224	4.516039439535327	-1.0
6.283185307179586	4.516039439535327	-0.8049096779838716

0.0	4.71238898038469	-0.7856949583871017
0.19634954084936207	4.71238898038469	-0.59810184803814
0.39269908169872414	4.71238898038469	-0.42521504738362825
0.5890486225480862	4.71238898038469	-0.27367849921668275
0.7853981633974483	4.71238898038469	-0.14931566810068497
0.9817477042468103	4.71238898038469	-0.05690574789194347
1.1780972450961724	4.71238898038469	2.220446049250313E-16
1.3744467859455345	4.71238898038469	0.01921471959676957
1.5707963267948966	4.71238898038469	-1.1102230246251565E-16
1.7671458676442586	4.71238898038469	-0.056905747891943914
1.9634954084936207	4.71238898038469	-0.1493156681006852
2.1598449493429825	4.71238898038469	-0.27367849921668297
2.356194490192345	4.71238898038469	-0.4252150473836285
2.552544031041707	4.71238898038469	-0.5981018480381413
2.748893571891069	4.71238898038469	-0.7856949583871025
2.945243112740431	4.71238898038469	-0.9807852804032305
3.141592653589793	4.71238898038469	-1.175875602419359
3.3379421944391554	4.71238898038469	-1.3634687127683207
3.5342917352885173	4.71238898038469	-1.536355513422833
3.730641276137879	4.71238898038469	-1.687892061589778
3.9269908169872414	4.71238898038469	-1.8122548927057758
4.123340357836604	4.71238898038469	-1.9046648129145174
4.319689898685965	4.71238898038469	-1.9615705608064609
4.516039439535327	4.71238898038469	-1.9807852804032304
4.71238898038469	4.71238898038469	-1.9615705608064609
4.908738521234052	4.71238898038469	-1.904664812914517
5.105088062083414	4.71238898038469	-1.8122548927057753
5.301437602932776	4.71238898038469	-1.687892061589778
5.497787143782138	4.71238898038469	-1.5363555134228326
5.6941366846315	4.71238898038469	-1.3634687127683198
5.890486225480862	4.71238898038469	-1.1758756024193588
6.086835766330224	4.71238898038469	-0.9807852804032304
6.283185307179586	4.71238898038469	-0.785694958387102

0.0	4.908738521234052	-0.7287892104951578
0.19634954084936207	4.908738521234052	-0.5411961001461961
0.39269908169872414	4.908738521234052	-0.36830929949168434
0.5890486225480862	4.908738521234052	-0.21677275132473883
0.7853981633974483	4.908738521234052	-0.09240992020874106
0.9817477042468103	4.908738521234052	4.440892098500626E-16
1.1780972450961724	4.908738521234052	0.056905747891944136
1.3744467859455345	4.908738521234052	0.07612046748871348
1.5707963267948966	4.908738521234052	0.0569057478919438
1.7671458676442586	4.908738521234052	0.0
1.9634954084936207	4.908738521234052	-0.09240992020874128
2.1598449493429825	4.908738521234052	-0.21677275132473905
2.356194490192345	4.908738521234052	-0.36830929949168456
2.552544031041707	4.908738521234052	-0.5411961001461973
2.748893571891069	4.908738521234052	-0.7287892104951585
2.945243112740431	4.908738521234052	-0.9238795325112866
3.141592653589793	4.908738521234052	-1.1189698545274152
3.3379421944391554	4.908738521234052	-1.3065629648763768
3.5342917352885173	4.908738521234052	-1.4794497655308891
3.730641276137879	4.908738521234052	-1.630986313697834
3.9269908169872414	4.908738521234052	-1.7553491448138319
4.123340357836604	4.908738521234052	-1.8477590650225735
4.319689898685965	4.908738521234052	-1.904664812914517
4.516039439535327	4.908738521234052	-1.9238795325112865
4.71238898038469	4.908738521234052	-1.904664812914517
4.908738521234052	4.908738521234052	-1.847759065022573
5.105088062083414	4.908738521234052	-1.7553491448138314
5.301437602932776	4.908738521234052	-1.630986313697834
5.497787143782138	4.908738521234052	-1.4794497655308887
5.6941366846315	4.908738521234052	-1.306562964876376
5.890486225480862	4.908738521234052	-1.118969854527415
6.086835766330224	4.908738521234052	-0.9238795325112865
6.283185307179586	4.908738521234052	-0.7287892104951581

0.0	5.105088062083414	-0.636379290286416
0.19634954084936207	5.105088062083414	-0.4487861799374544
0.39269908169872414	5.105088062083414	-0.2758993792829426
0.5890486225480862	5.105088062083414	-0.12436283111599711
0.7853981633974483	5.105088062083414	6.661338147750939E-16
0.9817477042468103	5.105088062083414	0.09240992020874217
1.1780972450961724	5.105088062083414	0.14931566810068586
1.3744467859455345	5.105088062083414	0.1685303876974552
1.5707963267948966	5.105088062083414	0.14931566810068553
1.7671458676442586	5.105088062083414	0.09240992020874172
1.9634954084936207	5.105088062083414	4.440892098500626E-16
2.1598449493429825	5.105088062083414	-0.12436283111599733
2.356194490192345	5.105088062083414	-0.27589937928294284
2.552544031041707	5.105088062083414	-0.44878617993745556
2.748893571891069	5.105088062083414	-0.6363792902864169
2.945243112740431	5.105088062083414	-0.8314696123025449
3.141592653589793	5.105088062083414	-1.0265599343186733
3.3379421944391554	5.105088062083414	-1.214153044667635
3.5342917352885173	5.105088062083414	-1.3870398453221473
3.730641276137879	5.105088062083414	-1.5385763934890924
3.9269908169872414	5.105088062083414	-1.6629392246050902
4.123340357836604	5.105088062083414	-1.7553491448138319
4.319689898685965	5.105088062083414	-1.8122548927057753
4.516039439535327	5.105088062083414	-1.831469612302545
4.71238898038469	5.105088062083414	-1.8122548927057753
4.908738521234052	5.105088062083414	-1.7553491448138314
5.105088062083414	5.105088062083414	-1.6629392246050896
5.301437602932776	5.105088062083414	-1.5385763934890924
5.497787143782138	5.105088062083414	-1.3870398453221469
5.6941366846315	5.105088062083414	-1.214153044667634
5.890486225480862	5.105088062083414	-1.0265599343186733
6.086835766330224	5.105088062083414	-0.8314696123025448
6.283185307179586	5.105088062083414	-0.6363792902864163

0.0	5.301437602932776	-0.5120164591704187
0.19634954084936207	5.301437602932776	-0.32442334882145707
0.39269908169872414	5.301437602932776	-0.15153654816694528
0.5890486225480862	5.301437602932776	2.220446049250313E-16
0.7853981633974483	5.301437602932776	0.124362831115998
0.9817477042468103	5.301437602932776	0.2167727513247395
1.1780972450961724	5.301437602932776	0.2736784992166832
1.3744467859455345	5.301437602932776	0.29289321881345254
1.5707963267948966	5.301437602932776	0.27367849921668286
1.7671458676442586	5.301437602932776	0.21677275132473905
1.9634954084936207	5.301437602932776	0.12436283111599777
2.1598449493429825	5.301437602932776	0.0
2.356194490192345	5.301437602932776	-0.1515365481669455
2.552544031041707	5.301437602932776	-0.32442334882145824
2.748893571891069	5.301437602932776	-0.5120164591704195
2.945243112740431	5.301437602932776	-0.7071067811865476
3.141592653589793	5.301437602932776	-0.9021971032026761
3.3379421944391554	5.301437602932776	-1.0897902135516377
3.5342917352885173	5.301437602932776	-1.26267701420615
3.730641276137879	5.301437602932776	-1.414213562373095
3.9269908169872414	5.301437602932776	-1.5385763934890928
4.123340357836604	5.301437602932776	-1.6309863136978344
4.319689898685965	5.301437602932776	-1.687892061589778
4.516039439535327	5.301437602932776	-1.7071067811865475
4.71238898038469	5.301437602932776	-1.687892061589778
4.908738521234052	5.301437602932776	-1.630986313697834
5.105088062083414	5.301437602932776	-1.5385763934890924
5.301437602932776	5.301437602932776	-1.414213562373095
5.497787143782138	5.301437602932776	-1.2626770142061496
5.6941366846315	5.301437602932776	-1.0897902135516369
5.890486225480862	5.301437602932776	-0.9021971032026759
6.086835766330224	5.301437602932776	-0.7071067811865475
6.283185307179586	5.301437602932776	-0.512016459170419

0.0	5.497787143782138	-0.3604799110034733
0.19634954084936207	5.497787143782138	-0.17288680065451167
0.39269908169872414	5.497787143782138	1.1102230246251565E-16
0.5890486225480862	5.497787143782138	0.15153654816694562
0.7853981633974483	5.497787143782138	0.2758993792829434
0.9817477042468103	5.497787143782138	0.3683092994916849
1.1780972450961724	5.497787143782138	0.4252150473836286
1.3744467859455345	5.497787143782138	0.44442976698039793
1.5707963267948966	5.497787143782138	0.42521504738362825
1.7671458676442586	5.497787143782138	0.36830929949168445
1.9634954084936207	5.497787143782138	0.27589937928294317
2.1598449493429825	5.497787143782138	0.1515365481669454
2.356194490192345	5.497787143782138	-1.1102230246251565E-16
2.552544031041707	5.497787143782138	-0.17288680065451284
2.748893571891069	5.497787143782138	-0.36047991100347415
2.945243112740431	5.497787143782138	-0.5555702330196022
3.141592653589793	5.497787143782138	-0.7506605550357307
3.3379421944391554	5.497787143782138	-0.9382536653846923
3.5342917352885173	5.497787143782138	-1.1111404660392046
3.730641276137879	5.497787143782138	-1.2626770142061496
3.9269908169872414	5.497787143782138	-1.3870398453221475
4.123340357836604	5.497787143782138	-1.4794497655308891
4.319689898685965	5.497787143782138	-1.5363555134228326
4.516039439535327	5.497787143782138	-1.5555702330196022
4.71238898038469	5.497787143782138	-1.5363555134228326
4.908738521234052	5.497787143782138	-1.4794497655308887
5.105088062083414	5.497787143782138	-1.3870398453221469
5.301437602932776	5.497787143782138	-1.2626770142061496
5.497787143782138	5.497787143782138	-1.1111404660392041
5.6941366846315	5.497787143782138	-0.9382536653846913
5.890486225480862	5.497787143782138	-0.7506605550357306
6.086835766330224	5.497787143782138	-0.5555702330196021
6.283185307179586	5.497787143782138	-0.3604799110034736

0.0	5.6941366846315	-0.18759311034896062
0.19634954084936207	5.6941366846315	1.0547118733938987E-15
0.39269908169872414	5.6941366846315	0.17288680065451284
0.5890486225480862	5.6941366846315	0.32442334882145835
0.7853981633974483	5.6941366846315	0.4487861799374561
0.9817477042468103	5.6941366846315	0.5411961001461976
1.1780972450961724	5.6941366846315	0.5981018480381413
1.3744467859455345	5.6941366846315	0.6173165676349106
1.5707963267948966	5.6941366846315	0.598101848038141
1.7671458676442586	5.6941366846315	0.5411961001461971
1.9634954084936207	5.6941366846315	0.4487861799374559
2.1598449493429825	5.6941366846315	0.3244233488214581
2.356194490192345	5.6941366846315	0.17288680065451262
2.552544031041707	5.6941366846315	-1.1102230246251565E-16
2.748893571891069	5.6941366846315	-0.18759311034896142
2.945243112740431	5.6941366846315	-0.38268343236508945
3.141592653589793	5.6941366846315	-0.5777737543812179
3.3379421944391554	5.6941366846315	-0.7653668647301797
3.5342917352885173	5.6941366846315	-0.9382536653846918
3.730641276137879	5.6941366846315	-1.0897902135516369
3.9269908169872414	5.6941366846315	-1.2141530446676347
4.123340357836604	5.6941366846315	-1.3065629648763764
4.319689898685965	5.6941366846315	-1.3634687127683198
4.516039439535327	5.6941366846315	-1.3826834323650894
4.71238898038469	5.6941366846315	-1.3634687127683198
4.908738521234052	5.6941366846315	-1.306562964876376
5.105088062083414	5.6941366846315	-1.214153044667634
5.301437602932776	5.6941366846315	-1.0897902135516369
5.497787143782138	5.6941366846315	-0.9382536653846913
5.6941366846315	5.6941366846315	-0.7653668647301787
5.890486225480862	5.6941366846315	-0.5777737543812178
6.086835766330224	5.6941366846315	-0.38268343236508934
6.283185307179586	5.6941366846315	-0.18759311034896087

0.0	5.890486225480862	2.498001805406602E-16
0.19634954084936207	5.890486225480862	0.18759311034896192
0.39269908169872414	5.890486225480862	0.3604799110034737
0.5890486225480862	5.890486225480862	0.5120164591704193
0.7853981633974483	5.890486225480862	0.6363792902864169
0.9817477042468103	5.890486225480862	0.7287892104951585
1.1780972450961724	5.890486225480862	0.7856949583871022
1.3744467859455345	5.890486225480862	0.8049096779838716
1.5707963267948966	5.890486225480862	0.7856949583871018
1.7671458676442586	5.890486225480862	0.7287892104951581
1.9634954084936207	5.890486225480862	0.6363792902864167
2.1598449493429825	5.890486225480862	0.512016459170419
2.356194490192345	5.890486225480862	0.3604799110034735
2.552544031041707	5.890486225480862	0.18759311034896076
2.748893571891069	5.890486225480862	-5.551115123125783E-16
2.945243112740431	5.890486225480862	-0.19509032201612858
3.141592653589793	5.890486225480862	-0.39018064403225705
3.3379421944391554	5.890486225480862	-0.5777737543812187
3.5342917352885173	5.890486225480862	-0.750660555035731
3.730641276137879	5.890486225480862	-0.9021971032026761
3.9269908169872414	5.890486225480862	-1.026559934318674
4.123340357836604	5.890486225480862	-1.1189698545274154
4.319689898685965	5.890486225480862	-1.1758756024193588
4.516039439535327	5.890486225480862	-1.1950903220161284
4.71238898038469	5.890486225480862	-1.1758756024193588
4.908738521234052	5.890486225480862	-1.118969854527415
5.105088062083414	5.890486225480862	-1.0265599343186733
5.301437602932776	5.890486225480862	-0.9021971032026759
5.497787143782138	5.890486225480862	-0.7506605550357306
5.6941366846315	5.890486225480862	-0.5777737543812178
5.890486225480862	5.890486225480862	-0.39018064403225694
6.086835766330224	5.890486225480862	-0.19509032201612847
6.283185307179586	5.890486225480862	0.0

0.0	6.086835766330224	0.19509032201612872
0.19634954084936207	6.086835766330224	0.3826834323650904
0.39269908169872414	6.086835766330224	0.5555702330196022
0.5890486225480862	6.086835766330224	0.7071067811865477
0.7853981633974483	6.086835766330224	0.8314696123025455
0.9817477042468103	6.086835766330224	0.923879532511287
1.1780972450961724	6.086835766330224	0.9807852804032307
1.3744467859455345	6.086835766330224	1.0
1.5707963267948966	6.086835766330224	0.9807852804032303
1.7671458676442586	6.086835766330224	0.9238795325112865
1.9634954084936207	6.086835766330224	0.8314696123025452
2.1598449493429825	6.086835766330224	0.7071067811865475
2.356194490192345	6.086835766330224	0.555570233019602
2.552544031041707	6.086835766330224	0.3826834323650892
2.748893571891069	6.086835766330224	0.19509032201612792
2.945243112740431	6.086835766330224	-1.2246467991473532E-16
3.141592653589793	6.086835766330224	-0.1950903220161286
3.3379421944391554	6.086835766330224	-0.3826834323650903
3.5342917352885173	6.086835766330224	-0.5555702330196025
3.730641276137879	6.086835766330224	-0.7071067811865476
3.9269908169872414	6.086835766330224	-0.8314696123025455
4.123340357836604	6.086835766330224	-0.923879532511287
4.319689898685965	6.086835766330224	-0.9807852804032304
4.516039439535327	6.086835766330224	-1.0
4.71238898038469	6.086835766330224	-0.9807852804032304
4.908738521234052	6.086835766330224	-0.9238795325112865
5.105088062083414	6.086835766330224	-0.8314696123025448
5.301437602932776	6.086835766330224	-0.7071067811865475
5.497787143782138	6.086835766330224	-0.5555702330196021
5.6941366846315	6.086835766330224	-0.38268343236508934
5.890486225480862	6.086835766330224	-0.19509032201612847
6.086835766330224	6.086835766330224	0.0
6.283185307179586	6.086835766330224	0.19509032201612847

0.0	6.283185307179586	0.39018064403225716
0.19634954084936207	6.283185307179586	0.5777737543812189
0.39269908169872414	6.283185307179586	0.7506605550357306
0.5890486225480862	6.283185307179586	0.9021971032026761
0.7853981633974483	6.283185307179586	1.026559934318674
0.9817477042468103	6.283185307179586	1.1189698545274154
1.1780972450961724	6.283185307179586	1.175875602419359
1.3744467859455345	6.283185307179586	1.1950903220161284
1.5707963267948966	6.283185307179586	1.1758756024193588
1.7671458676442586	6.283185307179586	1.118969854527415
1.9634954084936207	6.283185307179586	1.0265599343186738
2.1598449493429825	6.283185307179586	0.9021971032026759
2.356194490192345	6.283185307179586	0.7506605550357304
2.552544031041707	6.283185307179586	0.5777737543812177
2.748893571891069	6.283185307179586	0.3901806440322564
2.945243112740431	6.283185307179586	0.19509032201612836
3.141592653589793	6.283185307179586	-1.3877787807814457E-16
3.3379421944391554	6.283185307179586	-0.1875931103489618
3.5342917352885173	6.283185307179586	-0.36047991100347404
3.730641276137879	6.283185307179586	-0.512016459170419
3.9269908169872414	6.283185307179586	-0.6363792902864169
4.123340357836604	6.283185307179586	-0.7287892104951585
4.319689898685965	6.283185307179586	-0.785694958387102
4.516039439535327	6.283185307179586	-0.8049096779838716
4.71238898038469	6.283185307179586	-0.785694958387102
4.908738521234052	6.283185307179586	-0.7287892104951581
5.105088062083414	6.283185307179586	-0.6363792902864163
5.301437602932776	6.283185307179586	-0.512016459170419
5.497787143782138	6.283185307179586	-0.3604799110034736
5.6941366846315	6.283185307179586	-0.18759311034896087
5.890486225480862	6.283185307179586	0.0
6.086835766330224	6.283185307179586	0.19509032201612847
6.283185307179586	6.283185307179586	0.39018064403225694

