0.0	0.0	-1.662939224605091
0.19634954084936207	0.0	-1.7553491448138323
0.39269908169872414	0.0	-1.812254892705776
0.5890486225480862	0.0	-1.8314696123025453
0.7853981633974483	0.0	-1.8122548927057758
0.9817477042468103	0.0	-1.755349144813832
1.1780972450961724	0.0	-1.6629392246050907
1.3744467859455345	0.0	-1.5385763934890928
1.5707963267948966	0.0	-1.3870398453221475
1.7671458676442586	0.0	-1.214153044667635
1.9634954084936207	0.0	-1.0265599343186735
2.1598449493429825	0.0	-0.8314696123025455
2.356194490192345	0.0	-0.6363792902864169
2.552544031041707	0.0	-0.4487861799374553
2.748893571891069	0.0	-0.27589937928294306
2.945243112740431	0.0	-0.124362831115998
3.141592653589793	0.0	-1.1102230246251565E-16
3.3379421944391554	0.0	0.0924099202087415
3.5342917352885173	0.0	0.14931566810068497
3.730641276137879	0.0	0.16853038769745454
3.9269908169872414	0.0	0.14931566810068497
4.123340357836604	0.0	0.09240992020874117
4.319689898685965	0.0	0.0
4.516039439535327	0.0	-0.12436283111599788
4.71238898038469	0.0	-0.2758993792829433
4.908738521234052	0.0	-0.448786179937456
5.105088062083414	0.0	-0.6363792902864177
5.301437602932776	0.0	-0.8314696123025453
5.497787143782138	0.0	-1.0265599343186738
5.6941366846315	0.0	-1.2141530446676354
5.890486225480862	0.0	-1.3870398453221475
6.086835766330224	0.0	-1.5385763934890928
6.283185307179586	0.0	-1.6629392246050907

0.0	0.19634954084936207	-1.7553491448138323
0.19634954084936207	0.19634954084936207	-1.8477590650225737
0.39269908169872414	0.19634954084936207	-1.9046648129145174
0.5890486225480862	0.19634954084936207	-1.923879532511287
0.7853981633974483	0.19634954084936207	-1.9046648129145174
0.9817477042468103	0.19634954084936207	-1.8477590650225735
1.1780972450961724	0.19634954084936207	-1.7553491448138319
1.3744467859455345	0.19634954084936207	-1.6309863136978342
1.5707963267948966	0.19634954084936207	-1.479449765530889
1.7671458676442586	0.19634954084936207	-1.3065629648763764
1.9634954084936207	0.19634954084936207	-1.118969854527415
2.1598449493429825	0.19634954084936207	-0.9238795325112868
2.356194490192345	0.19634954084936207	-0.7287892104951583
2.552544031041707	0.19634954084936207	-0.5411961001461967
2.748893571891069	0.19634954084936207	-0.36830929949168445
2.945243112740431	0.19634954084936207	-0.2167727513247394
3.141592653589793	0.19634954084936207	-0.0924099202087415
3.3379421944391554	0.19634954084936207	1.1102230246251565E-16
3.5342917352885173	0.19634954084936207	0.05690574789194358
3.730641276137879	0.19634954084936207	0.07612046748871315
3.9269908169872414	0.19634954084936207	0.05690574789194358
4.123340357836604	0.19634954084936207	-2.220446049250313E-16
4.319689898685965	0.19634954084936207	-0.09240992020874139
4.516039439535327	0.19634954084936207	-0.21677275132473928
4.71238898038469	0.19634954084936207	-0.36830929949168467
4.908738521234052	0.19634954084936207	-0.5411961001461973
5.105088062083414	0.19634954084936207	-0.7287892104951591
5.301437602932776	0.19634954084936207	-0.9238795325112867
5.497787143782138	0.19634954084936207	-1.1189698545274152
5.6941366846315	0.19634954084936207	-1.306562964876377
5.890486225480862	0.19634954084936207	-1.4794497655308887
6.086835766330224	0.19634954084936207	-1.6309863136978344
6.283185307179586	0.19634954084936207	-1.755349144813832

0.0	0.39269908169872414	-1.812254892705776
0.19634954084936207	0.39269908169872414	-1.9046648129145174
0.39269908169872414	0.39269908169872414	-1.961570560806461
0.5890486225480862	0.39269908169872414	-1.9807852804032304
0.7853981633974483	0.39269908169872414	-1.9615705608064609
0.9817477042468103	0.39269908169872414	-1.9046648129145172
1.1780972450961724	0.39269908169872414	-1.8122548927057758
1.3744467859455345	0.39269908169872414	-1.687892061589778
1.5707963267948966	0.39269908169872414	-1.5363555134228326
1.7671458676442586	0.39269908169872414	-1.36346871276832
1.9634954084936207	0.39269908169872414	-1.1758756024193586
2.1598449493429825	0.39269908169872414	-0.9807852804032305
2.356194490192345	0.39269908169872414	-0.785694958387102
2.552544031041707	0.39269908169872414	-0.5981018480381404
2.748893571891069	0.39269908169872414	-0.42521504738362814
2.945243112740431	0.39269908169872414	-0.2736784992166831
3.141592653589793	0.39269908169872414	-0.1493156681006852
3.3379421944391554	0.39269908169872414	-0.05690574789194358
3.5342917352885173	0.39269908169872414	-1.1102230246251565E-16
3.730641276137879	0.39269908169872414	0.01921471959676946
3.9269908169872414	0.39269908169872414	-1.1102230246251565E-16
4.123340357836604	0.39269908169872414	-0.056905747891943914
4.319689898685965	0.39269908169872414	-0.14931566810068508
4.516039439535327	0.39269908169872414	-0.27367849921668297
4.71238898038469	0.39269908169872414	-0.42521504738362836
4.908738521234052	0.39269908169872414	-0.598101848038141
5.105088062083414	0.39269908169872414	-0.7856949583871028
5.301437602932776	0.39269908169872414	-0.9807852804032304
5.497787143782138	0.39269908169872414	-1.1758756024193588
5.6941366846315	0.39269908169872414	-1.3634687127683205
5.890486225480862	0.39269908169872414	-1.5363555134228326
6.086835766330224	0.39269908169872414	-1.687892061589778
6.283185307179586	0.39269908169872414	-1.8122548927057758

0.0	0.5890486225480862	-1.8314696123025453
0.19634954084936207	0.5890486225480862	-1.923879532511287
0.39269908169872414	0.5890486225480862	-1.9807852804032304
0.5890486225480862	0.5890486225480862	-2.0
0.7853981633974483	0.5890486225480862	-1.9807852804032304
0.9817477042468103	0.5890486225480862	-1.9238795325112865
1.1780972450961724	0.5890486225480862	-1.8314696123025451
1.3744467859455345	0.5890486225480862	-1.7071067811865475
1.5707963267948966	0.5890486225480862	-1.5555702330196022
1.7671458676442586	0.5890486225480862	-1.3826834323650896
1.9634954084936207	0.5890486225480862	-1.195090322016128
2.1598449493429825	0.5890486225480862	-1.0
2.356194490192345	0.5890486225480862	-0.8049096779838716
2.552544031041707	0.5890486225480862	-0.6173165676349098
2.748893571891069	0.5890486225480862	-0.4444297669803976
2.945243112740431	0.5890486225480862	-0.29289321881345254
3.141592653589793	0.5890486225480862	-0.16853038769745465
3.3379421944391554	0.5890486225480862	-0.07612046748871304
3.5342917352885173	0.5890486225480862	-0.01921471959676957
3.730641276137879	0.5890486225480862	0.0
3.9269908169872414	0.5890486225480862	-0.01921471959676957
4.123340357836604	0.5890486225480862	-0.07612046748871337
4.319689898685965	0.5890486225480862	-0.16853038769745454
4.516039439535327	0.5890486225480862	-0.2928932188134524
4.71238898038469	0.5890486225480862	-0.4444297669803978
4.908738521234052	0.5890486225480862	-0.6173165676349106
5.105088062083414	0.5890486225480862	-0.8049096779838723
5.301437602932776	0.5890486225480862	-0.9999999999999999
5.497787143782138	0.5890486225480862	-1.1950903220161284
5.6941366846315	0.5890486225480862	-1.38268343236509
5.890486225480862	0.5890486225480862	-1.555570233019602
6.086835766330224	0.5890486225480862	-1.7071067811865475
6.283185307179586	0.5890486225480862	-1.8314696123025453

0.0	0.7853981633974483	-1.8122548927057758
0.19634954084936207	0.7853981633974483	-1.9046648129145174
0.39269908169872414	0.7853981633974483	-1.9615705608064609
0.5890486225480862	0.7853981633974483	-1.9807852804032304
0.7853981633974483	0.7853981633974483	-1.9615705608064609
0.9817477042468103	0.7853981633974483	-1.904664812914517
1.1780972450961724	0.7853981633974483	-1.8122548927057756
1.3744467859455345	0.7853981633974483	-1.687892061589778
1.5707963267948966	0.7853981633974483	-1.5363555134228326
1.7671458676442586	0.7853981633974483	-1.36346871276832
1.9634954084936207	0.7853981633974483	-1.1758756024193584
2.1598449493429825	0.7853981633974483	-0.9807852804032304
2.356194490192345	0.7853981633974483	-0.785694958387102
2.552544031041707	0.7853981633974483	-0.5981018480381403
2.748893571891069	0.7853981633974483	-0.42521504738362803
2.945243112740431	0.7853981633974483	-0.27367849921668297
3.141592653589793	0.7853981633974483	-0.14931566810068508
3.3379421944391554	0.7853981633974483	-0.05690574789194347
3.5342917352885173	0.7853981633974483	0.0
3.730641276137879	0.7853981633974483	0.01921471959676957
3.9269908169872414	0.7853981633974483	0.0
4.123340357836604	0.7853981633974483	-0.0569057478919438
4.319689898685965	0.7853981633974483	-0.14931566810068497
4.516039439535327	0.7853981633974483	-0.27367849921668286
4.71238898038469	0.7853981633974483	-0.42521504738362825
4.908738521234052	0.7853981633974483	-0.598101848038141
5.105088062083414	0.7853981633974483	-0.7856949583871027
5.301437602932776	0.7853981633974483	-0.9807852804032303
5.497787143782138	0.7853981633974483	-1.1758756024193588
5.6941366846315	0.7853981633974483	-1.3634687127683205
5.890486225480862	0.7853981633974483	-1.5363555134228324
6.086835766330224	0.7853981633974483	-1.687892061589778
6.283185307179586	0.7853981633974483	-1.8122548927057758

0.0	0.9817477042468103	-1.755349144813832
0.19634954084936207	0.9817477042468103	-1.8477590650225735
0.39269908169872414	0.9817477042468103	-1.9046648129145172
0.5890486225480862	0.9817477042468103	-1.9238795325112865
0.7853981633974483	0.9817477042468103	-1.904664812914517
0.9817477042468103	0.9817477042468103	-1.8477590650225733
1.1780972450961724	0.9817477042468103	-1.7553491448138319
1.3744467859455345	0.9817477042468103	-1.630986313697834
1.5707963267948966	0.9817477042468103	-1.4794497655308887
1.7671458676442586	0.9817477042468103	-1.3065629648763761
1.9634954084936207	0.9817477042468103	-1.1189698545274147
2.1598449493429825	0.9817477042468103	-0.9238795325112866
2.356194490192345	0.9817477042468103	-0.7287892104951581
2.552544031041707	0.9817477042468103	-0.5411961001461965
2.748893571891069	0.9817477042468103	-0.36830929949168423
2.945243112740431	0.9817477042468103	-0.21677275132473917
3.141592653589793	0.9817477042468103	-0.09240992020874128
3.3379421944391554	0.9817477042468103	3.3306690738754696E-16
3.5342917352885173	0.9817477042468103	0.0569057478919438
3.730641276137879	0.9817477042468103	0.07612046748871337
3.9269908169872414	0.9817477042468103	0.0569057478919438
4.123340357836604	0.9817477042468103	0.0
4.319689898685965	0.9817477042468103	-0.09240992020874117
4.516039439535327	0.9817477042468103	-0.21677275132473905
4.71238898038469	0.9817477042468103	-0.36830929949168445
4.908738521234052	0.9817477042468103	-0.5411961001461971
5.105088062083414	0.9817477042468103	-0.7287892104951589
5.301437602932776	0.9817477042468103	-0.9238795325112865
5.497787143782138	0.9817477042468103	-1.118969854527415
5.6941366846315	0.9817477042468103	-1.3065629648763766
5.890486225480862	0.9817477042468103	-1.4794497655308887
6.086835766330224	0.9817477042468103	-1.630986313697834
6.283185307179586	0.9817477042468103	-1.7553491448138319

0.0	1.1780972450961724	-1.6629392246050907
0.19634954084936207	1.1780972450961724	-1.7553491448138319
0.39269908169872414	1.1780972450961724	-1.8122548927057758
0.5890486225480862	1.1780972450961724	-1.8314696123025451
0.7853981633974483	1.1780972450961724	-1.8122548927057756
0.9817477042468103	1.1780972450961724	-1.7553491448138319
1.1780972450961724	1.1780972450961724	-1.6629392246050902
1.3744467859455345	1.1780972450961724	-1.5385763934890924
1.5707963267948966	1.1780972450961724	-1.387039845322147
1.7671458676442586	1.1780972450961724	-1.2141530446676347
1.9634954084936207	1.1780972450961724	-1.026559934318673
2.1598449493429825	1.1780972450961724	-0.8314696123025451
2.356194490192345	1.1780972450961724	-0.6363792902864167
2.552544031041707	1.1780972450961724	-0.44878617993745495
2.748893571891069	1.1780972450961724	-0.2758993792829427
2.945243112740431	1.1780972450961724	-0.12436283111599766
3.141592653589793	1.1780972450961724	2.220446049250313E-16
3.3379421944391554	1.1780972450961724	0.09240992020874184
3.5342917352885173	1.1780972450961724	0.1493156681006853
3.730641276137879	1.1780972450961724	0.16853038769745488
3.9269908169872414	1.1780972450961724	0.1493156681006853
4.123340357836604	1.1780972450961724	0.0924099202087415
4.319689898685965	1.1780972450961724	3.3306690738754696E-16
4.516039439535327	1.1780972450961724	-0.12436283111599755
4.71238898038469	1.1780972450961724	-0.27589937928294295
4.908738521234052	1.1780972450961724	-0.4487861799374557
5.105088062083414	1.1780972450961724	-0.6363792902864174
5.301437602932776	1.1780972450961724	-0.831469612302545
5.497787143782138	1.1780972450961724	-1.0265599343186735
5.6941366846315	1.1780972450961724	-1.2141530446676352
5.890486225480862	1.1780972450961724	-1.387039845322147
6.086835766330224	1.1780972450961724	-1.5385763934890926
6.283185307179586	1.1780972450961724	-1.6629392246050902

0.0	1.3744467859455345	-1.5385763934890928
0.19634954084936207	1.3744467859455345	-1.6309863136978342
0.39269908169872414	1.3744467859455345	-1.687892061589778
0.5890486225480862	1.3744467859455345	-1.7071067811865475
0.7853981633974483	1.3744467859455345	-1.687892061589778
0.9817477042468103	1.3744467859455345	-1.630986313697834
1.1780972450961724	1.3744467859455345	-1.5385763934890924
1.3744467859455345	1.3744467859455345	-1.4142135623730947
1.5707963267948966	1.3744467859455345	-1.2626770142061494
1.7671458676442586	1.3744467859455345	-1.0897902135516369
1.9634954084936207	1.3744467859455345	-0.9021971032026754
2.1598449493429825	1.3744467859455345	-0.7071067811865474
2.356194490192345	1.3744467859455345	-0.5120164591704188
2.552544031041707	1.3744467859455345	-0.3244233488214572
2.748893571891069	1.3744467859455345	-0.15153654816694495
2.945243112740431	1.3744467859455345	1.1102230246251565E-16
3.141592653589793	1.3744467859455345	0.124362831115998
3.3379421944391554	1.3744467859455345	0.2167727513247396
3.5342917352885173	1.3744467859455345	0.2736784992166831
3.730641276137879	1.3744467859455345	0.29289321881345265
3.9269908169872414	1.3744467859455345	0.2736784992166831
4.123340357836604	1.3744467859455345	0.21677275132473928
4.319689898685965	1.3744467859455345	0.12436283111599811
4.516039439535327	1.3744467859455345	2.220446049250313E-16
4.71238898038469	1.3744467859455345	-0.15153654816694517
4.908738521234052	1.3744467859455345	-0.3244233488214579
5.105088062083414	1.3744467859455345	-0.5120164591704196
5.301437602932776	1.3744467859455345	-0.7071067811865472
5.497787143782138	1.3744467859455345	-0.9021971032026757
5.6941366846315	1.3744467859455345	-1.0897902135516375
5.890486225480862	1.3744467859455345	-1.2626770142061492
6.086835766330224	1.3744467859455345	-1.414213562373095
6.283185307179586	1.3744467859455345	-1.5385763934890926

0.0	1.5707963267948966	-1.3870398453221475
0.19634954084936207	1.5707963267948966	-1.479449765530889
0.39269908169872414	1.5707963267948966	-1.5363555134228326
0.5890486225480862	1.5707963267948966	-1.5555702330196022
0.7853981633974483	1.5707963267948966	-1.5363555134228326
0.9817477042468103	1.5707963267948966	-1.4794497655308887
1.1780972450961724	1.5707963267948966	-1.387039845322147
1.3744467859455345	1.5707963267948966	-1.2626770142061494
1.5707963267948966	1.5707963267948966	-1.1111404660392041
1.7671458676442586	1.5707963267948966	-0.9382536653846916
1.9634954084936207	1.5707963267948966	-0.7506605550357301
2.1598449493429825	1.5707963267948966	-0.5555702330196021
2.356194490192345	1.5707963267948966	-0.3604799110034736
2.552544031041707	1.5707963267948966	-0.1728868006545119
2.748893571891069	1.5707963267948966	3.3306690738754696E-16
2.945243112740431	1.5707963267948966	0.1515365481669454
3.141592653589793	1.5707963267948966	0.2758993792829433
3.3379421944391554	1.5707963267948966	0.3683092994916849
3.5342917352885173	1.5707963267948966	0.42521504738362836
3.730641276137879	1.5707963267948966	0.44442976698039793
3.9269908169872414	1.5707963267948966	0.42521504738362836
4.123340357836604	1.5707963267948966	0.36830929949168456
4.319689898685965	1.5707963267948966	0.2758993792829434
4.516039439535327	1.5707963267948966	0.1515365481669455
4.71238898038469	1.5707963267948966	1.1102230246251565E-16
4.908738521234052	1.5707963267948966	-0.17288680065451262
5.105088062083414	1.5707963267948966	-0.3604799110034743
5.301437602932776	1.5707963267948966	-0.555570233019602
5.497787143782138	1.5707963267948966	-0.7506605550357304
5.6941366846315	1.5707963267948966	-0.9382536653846921
5.890486225480862	1.5707963267948966	-1.111140466039204
6.086835766330224	1.5707963267948966	-1.2626770142061496
6.283185307179586	1.5707963267948966	-1.3870398453221473

0.0	1.7671458676442586	-1.214153044667635
0.19634954084936207	1.7671458676442586	-1.3065629648763764
0.39269908169872414	1.7671458676442586	-1.36346871276832
0.5890486225480862	1.7671458676442586	-1.3826834323650896
0.7853981633974483	1.7671458676442586	-1.36346871276832
0.9817477042468103	1.7671458676442586	-1.3065629648763761
1.1780972450961724	1.7671458676442586	-1.2141530446676347
1.3744467859455345	1.7671458676442586	-1.0897902135516369
1.5707963267948966	1.7671458676442586	-0.9382536653846916
1.7671458676442586	1.7671458676442586	-0.7653668647301791
1.9634954084936207	1.7671458676442586	-0.5777737543812176
2.1598449493429825	1.7671458676442586	-0.38268343236508956
2.356194490192345	1.7671458676442586	-0.1875931103489611
2.552544031041707	1.7671458676442586	6.106226635438361E-16
2.748893571891069	1.7671458676442586	0.17288680065451284
2.945243112740431	1.7671458676442586	0.3244233488214579
3.141592653589793	1.7671458676442586	0.4487861799374558
3.3379421944391554	1.7671458676442586	0.5411961001461973
3.5342917352885173	1.7671458676442586	0.5981018480381408
3.730641276137879	1.7671458676442586	0.6173165676349104
3.9269908169872414	1.7671458676442586	0.5981018480381408
4.123340357836604	1.7671458676442586	0.5411961001461971
4.319689898685965	1.7671458676442586	0.4487861799374559
4.516039439535327	1.7671458676442586	0.324423348821458
4.71238898038469	1.7671458676442586	0.17288680065451262
4.908738521234052	1.7671458676442586	-1.1102230246251565E-16
5.105088062083414	1.7671458676442586	-0.18759311034896184
5.301437602932776	1.7671458676442586	-0.38268343236508945
5.497787143782138	1.7671458676442586	-0.5777737543812179
5.6941366846315	1.7671458676442586	-0.7653668647301797
5.890486225480862	1.7671458676442586	-0.9382536653846916
6.086835766330224	1.7671458676442586	-1.089790213551637
6.283185307179586	1.7671458676442586	-1.2141530446676347

0.0	1.9634954084936207	-1.0265599343186735
0.19634954084936207	1.9634954084936207	-1.118969854527415
0.39269908169872414	1.9634954084936207	-1.1758756024193586
0.5890486225480862	1.9634954084936207	-1.195090322016128
0.7853981633974483	1.9634954084936207	-1.1758756024193584
0.9817477042468103	1.9634954084936207	-1.1189698545274147
1.1780972450961724	1.9634954084936207	-1.026559934318673
1.3744467859455345	1.9634954084936207	-0.9021971032026754
1.5707963267948966	1.9634954084936207	-0.7506605550357301
1.7671458676442586	1.9634954084936207	-0.5777737543812176
1.9634954084936207	1.9634954084936207	-0.3901806440322561
2.1598449493429825	1.9634954084936207	-0.19509032201612805
2.356194490192345	1.9634954084936207	4.163336342344337E-16
2.552544031041707	1.9634954084936207	0.18759311034896212
2.748893571891069	1.9634954084936207	0.3604799110034743
2.945243112740431	1.9634954084936207	0.5120164591704194
3.141592653589793	1.9634954084936207	0.6363792902864173
3.3379421944391554	1.9634954084936207	0.7287892104951589
3.5342917352885173	1.9634954084936207	0.7856949583871023
3.730641276137879	1.9634954084936207	0.8049096779838719
3.9269908169872414	1.9634954084936207	0.7856949583871023
4.123340357836604	1.9634954084936207	0.7287892104951585
4.319689898685965	1.9634954084936207	0.6363792902864174
4.516039439535327	1.9634954084936207	0.5120164591704195
4.71238898038469	1.9634954084936207	0.3604799110034741
4.908738521234052	1.9634954084936207	0.1875931103489614
5.105088062083414	1.9634954084936207	-3.3306690738754696E-16
5.301437602932776	1.9634954084936207	-0.19509032201612794
5.497787143782138	1.9634954084936207	-0.3901806440322564
5.6941366846315	1.9634954084936207	-0.5777737543812181
5.890486225480862	1.9634954084936207	-0.75066055503573
6.086835766330224	1.9634954084936207	-0.9021971032026755
6.283185307179586	1.9634954084936207	-1.0265599343186733

0.0	2.1598449493429825	-0.8314696123025455
0.19634954084936207	2.1598449493429825	-0.9238795325112868
0.39269908169872414	2.1598449493429825	-0.9807852804032305
0.5890486225480862	2.1598449493429825	-1.0
0.7853981633974483	2.1598449493429825	-0.9807852804032304
0.9817477042468103	2.1598449493429825	-0.9238795325112866
1.1780972450961724	2.1598449493429825	-0.8314696123025451
1.3744467859455345	2.1598449493429825	-0.7071067811865474
1.5707963267948966	2.1598449493429825	-0.5555702330196021
1.7671458676442586	2.1598449493429825	-0.38268343236508956
1.9634954084936207	2.1598449493429825	-0.19509032201612805
2.1598449493429825	2.1598449493429825	0.0
2.356194490192345	2.1598449493429825	0.19509032201612847
2.552544031041707	2.1598449493429825	0.38268343236509017
2.748893571891069	2.1598449493429825	0.5555702330196024
2.945243112740431	2.1598449493429825	0.7071067811865475
3.141592653589793	2.1598449493429825	0.8314696123025453
3.3379421944391554	2.1598449493429825	0.923879532511287
3.5342917352885173	2.1598449493429825	0.9807852804032304
3.730641276137879	2.1598449493429825	1.0
3.9269908169872414	2.1598449493429825	0.9807852804032304
4.123340357836604	2.1598449493429825	0.9238795325112866
4.319689898685965	2.1598449493429825	0.8314696123025455
4.516039439535327	2.1598449493429825	0.7071067811865476
4.71238898038469	2.1598449493429825	0.5555702330196022
4.908738521234052	2.1598449493429825	0.38268343236508945
5.105088062083414	2.1598449493429825	0.19509032201612772
5.301437602932776	2.1598449493429825	1.2246467991473532E-16
5.497787143782138	2.1598449493429825	-0.19509032201612836
5.6941366846315	2.1598449493429825	-0.38268343236509006
5.890486225480862	2.1598449493429825	-0.555570233019602
6.086835766330224	2.1598449493429825	-0.7071067811865475
6.283185307179586	2.1598449493429825	-0.8314696123025452

0.0	2.356194490192345	-0.6363792902864169
0.19634954084936207	2.356194490192345	-0.7287892104951583
0.39269908169872414	2.356194490192345	-0.785694958387102
0.5890486225480862	2.356194490192345	-0.8049096779838716
0.7853981633974483	2.356194490192345	-0.785694958387102
0.9817477042468103	2.356194490192345	-0.7287892104951581
1.1780972450961724	2.356194490192345	-0.6363792902864167
1.3744467859455345	2.356194490192345	-0.5120164591704188
1.5707963267948966	2.356194490192345	-0.3604799110034736
1.7671458676442586	2.356194490192345	-0.1875931103489611
1.9634954084936207	2.356194490192345	4.163336342344337E-16
2.1598449493429825	2.356194490192345	0.19509032201612847
2.356194490192345	2.356194490192345	0.39018064403225694
2.552544031041707	2.356194490192345	0.5777737543812187
2.748893571891069	2.356194490192345	0.7506605550357308
2.945243112740431	2.356194490192345	0.9021971032026759
3.141592653589793	2.356194490192345	1.0265599343186738
3.3379421944391554	2.356194490192345	1.1189698545274154
3.5342917352885173	2.356194490192345	1.1758756024193588
3.730641276137879	2.356194490192345	1.1950903220161284
3.9269908169872414	2.356194490192345	1.1758756024193588
4.123340357836604	2.356194490192345	1.1189698545274152
4.319689898685965	2.356194490192345	1.026559934318674
4.516039439535327	2.356194490192345	0.9021971032026761
4.71238898038469	2.356194490192345	0.7506605550357306
4.908738521234052	2.356194490192345	0.5777737543812179
5.105088062083414	2.356194490192345	0.39018064403225616
5.301437602932776	2.356194490192345	0.19509032201612858
5.497787143782138	2.356194490192345	1.1102230246251565E-16
5.6941366846315	2.356194490192345	-0.1875931103489616
5.890486225480862	2.356194490192345	-0.3604799110034735
6.086835766330224	2.356194490192345	-0.512016459170419
6.283185307179586	2.356194490192345	-0.6363792902864167

0.0	2.552544031041707	-0.4487861799374553
0.19634954084936207	2.552544031041707	-0.5411961001461967
0.39269908169872414	2.552544031041707	-0.5981018480381404
0.5890486225480862	2.552544031041707	-0.6173165676349098
0.7853981633974483	2.552544031041707	-0.5981018480381403
0.9817477042468103	2.552544031041707	-0.5411961001461965
1.1780972450961724	2.552544031041707	-0.44878617993745495
1.3744467859455345	2.552544031041707	-0.3244233488214572
1.5707963267948966	2.552544031041707	-0.1728868006545119
1.7671458676442586	2.552544031041707	6.106226635438361E-16
1.9634954084936207	2.552544031041707	0.18759311034896212
2.1598449493429825	2.552544031041707	0.38268343236509017
2.356194490192345	2.552544031041707	0.5777737543812187
2.552544031041707	2.552544031041707	0.7653668647301803
2.748893571891069	2.552544031041707	0.9382536653846926
2.945243112740431	2.552544031041707	1.0897902135516375
3.141592653589793	2.552544031041707	1.2141530446676354
3.3379421944391554	2.552544031041707	1.306562964876377
3.5342917352885173	2.552544031041707	1.3634687127683205
3.730641276137879	2.552544031041707	1.38268343236509
3.9269908169872414	2.552544031041707	1.3634687127683205
4.123340357836604	2.552544031041707	1.3065629648763768
4.319689898685965	2.552544031041707	1.2141530446676356
4.516039439535327	2.552544031041707	1.0897902135516377
4.71238898038469	2.552544031041707	0.9382536653846923
4.908738521234052	2.552544031041707	0.7653668647301797
5.105088062083414	2.552544031041707	0.5777737543812179
5.301437602932776	2.552544031041707	0.3826834323650903
5.497787143782138	2.552544031041707	0.1875931103489618
5.6941366846315	2.552544031041707	1.1102230246251565E-16
5.890486225480862	2.552544031041707	-0.17288680065451179
6.086835766330224	2.552544031041707	-0.3244233488214573
6.283185307179586	2.552544031041707	-0.44878617993745507

0.0	2.748893571891069	-0.27589937928294306
0.19634954084936207	2.748893571891069	-0.36830929949168445
0.39269908169872414	2.748893571891069	-0.42521504738362814
0.5890486225480862	2.748893571891069	-0.4444297669803976
0.7853981633974483	2.748893571891069	-0.42521504738362803
0.9817477042468103	2.748893571891069	-0.36830929949168423
1.1780972450961724	2.748893571891069	-0.2758993792829427
1.3744467859455345	2.748893571891069	-0.15153654816694495
1.5707963267948966	2.748893571891069	3.3306690738754696E-16
1.7671458676442586	2.748893571891069	0.17288680065451284
1.9634954084936207	2.748893571891069	0.3604799110034743
2.1598449493429825	2.748893571891069	0.5555702330196024
2.356194490192345	2.748893571891069	0.7506605550357308
2.552544031041707	2.748893571891069	0.9382536653846926
2.748893571891069	2.748893571891069	1.1111404660392048
2.945243112740431	2.748893571891069	1.2626770142061499
3.141592653589793	2.748893571891069	1.3870398453221477
3.3379421944391554	2.748893571891069	1.4794497655308894
3.5342917352885173	2.748893571891069	1.5363555134228328
3.730641276137879	2.748893571891069	1.5555702330196024
3.9269908169872414	2.748893571891069	1.5363555134228328
4.123340357836604	2.748893571891069	1.4794497655308891
4.319689898685965	2.748893571891069	1.387039845322148
4.516039439535327	2.748893571891069	1.26267701420615
4.71238898038469	2.748893571891069	1.1111404660392046
4.908738521234052	2.748893571891069	0.9382536653846918
5.105088062083414	2.748893571891069	0.7506605550357301
5.301437602932776	2.748893571891069	0.5555702330196025
5.497787143782138	2.748893571891069	0.36047991100347404
5.6941366846315	2.748893571891069	0.17288680065451234
5.890486225480862	2.748893571891069	4.440892098500626E-16
6.086835766330224	2.748893571891069	-0.15153654816694506
6.283185307179586	2.748893571891069	-0.27589937928294284

0.0	2.945243112740431	-0.124362831115998
0.19634954084936207	2.945243112740431	-0.2167727513247394
0.39269908169872414	2.945243112740431	-0.2736784992166831
0.5890486225480862	2.945243112740431	-0.29289321881345254
0.7853981633974483	2.945243112740431	-0.27367849921668297
0.9817477042468103	2.945243112740431	-0.21677275132473917
1.1780972450961724	2.945243112740431	-0.12436283111599766
1.3744467859455345	2.945243112740431	1.1102230246251565E-16
1.5707963267948966	2.945243112740431	0.1515365481669454
1.7671458676442586	2.945243112740431	0.3244233488214579
1.9634954084936207	2.945243112740431	0.5120164591704194
2.1598449493429825	2.945243112740431	0.7071067811865475
2.356194490192345	2.945243112740431	0.9021971032026759
2.552544031041707	2.945243112740431	1.0897902135516375
2.748893571891069	2.945243112740431	1.2626770142061499
2.945243112740431	2.945243112740431	1.414213562373095
3.141592653589793	2.945243112740431	1.5385763934890928
3.3379421944391554	2.945243112740431	1.6309863136978344
3.5342917352885173	2.945243112740431	1.687892061589778
3.730641276137879	2.945243112740431	1.7071067811865475
3.9269908169872414	2.945243112740431	1.687892061589778
4.123340357836604	2.945243112740431	1.630986313697834
4.319689898685965	2.945243112740431	1.5385763934890928
4.516039439535327	2.945243112740431	1.414213562373095
4.71238898038469	2.945243112740431	1.2626770142061496
4.908738521234052	2.945243112740431	1.0897902135516369
5.105088062083414	2.945243112740431	0.9021971032026752
5.301437602932776	2.945243112740431	0.7071067811865476
5.497787143782138	2.945243112740431	0.512016459170419
5.6941366846315	2.945243112740431	0.3244233488214574
5.890486225480862	2.945243112740431	0.1515365481669455
6.086835766330224	2.945243112740431	0.0
6.283185307179586	2.945243112740431	-0.12436283111599777

0.0	3.141592653589793	-1.1102230246251565E-16
0.19634954084936207	3.141592653589793	-0.0924099202087415
0.39269908169872414	3.141592653589793	-0.1493156681006852
0.5890486225480862	3.141592653589793	-0.16853038769745465
0.7853981633974483	3.141592653589793	-0.14931566810068508
0.9817477042468103	3.141592653589793	-0.09240992020874128
1.1780972450961724	3.141592653589793	2.220446049250313E-16
1.3744467859455345	3.141592653589793	0.124362831115998
1.5707963267948966	3.141592653589793	0.2758993792829433
1.7671458676442586	3.141592653589793	0.4487861799374558
1.9634954084936207	3.141592653589793	0.6363792902864173
2.1598449493429825	3.141592653589793	0.8314696123025453
2.356194490192345	3.141592653589793	1.0265599343186738
2.552544031041707	3.141592653589793	1.2141530446676354
2.748893571891069	3.141592653589793	1.3870398453221477
2.945243112740431	3.141592653589793	1.5385763934890928
3.141592653589793	3.141592653589793	1.6629392246050907
3.3379421944391554	3.141592653589793	1.7553491448138323
3.5342917352885173	3.141592653589793	1.8122548927057758
3.730641276137879	3.141592653589793	1.8314696123025453
3.9269908169872414	3.141592653589793	1.8122548927057758
4.123340357836604	3.141592653589793	1.7553491448138319
4.319689898685965	3.141592653589793	1.6629392246050907
4.516039439535327	3.141592653589793	1.5385763934890928
4.71238898038469	3.141592653589793	1.3870398453221475
4.908738521234052	3.141592653589793	1.2141530446676347
5.105088062083414	3.141592653589793	1.026559934318673
5.301437602932776	3.141592653589793	0.8314696123025455
5.497787143782138	3.141592653589793	0.6363792902864169
5.6941366846315	3.141592653589793	0.4487861799374553
5.890486225480862	3.141592653589793	0.2758993792829434
6.086835766330224	3.141592653589793	0.12436283111599788
6.283185307179586	3.141592653589793	1.1102230246251565E-16

0.0	3.3379421944391554	0.0924099202087415
0.19634954084936207	3.3379421944391554	1.1102230246251565E-16
0.39269908169872414	3.3379421944391554	-0.05690574789194358
0.5890486225480862	3.3379421944391554	-0.07612046748871304
0.7853981633974483	3.3379421944391554	-0.05690574789194347
0.9817477042468103	3.3379421944391554	3.3306690738754696E-16
1.1780972450961724	3.3379421944391554	0.09240992020874184
1.3744467859455345	3.3379421944391554	0.2167727513247396
1.5707963267948966	3.3379421944391554	0.3683092994916849
1.7671458676442586	3.3379421944391554	0.5411961001461973
1.9634954084936207	3.3379421944391554	0.7287892104951589
2.1598449493429825	3.3379421944391554	0.923879532511287
2.356194490192345	3.3379421944391554	1.1189698545274154
2.552544031041707	3.3379421944391554	1.306562964876377
2.748893571891069	3.3379421944391554	1.4794497655308894
2.945243112740431	3.3379421944391554	1.6309863136978344
3.141592653589793	3.3379421944391554	1.7553491448138323
3.3379421944391554	3.3379421944391554	1.847759065022574
3.5342917352885173	3.3379421944391554	1.9046648129145174
3.730641276137879	3.3379421944391554	1.923879532511287
3.9269908169872414	3.3379421944391554	1.9046648129145174
4.123340357836604	3.3379421944391554	1.8477590650225735
4.319689898685965	3.3379421944391554	1.7553491448138323
4.516039439535327	3.3379421944391554	1.6309863136978344
4.71238898038469	3.3379421944391554	1.4794497655308891
4.908738521234052	3.3379421944391554	1.3065629648763764
5.105088062083414	3.3379421944391554	1.1189698545274147
5.301437602932776	3.3379421944391554	0.9238795325112871
5.497787143782138	3.3379421944391554	0.7287892104951585
5.6941366846315	3.3379421944391554	0.5411961001461969
5.890486225480862	3.3379421944391554	0.368309299491685
6.086835766330224	3.3379421944391554	0.2167727513247395
6.283185307179586	3.3379421944391554	0.09240992020874172

0.0	3.5342917352885173	0.14931566810068497
0.19634954084936207	3.5342917352885173	0.05690574789194358
0.39269908169872414	3.5342917352885173	-1.1102230246251565E-16
0.5890486225480862	3.5342917352885173	-0.01921471959676957
0.7853981633974483	3.5342917352885173	0.0
0.9817477042468103	3.5342917352885173	0.0569057478919438
1.1780972450961724	3.5342917352885173	0.1493156681006853
1.3744467859455345	3.5342917352885173	0.2736784992166831
1.5707963267948966	3.5342917352885173	0.42521504738362836
1.7671458676442586	3.5342917352885173	0.5981018480381408
1.9634954084936207	3.5342917352885173	0.7856949583871023
2.1598449493429825	3.5342917352885173	0.9807852804032304
2.356194490192345	3.5342917352885173	1.1758756024193588
2.552544031041707	3.5342917352885173	1.3634687127683205
2.748893571891069	3.5342917352885173	1.5363555134228328
2.945243112740431	3.5342917352885173	1.687892061589778
3.141592653589793	3.5342917352885173	1.8122548927057758
3.3379421944391554	3.5342917352885173	1.9046648129145174
3.5342917352885173	3.5342917352885173	1.9615705608064609
3.730641276137879	3.5342917352885173	1.9807852804032304
3.9269908169872414	3.5342917352885173	1.9615705608064609
4.123340357836604	3.5342917352885173	1.904664812914517
4.319689898685965	3.5342917352885173	1.8122548927057758
4.516039439535327	3.5342917352885173	1.687892061589778
4.71238898038469	3.5342917352885173	1.5363555134228326
4.908738521234052	3.5342917352885173	1.3634687127683198
5.105088062083414	3.5342917352885173	1.1758756024193582
5.301437602932776	3.5342917352885173	0.9807852804032305
5.497787143782138	3.5342917352885173	0.785694958387102
5.6941366846315	3.5342917352885173	0.5981018480381404
5.890486225480862	3.5342917352885173	0.4252150473836285
6.086835766330224	3.5342917352885173	0.27367849921668297
6.283185307179586	3.5342917352885173	0.1493156681006852

0.0	3.730641276137879	0.16853038769745454
0.19634954084936207	3.730641276137879	0.07612046748871315
0.39269908169872414	3.730641276137879	0.01921471959676946
0.5890486225480862	3.730641276137879	0.0
0.7853981633974483	3.730641276137879	0.01921471959676957
0.9817477042468103	3.730641276137879	0.07612046748871337
1.1780972450961724	3.730641276137879	0.16853038769745488
1.3744467859455345	3.730641276137879	0.29289321881345265
1.5707963267948966	3.730641276137879	0.44442976698039793
1.7671458676442586	3.730641276137879	0.6173165676349104
1.9634954084936207	3.730641276137879	0.8049096779838719
2.1598449493429825	3.730641276137879	1.0
2.356194490192345	3.730641276137879	1.1950903220161284
2.552544031041707	3.730641276137879	1.38268343236509
2.748893571891069	3.730641276137879	1.5555702330196024
2.945243112740431	3.730641276137879	1.7071067811865475
3.141592653589793	3.730641276137879	1.8314696123025453
3.3379421944391554	3.730641276137879	1.923879532511287
3.5342917352885173	3.730641276137879	1.9807852804032304
3.730641276137879	3.730641276137879	2.0
3.9269908169872414	3.730641276137879	1.9807852804032304
4.123340357836604	3.730641276137879	1.9238795325112865
4.319689898685965	3.730641276137879	1.8314696123025453
4.516039439535327	3.730641276137879	1.7071067811865475
4.71238898038469	3.730641276137879	1.5555702330196022
4.908738521234052	3.730641276137879	1.3826834323650894
5.105088062083414	3.730641276137879	1.1950903220161277
5.301437602932776	3.730641276137879	1.0000000000000002
5.497787143782138	3.730641276137879	0.8049096779838716
5.6941366846315	3.730641276137879	0.6173165676349099
5.890486225480862	3.730641276137879	0.44442976698039804
6.086835766330224	3.730641276137879	0.29289321881345254
6.283185307179586	3.730641276137879	0.16853038769745476

0.0	3.9269908169872414	0.14931566810068497
0.19634954084936207	3.9269908169872414	0.05690574789194358
0.39269908169872414	3.9269908169872414	-1.1102230246251565E-16
0.5890486225480862	3.9269908169872414	-0.01921471959676957
0.7853981633974483	3.9269908169872414	0.0
0.9817477042468103	3.9269908169872414	0.0569057478919438
1.1780972450961724	3.9269908169872414	0.1493156681006853
1.3744467859455345	3.9269908169872414	0.2736784992166831
1.5707963267948966	3.9269908169872414	0.42521504738362836
1.7671458676442586	3.9269908169872414	0.5981018480381408
1.9634954084936207	3.9269908169872414	0.7856949583871023
2.1598449493429825	3.9269908169872414	0.9807852804032304
2.356194490192345	3.9269908169872414	1.1758756024193588
2.552544031041707	3.9269908169872414	1.3634687127683205
2.748893571891069	3.9269908169872414	1.5363555134228328
2.945243112740431	3.9269908169872414	1.687892061589778
3.141592653589793	3.9269908169872414	1.8122548927057758
3.3379421944391554	3.9269908169872414	1.9046648129145174
3.5342917352885173	3.9269908169872414	1.9615705608064609
3.730641276137879	3.9269908169872414	1.9807852804032304
3.9269908169872414	3.9269908169872414	1.9615705608064609
4.123340357836604	3.9269908169872414	1.904664812914517
4.319689898685965	3.9269908169872414	1.8122548927057758
4.516039439535327	3.9269908169872414	1.687892061589778
4.71238898038469	3.9269908169872414	1.5363555134228326
4.908738521234052	3.9269908169872414	1.3634687127683198
5.105088062083414	3.9269908169872414	1.1758756024193582
5.301437602932776	3.9269908169872414	0.9807852804032305
5.497787143782138	3.9269908169872414	0.785694958387102
5.6941366846315	3.9269908169872414	0.5981018480381404
5.890486225480862	3.9269908169872414	0.4252150473836285
6.086835766330224	3.9269908169872414	0.27367849921668297
6.283185307179586	3.9269908169872414	0.1493156681006852

0.0	4.123340357836604	0.09240992020874117
0.19634954084936207	4.123340357836604	-2.220446049250313E-16
0.39269908169872414	4.123340357836604	-0.056905747891943914
0.5890486225480862	4.123340357836604	-0.07612046748871337
0.7853981633974483	4.123340357836604	-0.0569057478919438
0.9817477042468103	4.123340357836604	0.0
1.1780972450961724	4.123340357836604	0.0924099202087415
1.3744467859455345	4.123340357836604	0.21677275132473928
1.5707963267948966	4.123340357836604	0.36830929949168456
1.7671458676442586	4.123340357836604	0.5411961001461971
1.9634954084936207	4.123340357836604	0.7287892104951585
2.1598449493429825	4.123340357836604	0.9238795325112866
2.356194490192345	4.123340357836604	1.1189698545274152
2.552544031041707	4.123340357836604	1.3065629648763768
2.748893571891069	4.123340357836604	1.4794497655308891
2.945243112740431	4.123340357836604	1.630986313697834
3.141592653589793	4.123340357836604	1.7553491448138319
3.3379421944391554	4.123340357836604	1.8477590650225735
3.5342917352885173	4.123340357836604	1.904664812914517
3.730641276137879	4.123340357836604	1.9238795325112865
3.9269908169872414	4.123340357836604	1.904664812914517
4.123340357836604	4.123340357836604	1.8477590650225733
4.319689898685965	4.123340357836604	1.755349144813832
4.516039439535327	4.123340357836604	1.6309863136978342
4.71238898038469	4.123340357836604	1.4794497655308887
4.908738521234052	4.123340357836604	1.3065629648763761
5.105088062083414	4.123340357836604	1.1189698545274143
5.301437602932776	4.123340357836604	0.9238795325112867
5.497787143782138	4.123340357836604	0.7287892104951583
5.6941366846315	4.123340357836604	0.5411961001461966
5.890486225480862	4.123340357836604	0.36830929949168467
6.086835766330224	4.123340357836604	0.21677275132473917
6.283185307179586	4.123340357836604	0.09240992020874139

0.0	4.319689898685965	0.0
0.19634954084936207	4.319689898685965	-0.09240992020874139
0.39269908169872414	4.319689898685965	-0.14931566810068508
0.5890486225480862	4.319689898685965	-0.16853038769745454
0.7853981633974483	4.319689898685965	-0.14931566810068497
0.9817477042468103	4.319689898685965	-0.09240992020874117
1.1780972450961724	4.319689898685965	3.3306690738754696E-16
1.3744467859455345	4.319689898685965	0.12436283111599811
1.5707963267948966	4.319689898685965	0.2758993792829434
1.7671458676442586	4.319689898685965	0.4487861799374559
1.9634954084936207	4.319689898685965	0.6363792902864174
2.1598449493429825	4.319689898685965	0.8314696123025455
2.356194490192345	4.319689898685965	1.026559934318674
2.552544031041707	4.319689898685965	1.2141530446676356
2.748893571891069	4.319689898685965	1.387039845322148
2.945243112740431	4.319689898685965	1.5385763934890928
3.141592653589793	4.319689898685965	1.6629392246050907
3.3379421944391554	4.319689898685965	1.7553491448138323
3.5342917352885173	4.319689898685965	1.8122548927057758
3.730641276137879	4.319689898685965	1.8314696123025453
3.9269908169872414	4.319689898685965	1.8122548927057758
4.123340357836604	4.319689898685965	1.755349144813832
4.319689898685965	4.319689898685965	1.662939224605091
4.516039439535327	4.319689898685965	1.538576393489093
4.71238898038469	4.319689898685965	1.3870398453221475
4.908738521234052	4.319689898685965	1.214153044667635
5.105088062083414	4.319689898685965	1.026559934318673
5.301437602932776	4.319689898685965	0.8314696123025456
5.497787143782138	4.319689898685965	0.6363792902864172
5.6941366846315	4.319689898685965	0.4487861799374554
5.890486225480862	4.319689898685965	0.2758993792829435
6.086835766330224	4.319689898685965	0.124362831115998
6.283185307179586	4.319689898685965	2.220446049250313E-16

0.0	4.516039439535327	-0.12436283111599788
0.19634954084936207	4.516039439535327	-0.21677275132473928
0.39269908169872414	4.516039439535327	-0.27367849921668297
0.5890486225480862	4.516039439535327	-0.2928932188134524
0.7853981633974483	4.516039439535327	-0.27367849921668286
0.9817477042468103	4.516039439535327	-0.21677275132473905
1.1780972450961724	4.516039439535327	-0.12436283111599755
1.3744467859455345	4.516039439535327	2.220446049250313E-16
1.5707963267948966	4.516039439535327	0.1515365481669455
1.7671458676442586	4.516039439535327	0.324423348821458
1.9634954084936207	4.516039439535327	0.5120164591704195
2.1598449493429825	4.516039439535327	0.7071067811865476
2.356194490192345	4.516039439535327	0.9021971032026761
2.552544031041707	4.516039439535327	1.0897902135516377
2.748893571891069	4.516039439535327	1.26267701420615
2.945243112740431	4.516039439535327	1.414213562373095
3.141592653589793	4.516039439535327	1.5385763934890928
3.3379421944391554	4.516039439535327	1.6309863136978344
3.5342917352885173	4.516039439535327	1.687892061589778
3.730641276137879	4.516039439535327	1.7071067811865475
3.9269908169872414	4.516039439535327	1.687892061589778
4.123340357836604	4.516039439535327	1.6309863136978342
4.319689898685965	4.516039439535327	1.538576393489093
4.516039439535327	4.516039439535327	1.4142135623730951
4.71238898038469	4.516039439535327	1.2626770142061496
4.908738521234052	4.516039439535327	1.089790213551637
5.105088062083414	4.516039439535327	0.9021971032026753
5.301437602932776	4.516039439535327	0.7071067811865477
5.497787143782138	4.516039439535327	0.5120164591704193
5.6941366846315	4.516039439535327	0.3244233488214575
5.890486225480862	4.516039439535327	0.15153654816694562
6.086835766330224	4.516039439535327	1.1102230246251565E-16
6.283185307179586	4.516039439535327	-0.12436283111599766

0.0	4.71238898038469	-0.2758993792829433
0.19634954084936207	4.71238898038469	-0.36830929949168467
0.39269908169872414	4.71238898038469	-0.42521504738362836
0.5890486225480862	4.71238898038469	-0.4444297669803978
0.7853981633974483	4.71238898038469	-0.42521504738362825
0.9817477042468103	4.71238898038469	-0.36830929949168445
1.1780972450961724	4.71238898038469	-0.27589937928294295
1.3744467859455345	4.71238898038469	-0.15153654816694517
1.5707963267948966	4.71238898038469	1.1102230246251565E-16
1.7671458676442586	4.71238898038469	0.17288680065451262
1.9634954084936207	4.71238898038469	0.3604799110034741
2.1598449493429825	4.71238898038469	0.5555702330196022
2.356194490192345	4.71238898038469	0.7506605550357306
2.552544031041707	4.71238898038469	0.9382536653846923
2.748893571891069	4.71238898038469	1.1111404660392046
2.945243112740431	4.71238898038469	1.2626770142061496
3.141592653589793	4.71238898038469	1.3870398453221475
3.3379421944391554	4.71238898038469	1.4794497655308891
3.5342917352885173	4.71238898038469	1.5363555134228326
3.730641276137879	4.71238898038469	1.5555702330196022
3.9269908169872414	4.71238898038469	1.5363555134228326
4.123340357836604	4.71238898038469	1.4794497655308887
4.319689898685965	4.71238898038469	1.3870398453221475
4.516039439535327	4.71238898038469	1.2626770142061496
4.71238898038469	4.71238898038469	1.1111404660392044
4.908738521234052	4.71238898038469	0.9382536653846916
5.105088062083414	4.71238898038469	0.7506605550357299
5.301437602932776	4.71238898038469	0.5555702330196023
5.497787143782138	4.71238898038469	0.3604799110034738
5.6941366846315	4.71238898038469	0.17288680065451212
5.890486225480862	4.71238898038469	2.220446049250313E-16
6.086835766330224	4.71238898038469	-0.15153654816694528
6.283185307179586	4.71238898038469	-0.27589937928294306

0.0	4.908738521234052	-0.448786179937456
0.19634954084936207	4.908738521234052	-0.5411961001461973
0.39269908169872414	4.908738521234052	-0.598101848038141
0.5890486225480862	4.908738521234052	-0.6173165676349106
0.7853981633974483	4.908738521234052	-0.598101848038141
0.9817477042468103	4.908738521234052	-0.5411961001461971
1.1780972450961724	4.908738521234052	-0.4487861799374557
1.3744467859455345	4.908738521234052	-0.3244233488214579
1.5707963267948966	4.908738521234052	-0.17288680065451262
1.7671458676442586	4.908738521234052	-1.1102230246251565E-16
1.9634954084936207	4.908738521234052	0.1875931103489614
2.1598449493429825	4.908738521234052	0.38268343236508945
2.356194490192345	4.908738521234052	0.5777737543812179
2.552544031041707	4.908738521234052	0.7653668647301797
2.748893571891069	4.908738521234052	0.9382536653846918
2.945243112740431	4.908738521234052	1.0897902135516369
3.141592653589793	4.908738521234052	1.2141530446676347
3.3379421944391554	4.908738521234052	1.3065629648763764
3.5342917352885173	4.908738521234052	1.3634687127683198
3.730641276137879	4.908738521234052	1.3826834323650894
3.9269908169872414	4.908738521234052	1.3634687127683198
4.123340357836604	4.908738521234052	1.3065629648763761
4.319689898685965	4.908738521234052	1.214153044667635
4.516039439535327	4.908738521234052	1.089790213551637
4.71238898038469	4.908738521234052	0.9382536653846916
4.908738521234052	4.908738521234052	0.7653668647301789
5.105088062083414	4.908738521234052	0.5777737543812171
5.301437602932776	4.908738521234052	0.38268343236508956
5.497787143782138	4.908738521234052	0.1875931103489611
5.6941366846315	4.908738521234052	-6.106226635438361E-16
5.890486225480862	4.908738521234052	-0.1728868006545125
6.086835766330224	4.908738521234052	-0.324423348821458
6.283185307179586	4.908738521234052	-0.4487861799374558

0.0	5.105088062083414	-0.6363792902864177
0.19634954084936207	5.105088062083414	-0.7287892104951591
0.39269908169872414	5.105088062083414	-0.7856949583871028
0.5890486225480862	5.105088062083414	-0.8049096779838723
0.7853981633974483	5.105088062083414	-0.7856949583871027
0.9817477042468103	5.105088062083414	-0.7287892104951589
1.1780972450961724	5.105088062083414	-0.6363792902864174
1.3744467859455345	5.105088062083414	-0.5120164591704196
1.5707963267948966	5.105088062083414	-0.3604799110034743
1.7671458676442586	5.105088062083414	-0.18759311034896184
1.9634954084936207	5.105088062083414	-3.3306690738754696E-16
2.1598449493429825	5.105088062083414	0.19509032201612772
2.356194490192345	5.105088062083414	0.39018064403225616
2.552544031041707	5.105088062083414	0.5777737543812179
2.748893571891069	5.105088062083414	0.7506605550357301
2.945243112740431	5.105088062083414	0.9021971032026752
3.141592653589793	5.105088062083414	1.026559934318673
3.3379421944391554	5.105088062083414	1.1189698545274147
3.5342917352885173	5.105088062083414	1.1758756024193582
3.730641276137879	5.105088062083414	1.1950903220161277
3.9269908169872414	5.105088062083414	1.1758756024193582
4.123340357836604	5.105088062083414	1.1189698545274143
4.319689898685965	5.105088062083414	1.026559934318673
4.516039439535327	5.105088062083414	0.9021971032026753
4.71238898038469	5.105088062083414	0.7506605550357299
4.908738521234052	5.105088062083414	0.5777737543812171
5.105088062083414	5.105088062083414	0.39018064403225544
5.301437602932776	5.105088062083414	0.19509032201612783
5.497787143782138	5.105088062083414	-6.38378239159465E-16
5.6941366846315	5.105088062083414	-0.18759311034896234
5.890486225480862	5.105088062083414	-0.3604799110034742
6.086835766330224	5.105088062083414	-0.5120164591704197
6.283185307179586	5.105088062083414	-0.6363792902864175

0.0	5.301437602932776	-0.8314696123025453
0.19634954084936207	5.301437602932776	-0.9238795325112867
0.39269908169872414	5.301437602932776	-0.9807852804032304
0.5890486225480862	5.301437602932776	-0.9999999999999999
0.7853981633974483	5.301437602932776	-0.9807852804032303
0.9817477042468103	5.301437602932776	-0.9238795325112865
1.1780972450961724	5.301437602932776	-0.831469612302545
1.3744467859455345	5.301437602932776	-0.7071067811865472
1.5707963267948966	5.301437602932776	-0.555570233019602
1.7671458676442586	5.301437602932776	-0.38268343236508945
1.9634954084936207	5.301437602932776	-0.19509032201612794
2.1598449493429825	5.301437602932776	1.2246467991473532E-16
2.356194490192345	5.301437602932776	0.19509032201612858
2.552544031041707	5.301437602932776	0.3826834323650903
2.748893571891069	5.301437602932776	0.5555702330196025
2.945243112740431	5.301437602932776	0.7071067811865476
3.141592653589793	5.301437602932776	0.8314696123025455
3.3379421944391554	5.301437602932776	0.9238795325112871
3.5342917352885173	5.301437602932776	0.9807852804032305
3.730641276137879	5.301437602932776	1.0000000000000002
3.9269908169872414	5.301437602932776	0.9807852804032305
4.123340357836604	5.301437602932776	0.9238795325112867
4.319689898685965	5.301437602932776	0.8314696123025456
4.516039439535327	5.301437602932776	0.7071067811865477
4.71238898038469	5.301437602932776	0.5555702330196023
4.908738521234052	5.301437602932776	0.38268343236508956
5.105088062083414	5.301437602932776	0.19509032201612783
5.301437602932776	5.301437602932776	2.4492935982947064E-16
5.497787143782138	5.301437602932776	-0.19509032201612825
5.6941366846315	5.301437602932776	-0.38268343236508995
5.890486225480862	5.301437602932776	-0.5555702330196018
6.086835766330224	5.301437602932776	-0.7071067811865474
6.283185307179586	5.301437602932776	-0.8314696123025451

0.0	5.497787143782138	-1.0265599343186738
0.19634954084936207	5.497787143782138	-1.1189698545274152
0.39269908169872414	5.497787143782138	-1.1758756024193588
0.5890486225480862	5.497787143782138	-1.1950903220161284
0.7853981633974483	5.497787143782138	-1.1758756024193588
0.9817477042468103	5.497787143782138	-1.118969854527415
1.1780972450961724	5.497787143782138	-1.0265599343186735
1.3744467859455345	5.497787143782138	-0.9021971032026757
1.5707963267948966	5.497787143782138	-0.7506605550357304
1.7671458676442586	5.497787143782138	-0.5777737543812179
1.9634954084936207	5.497787143782138	-0.3901806440322564
2.1598449493429825	5.497787143782138	-0.19509032201612836
2.356194490192345	5.497787143782138	1.1102230246251565E-16
2.552544031041707	5.497787143782138	0.1875931103489618
2.748893571891069	5.497787143782138	0.36047991100347404
2.945243112740431	5.497787143782138	0.512016459170419
3.141592653589793	5.497787143782138	0.6363792902864169
3.3379421944391554	5.497787143782138	0.7287892104951585
3.5342917352885173	5.497787143782138	0.785694958387102
3.730641276137879	5.497787143782138	0.8049096779838716
3.9269908169872414	5.497787143782138	0.785694958387102
4.123340357836604	5.497787143782138	0.7287892104951583
4.319689898685965	5.497787143782138	0.6363792902864172
4.516039439535327	5.497787143782138	0.5120164591704193
4.71238898038469	5.497787143782138	0.3604799110034738
4.908738521234052	5.497787143782138	0.1875931103489611
5.105088062083414	5.497787143782138	-6.38378239159465E-16
5.301437602932776	5.497787143782138	-0.19509032201612825
5.497787143782138	5.497787143782138	-0.3901806440322567
5.6941366846315	5.497787143782138	-0.5777737543812185
5.890486225480862	5.497787143782138	-0.7506605550357304
6.086835766330224	5.497787143782138	-0.9021971032026759
6.283185307179586	5.497787143782138	-1.0265599343186735

0.0	5.6941366846315	-1.2141530446676354
0.19634954084936207	5.6941366846315	-1.306562964876377
0.39269908169872414	5.6941366846315	-1.3634687127683205
0.5890486225480862	5.6941366846315	-1.38268343236509
0.7853981633974483	5.6941366846315	-1.3634687127683205
0.9817477042468103	5.6941366846315	-1.3065629648763766
1.1780972450961724	5.6941366846315	-1.2141530446676352
1.3744467859455345	5.6941366846315	-1.0897902135516375
1.5707963267948966	5.6941366846315	-0.9382536653846921
1.7671458676442586	5.6941366846315	-0.7653668647301797
1.9634954084936207	5.6941366846315	-0.5777737543812181
2.1598449493429825	5.6941366846315	-0.38268343236509006
2.356194490192345	5.6941366846315	-0.1875931103489616
2.552544031041707	5.6941366846315	1.1102230246251565E-16
2.748893571891069	5.6941366846315	0.17288680065451234
2.945243112740431	5.6941366846315	0.3244233488214574
3.141592653589793	5.6941366846315	0.4487861799374553
3.3379421944391554	5.6941366846315	0.5411961001461969
3.5342917352885173	5.6941366846315	0.5981018480381404
3.730641276137879	5.6941366846315	0.6173165676349099
3.9269908169872414	5.6941366846315	0.5981018480381404
4.123340357836604	5.6941366846315	0.5411961001461966
4.319689898685965	5.6941366846315	0.4487861799374554
4.516039439535327	5.6941366846315	0.3244233488214575
4.71238898038469	5.6941366846315	0.17288680065451212
4.908738521234052	5.6941366846315	-6.106226635438361E-16
5.105088062083414	5.6941366846315	-0.18759311034896234
5.301437602932776	5.6941366846315	-0.38268343236508995
5.497787143782138	5.6941366846315	-0.5777737543812185
5.6941366846315	5.6941366846315	-0.7653668647301801
5.890486225480862	5.6941366846315	-0.938253665384692
6.086835766330224	5.6941366846315	-1.0897902135516375
6.283185307179586	5.6941366846315	-1.2141530446676354

0.0	5.890486225480862	-1.3870398453221475
0.19634954084936207	5.890486225480862	-1.4794497655308887
0.39269908169872414	5.890486225480862	-1.5363555134228326
0.5890486225480862	5.890486225480862	-1.555570233019602
0.7853981633974483	5.890486225480862	-1.5363555134228324
0.9817477042468103	5.890486225480862	-1.4794497655308887
1.1780972450961724	5.890486225480862	-1.387039845322147
1.3744467859455345	5.890486225480862	-1.2626770142061492
1.5707963267948966	5.890486225480862	-1.111140466039204
1.7671458676442586	5.890486225480862	-0.9382536653846916
1.9634954084936207	5.890486225480862	-0.75066055503573
2.1598449493429825	5.890486225480862	-0.555570233019602
2.356194490192345	5.890486225480862	-0.3604799110034735
2.552544031041707	5.890486225480862	-0.17288680065451179
2.748893571891069	5.890486225480862	4.440892098500626E-16
2.945243112740431	5.890486225480862	0.1515365481669455
3.141592653589793	5.890486225480862	0.2758993792829434
3.3379421944391554	5.890486225480862	0.368309299491685
3.5342917352885173	5.890486225480862	0.4252150473836285
3.730641276137879	5.890486225480862	0.44442976698039804
3.9269908169872414	5.890486225480862	0.4252150473836285
4.123340357836604	5.890486225480862	0.36830929949168467
4.319689898685965	5.890486225480862	0.2758993792829435
4.516039439535327	5.890486225480862	0.15153654816694562
4.71238898038469	5.890486225480862	2.220446049250313E-16
4.908738521234052	5.890486225480862	-0.1728868006545125
5.105088062083414	5.890486225480862	-0.3604799110034742
5.301437602932776	5.890486225480862	-0.5555702330196018
5.497787143782138	5.890486225480862	-0.7506605550357304
5.6941366846315	5.890486225480862	-0.938253665384692
5.890486225480862	5.890486225480862	-1.111140466039204
6.086835766330224	5.890486225480862	-1.2626770142061494
6.283185307179586	5.890486225480862	-1.387039845322147

0.0	6.086835766330224	-1.5385763934890928
0.19634954084936207	6.086835766330224	-1.6309863136978344
0.39269908169872414	6.086835766330224	-1.687892061589778
0.5890486225480862	6.086835766330224	-1.7071067811865475
0.7853981633974483	6.086835766330224	-1.687892061589778
0.9817477042468103	6.086835766330224	-1.630986313697834
1.1780972450961724	6.086835766330224	-1.5385763934890926
1.3744467859455345	6.086835766330224	-1.414213562373095
1.5707963267948966	6.086835766330224	-1.2626770142061496
1.7671458676442586	6.086835766330224	-1.089790213551637
1.9634954084936207	6.086835766330224	-0.9021971032026755
2.1598449493429825	6.086835766330224	-0.7071067811865475
2.356194490192345	6.086835766330224	-0.512016459170419
2.552544031041707	6.086835766330224	-0.3244233488214573
2.748893571891069	6.086835766330224	-0.15153654816694506
2.945243112740431	6.086835766330224	0.0
3.141592653589793	6.086835766330224	0.12436283111599788
3.3379421944391554	6.086835766330224	0.2167727513247395
3.5342917352885173	6.086835766330224	0.27367849921668297
3.730641276137879	6.086835766330224	0.29289321881345254
3.9269908169872414	6.086835766330224	0.27367849921668297
4.123340357836604	6.086835766330224	0.21677275132473917
4.319689898685965	6.086835766330224	0.124362831115998
4.516039439535327	6.086835766330224	1.1102230246251565E-16
4.71238898038469	6.086835766330224	-0.15153654816694528
4.908738521234052	6.086835766330224	-0.324423348821458
5.105088062083414	6.086835766330224	-0.5120164591704197
5.301437602932776	6.086835766330224	-0.7071067811865474
5.497787143782138	6.086835766330224	-0.9021971032026759
5.6941366846315	6.086835766330224	-1.0897902135516375
5.890486225480862	6.086835766330224	-1.2626770142061494
6.086835766330224	6.086835766330224	-1.414213562373095
6.283185307179586	6.086835766330224	-1.5385763934890928

0.0	6.283185307179586	-1.6629392246050907
0.19634954084936207	6.283185307179586	-1.755349144813832
0.39269908169872414	6.283185307179586	-1.8122548927057758
0.5890486225480862	6.283185307179586	-1.8314696123025453
0.7853981633974483	6.283185307179586	-1.8122548927057758
0.9817477042468103	6.283185307179586	-1.7553491448138319
1.1780972450961724	6.283185307179586	-1.6629392246050902
1.3744467859455345	6.283185307179586	-1.5385763934890926
1.5707963267948966	6.283185307179586	-1.3870398453221473
1.7671458676442586	6.283185307179586	-1.2141530446676347
1.9634954084936207	6.283185307179586	-1.0265599343186733
2.1598449493429825	6.283185307179586	-0.8314696123025452
2.356194490192345	6.283185307179586	-0.6363792902864167
2.552544031041707	6.283185307179586	-0.44878617993745507
2.748893571891069	6.283185307179586	-0.27589937928294284
2.945243112740431	6.283185307179586	-0.12436283111599777
3.141592653589793	6.283185307179586	1.1102230246251565E-16
3.3379421944391554	6.283185307179586	0.09240992020874172
3.5342917352885173	6.283185307179586	0.1493156681006852
3.730641276137879	6.283185307179586	0.16853038769745476
3.9269908169872414	6.283185307179586	0.1493156681006852
4.123340357836604	6.283185307179586	0.09240992020874139
4.319689898685965	6.283185307179586	2.220446049250313E-16
4.516039439535327	6.283185307179586	-0.12436283111599766
4.71238898038469	6.283185307179586	-0.27589937928294306
4.908738521234052	6.283185307179586	-0.4487861799374558
5.105088062083414	6.283185307179586	-0.6363792902864175
5.301437602932776	6.283185307179586	-0.8314696123025451
5.497787143782138	6.283185307179586	-1.0265599343186735
5.6941366846315	6.283185307179586	-1.2141530446676354
5.890486225480862	6.283185307179586	-1.387039845322147
6.086835766330224	6.283185307179586	-1.5385763934890928
6.283185307179586	6.283185307179586	-1.6629392246050905

