0.0	0.0	1.8477590650225733
0.19634954084936207	0.0	1.904664812914517
0.39269908169872414	0.0	1.9238795325112865
0.5890486225480862	0.0	1.9046648129145172
0.7853981633974483	0.0	1.8477590650225735
0.9817477042468103	0.0	1.7553491448138319
1.1780972450961724	0.0	1.6309863136978344
1.3744467859455345	0.0	1.4794497655308891
1.5707963267948966	0.0	1.3065629648763766
1.7671458676442586	0.0	1.118969854527415
1.9634954084936207	0.0	0.923879532511287
2.1598449493429825	0.0	0.7287892104951589
2.356194490192345	0.0	0.5411961001461971
2.552544031041707	0.0	0.36830929949168445
2.748893571891069	0.0	0.2167727513247394
2.945243112740431	0.0	0.09240992020874172
3.141592653589793	0.0	0.0
3.3379421944391554	0.0	-0.0569057478919438
3.5342917352885173	0.0	-0.07612046748871337
3.730641276137879	0.0	-0.056905747891943914
3.9269908169872414	0.0	-3.3306690738754696E-16
4.123340357836604	0.0	0.09240992020874128
4.319689898685965	0.0	0.2167727513247385
4.516039439535327	0.0	0.3683092994916839
4.71238898038469	0.0	0.5411961001461965
4.908738521234052	0.0	0.7287892104951581
5.105088062083414	0.0	0.9238795325112866
5.301437602932776	0.0	1.1189698545274143
5.497787143782138	0.0	1.306562964876376
5.6941366846315	0.0	1.4794497655308887
5.890486225480862	0.0	1.6309863136978335
6.086835766330224	0.0	1.7553491448138314
6.283185307179586	0.0	1.847759065022573

0.0	0.19634954084936207	1.904664812914517
0.19634954084936207	0.19634954084936207	1.9615705608064609
0.39269908169872414	0.19634954084936207	1.9807852804032304
0.5890486225480862	0.19634954084936207	1.9615705608064609
0.7853981633974483	0.19634954084936207	1.9046648129145174
0.9817477042468103	0.19634954084936207	1.8122548927057758
1.1780972450961724	0.19634954084936207	1.6878920615897781
1.3744467859455345	0.19634954084936207	1.536355513422833
1.5707963267948966	0.19634954084936207	1.3634687127683205
1.7671458676442586	0.19634954084936207	1.1758756024193588
1.9634954084936207	0.19634954084936207	0.9807852804032308
2.1598449493429825	0.19634954084936207	0.7856949583871027
2.356194490192345	0.19634954084936207	0.598101848038141
2.552544031041707	0.19634954084936207	0.42521504738362825
2.748893571891069	0.19634954084936207	0.2736784992166832
2.945243112740431	0.19634954084936207	0.14931566810068553
3.141592653589793	0.19634954084936207	0.0569057478919438
3.3379421944391554	0.19634954084936207	0.0
3.5342917352885173	0.19634954084936207	-0.01921471959676957
3.730641276137879	0.19634954084936207	-1.1102230246251565E-16
3.9269908169872414	0.19634954084936207	0.05690574789194347
4.123340357836604	0.19634954084936207	0.14931566810068508
4.319689898685965	0.19634954084936207	0.2736784992166823
4.516039439535327	0.19634954084936207	0.4252150473836277
4.71238898038469	0.19634954084936207	0.5981018480381403
4.908738521234052	0.19634954084936207	0.785694958387102
5.105088062083414	0.19634954084936207	0.9807852804032304
5.301437602932776	0.19634954084936207	1.175875602419358
5.497787143782138	0.19634954084936207	1.3634687127683198
5.6941366846315	0.19634954084936207	1.5363555134228326
5.890486225480862	0.19634954084936207	1.6878920615897774
6.086835766330224	0.19634954084936207	1.8122548927057753
6.283185307179586	0.19634954084936207	1.904664812914517

0.0	0.39269908169872414	1.9238795325112865
0.19634954084936207	0.39269908169872414	1.9807852804032304
0.39269908169872414	0.39269908169872414	2.0
0.5890486225480862	0.39269908169872414	1.9807852804032304
0.7853981633974483	0.39269908169872414	1.923879532511287
0.9817477042468103	0.39269908169872414	1.8314696123025453
1.1780972450961724	0.39269908169872414	1.7071067811865477
1.3744467859455345	0.39269908169872414	1.5555702330196026
1.5707963267948966	0.39269908169872414	1.38268343236509
1.7671458676442586	0.39269908169872414	1.1950903220161284
1.9634954084936207	0.39269908169872414	1.0000000000000002
2.1598449493429825	0.39269908169872414	0.8049096779838723
2.356194490192345	0.39269908169872414	0.6173165676349106
2.552544031041707	0.39269908169872414	0.4444297669803978
2.748893571891069	0.39269908169872414	0.29289321881345276
2.945243112740431	0.39269908169872414	0.1685303876974551
3.141592653589793	0.39269908169872414	0.07612046748871337
3.3379421944391554	0.39269908169872414	0.01921471959676957
3.5342917352885173	0.39269908169872414	0.0
3.730641276137879	0.39269908169872414	0.01921471959676946
3.9269908169872414	0.39269908169872414	0.07612046748871304
4.123340357836604	0.39269908169872414	0.16853038769745465
4.319689898685965	0.39269908169872414	0.29289321881345187
4.516039439535327	0.39269908169872414	0.44442976698039727
4.71238898038469	0.39269908169872414	0.6173165676349098
4.908738521234052	0.39269908169872414	0.8049096779838716
5.105088062083414	0.39269908169872414	1.0
5.301437602932776	0.39269908169872414	1.1950903220161275
5.497787143782138	0.39269908169872414	1.3826834323650894
5.6941366846315	0.39269908169872414	1.5555702330196022
5.890486225480862	0.39269908169872414	1.707106781186547
6.086835766330224	0.39269908169872414	1.831469612302545
6.283185307179586	0.39269908169872414	1.9238795325112865

0.0	0.5890486225480862	1.9046648129145172
0.19634954084936207	0.5890486225480862	1.9615705608064609
0.39269908169872414	0.5890486225480862	1.9807852804032304
0.5890486225480862	0.5890486225480862	1.961570560806461
0.7853981633974483	0.5890486225480862	1.9046648129145174
0.9817477042468103	0.5890486225480862	1.8122548927057758
1.1780972450961724	0.5890486225480862	1.6878920615897783
1.3744467859455345	0.5890486225480862	1.536355513422833
1.5707963267948966	0.5890486225480862	1.3634687127683205
1.7671458676442586	0.5890486225480862	1.1758756024193588
1.9634954084936207	0.5890486225480862	0.9807852804032309
2.1598449493429825	0.5890486225480862	0.7856949583871028
2.356194490192345	0.5890486225480862	0.598101848038141
2.552544031041707	0.5890486225480862	0.42521504738362836
2.748893571891069	0.5890486225480862	0.2736784992166833
2.945243112740431	0.5890486225480862	0.14931566810068564
3.141592653589793	0.5890486225480862	0.056905747891943914
3.3379421944391554	0.5890486225480862	1.1102230246251565E-16
3.5342917352885173	0.5890486225480862	-0.01921471959676946
3.730641276137879	0.5890486225480862	0.0
3.9269908169872414	0.5890486225480862	0.05690574789194358
4.123340357836604	0.5890486225480862	0.1493156681006852
4.319689898685965	0.5890486225480862	0.2736784992166824
4.516039439535327	0.5890486225480862	0.4252150473836278
4.71238898038469	0.5890486225480862	0.5981018480381404
4.908738521234052	0.5890486225480862	0.785694958387102
5.105088062083414	0.5890486225480862	0.9807852804032305
5.301437602932776	0.5890486225480862	1.1758756024193582
5.497787143782138	0.5890486225480862	1.3634687127683198
5.6941366846315	0.5890486225480862	1.5363555134228326
5.890486225480862	0.5890486225480862	1.6878920615897774
6.086835766330224	0.5890486225480862	1.8122548927057753
6.283185307179586	0.5890486225480862	1.904664812914517

0.0	0.7853981633974483	1.8477590650225735
0.19634954084936207	0.7853981633974483	1.9046648129145174
0.39269908169872414	0.7853981633974483	1.923879532511287
0.5890486225480862	0.7853981633974483	1.9046648129145174
0.7853981633974483	0.7853981633974483	1.8477590650225737
0.9817477042468103	0.7853981633974483	1.755349144813832
1.1780972450961724	0.7853981633974483	1.6309863136978344
1.3744467859455345	0.7853981633974483	1.4794497655308896
1.5707963267948966	0.7853981633974483	1.306562964876377
1.7671458676442586	0.7853981633974483	1.1189698545274152
1.9634954084936207	0.7853981633974483	0.9238795325112872
2.1598449493429825	0.7853981633974483	0.7287892104951591
2.356194490192345	0.7853981633974483	0.5411961001461973
2.552544031041707	0.7853981633974483	0.36830929949168467
2.748893571891069	0.7853981633974483	0.2167727513247396
2.945243112740431	0.7853981633974483	0.09240992020874195
3.141592653589793	0.7853981633974483	2.220446049250313E-16
3.3379421944391554	0.7853981633974483	-0.05690574789194358
3.5342917352885173	0.7853981633974483	-0.07612046748871315
3.730641276137879	0.7853981633974483	-0.05690574789194369
3.9269908169872414	0.7853981633974483	-1.1102230246251565E-16
4.123340357836604	0.7853981633974483	0.0924099202087415
4.319689898685965	0.7853981633974483	0.21677275132473872
4.516039439535327	0.7853981633974483	0.3683092994916841
4.71238898038469	0.7853981633974483	0.5411961001461967
4.908738521234052	0.7853981633974483	0.7287892104951583
5.105088062083414	0.7853981633974483	0.9238795325112868
5.301437602932776	0.7853981633974483	1.1189698545274145
5.497787143782138	0.7853981633974483	1.3065629648763761
5.6941366846315	0.7853981633974483	1.479449765530889
5.890486225480862	0.7853981633974483	1.6309863136978338
6.086835766330224	0.7853981633974483	1.7553491448138316
6.283185307179586	0.7853981633974483	1.8477590650225735

0.0	0.9817477042468103	1.7553491448138319
0.19634954084936207	0.9817477042468103	1.8122548927057758
0.39269908169872414	0.9817477042468103	1.8314696123025453
0.5890486225480862	0.9817477042468103	1.8122548927057758
0.7853981633974483	0.9817477042468103	1.755349144813832
0.9817477042468103	0.9817477042468103	1.6629392246050905
1.1780972450961724	0.9817477042468103	1.5385763934890928
1.3744467859455345	0.9817477042468103	1.387039845322148
1.5707963267948966	0.9817477042468103	1.2141530446676354
1.7671458676442586	0.9817477042468103	1.0265599343186735
1.9634954084936207	0.9817477042468103	0.8314696123025456
2.1598449493429825	0.9817477042468103	0.6363792902864175
2.356194490192345	0.9817477042468103	0.4487861799374558
2.552544031041707	0.9817477042468103	0.27589937928294306
2.748893571891069	0.9817477042468103	0.124362831115998
2.945243112740431	0.9817477042468103	3.3306690738754696E-16
3.141592653589793	0.9817477042468103	-0.09240992020874139
3.3379421944391554	0.9817477042468103	-0.1493156681006852
3.5342917352885173	0.9817477042468103	-0.16853038769745476
3.730641276137879	0.9817477042468103	-0.1493156681006853
3.9269908169872414	0.9817477042468103	-0.09240992020874172
4.123340357836604	0.9817477042468103	-1.1102230246251565E-16
4.319689898685965	0.9817477042468103	0.12436283111599711
4.516039439535327	0.9817477042468103	0.2758993792829425
4.71238898038469	0.9817477042468103	0.44878617993745507
4.908738521234052	0.9817477042468103	0.6363792902864167
5.105088062083414	0.9817477042468103	0.8314696123025452
5.301437602932776	0.9817477042468103	1.0265599343186729
5.497787143782138	0.9817477042468103	1.2141530446676345
5.6941366846315	0.9817477042468103	1.3870398453221473
5.890486225480862	0.9817477042468103	1.5385763934890921
6.086835766330224	0.9817477042468103	1.66293922460509
6.283185307179586	0.9817477042468103	1.7553491448138319

0.0	1.1780972450961724	1.6309863136978344
0.19634954084936207	1.1780972450961724	1.6878920615897781
0.39269908169872414	1.1780972450961724	1.7071067811865477
0.5890486225480862	1.1780972450961724	1.6878920615897783
0.7853981633974483	1.1780972450961724	1.6309863136978344
0.9817477042468103	1.1780972450961724	1.5385763934890928
1.1780972450961724	1.1780972450961724	1.4142135623730954
1.3744467859455345	1.1780972450961724	1.2626770142061503
1.5707963267948966	1.1780972450961724	1.0897902135516377
1.7671458676442586	1.1780972450961724	0.9021971032026761
1.9634954084936207	1.1780972450961724	0.707106781186548
2.1598449493429825	1.1780972450961724	0.5120164591704199
2.356194490192345	1.1780972450961724	0.32442334882145824
2.552544031041707	1.1780972450961724	0.1515365481669455
2.748893571891069	1.1780972450961724	4.440892098500626E-16
2.945243112740431	1.1780972450961724	-0.12436283111599722
3.141592653589793	1.1780972450961724	-0.21677275132473894
3.3379421944391554	1.1780972450961724	-0.27367849921668275
3.5342917352885173	1.1780972450961724	-0.2928932188134523
3.730641276137879	1.1780972450961724	-0.27367849921668286
3.9269908169872414	1.1780972450961724	-0.21677275132473928
4.123340357836604	1.1780972450961724	-0.12436283111599766
4.319689898685965	1.1780972450961724	-4.440892098500626E-16
4.516039439535327	1.1780972450961724	0.15153654816694495
4.71238898038469	1.1780972450961724	0.3244233488214575
4.908738521234052	1.1780972450961724	0.5120164591704193
5.105088062083414	1.1780972450961724	0.7071067811865477
5.301437602932776	1.1780972450961724	0.9021971032026753
5.497787143782138	1.1780972450961724	1.089790213551637
5.6941366846315	1.1780972450961724	1.2626770142061496
5.890486225480862	1.1780972450961724	1.4142135623730945
6.086835766330224	1.1780972450961724	1.5385763934890924
6.283185307179586	1.1780972450961724	1.6309863136978342

0.0	1.3744467859455345	1.4794497655308891
0.19634954084936207	1.3744467859455345	1.536355513422833
0.39269908169872414	1.3744467859455345	1.5555702330196026
0.5890486225480862	1.3744467859455345	1.536355513422833
0.7853981633974483	1.3744467859455345	1.4794497655308896
0.9817477042468103	1.3744467859455345	1.387039845322148
1.1780972450961724	1.3744467859455345	1.2626770142061503
1.3744467859455345	1.3744467859455345	1.1111404660392052
1.5707963267948966	1.3744467859455345	0.9382536653846927
1.7671458676442586	1.3744467859455345	0.750660555035731
1.9634954084936207	1.3744467859455345	0.555570233019603
2.1598449493429825	1.3744467859455345	0.3604799110034749
2.356194490192345	1.3744467859455345	0.17288680065451317
2.552544031041707	1.3744467859455345	4.440892098500626E-16
2.748893571891069	1.3744467859455345	-0.15153654816694462
2.945243112740431	1.3744467859455345	-0.2758993792829423
3.141592653589793	1.3744467859455345	-0.368309299491684
3.3379421944391554	1.3744467859455345	-0.4252150473836278
3.5342917352885173	1.3744467859455345	-0.4444297669803974
3.730641276137879	1.3744467859455345	-0.4252150473836279
3.9269908169872414	1.3744467859455345	-0.36830929949168434
4.123340357836604	1.3744467859455345	-0.2758993792829427
4.319689898685965	1.3744467859455345	-0.1515365481669455
4.516039439535327	1.3744467859455345	-1.1102230246251565E-16
4.71238898038469	1.3744467859455345	0.17288680065451245
4.908738521234052	1.3744467859455345	0.36047991100347415
5.105088062083414	1.3744467859455345	0.5555702330196026
5.301437602932776	1.3744467859455345	0.7506605550357303
5.497787143782138	1.3744467859455345	0.938253665384692
5.6941366846315	1.3744467859455345	1.1111404660392048
5.890486225480862	1.3744467859455345	1.2626770142061496
6.086835766330224	1.3744467859455345	1.3870398453221475
6.283185307179586	1.3744467859455345	1.4794497655308891

0.0	1.5707963267948966	1.3065629648763766
0.19634954084936207	1.5707963267948966	1.3634687127683205
0.39269908169872414	1.5707963267948966	1.38268343236509
0.5890486225480862	1.5707963267948966	1.3634687127683205
0.7853981633974483	1.5707963267948966	1.306562964876377
0.9817477042468103	1.5707963267948966	1.2141530446676354
1.1780972450961724	1.5707963267948966	1.0897902135516377
1.3744467859455345	1.5707963267948966	0.9382536653846927
1.5707963267948966	1.5707963267948966	0.7653668647301801
1.7671458676442586	1.5707963267948966	0.5777737543812185
1.9634954084936207	1.5707963267948966	0.3826834323650904
2.1598449493429825	1.5707963267948966	0.18759311034896234
2.356194490192345	1.5707963267948966	6.106226635438361E-16
2.552544031041707	1.5707963267948966	-0.17288680065451212
2.748893571891069	1.5707963267948966	-0.3244233488214572
2.945243112740431	1.5707963267948966	-0.44878617993745484
3.141592653589793	1.5707963267948966	-0.5411961001461966
3.3379421944391554	1.5707963267948966	-0.5981018480381404
3.5342917352885173	1.5707963267948966	-0.6173165676349099
3.730641276137879	1.5707963267948966	-0.5981018480381405
3.9269908169872414	1.5707963267948966	-0.5411961001461969
4.123340357836604	1.5707963267948966	-0.4487861799374553
4.319689898685965	1.5707963267948966	-0.32442334882145807
4.516039439535327	1.5707963267948966	-0.17288680065451267
4.71238898038469	1.5707963267948966	-1.1102230246251565E-16
4.908738521234052	1.5707963267948966	0.1875931103489616
5.105088062083414	1.5707963267948966	0.38268343236509006
5.301437602932776	1.5707963267948966	0.5777737543812177
5.497787143782138	1.5707963267948966	0.7653668647301795
5.6941366846315	1.5707963267948966	0.9382536653846921
5.890486225480862	1.5707963267948966	1.089790213551637
6.086835766330224	1.5707963267948966	1.214153044667635
6.283185307179586	1.5707963267948966	1.3065629648763766

0.0	1.7671458676442586	1.118969854527415
0.19634954084936207	1.7671458676442586	1.1758756024193588
0.39269908169872414	1.7671458676442586	1.1950903220161284
0.5890486225480862	1.7671458676442586	1.1758756024193588
0.7853981633974483	1.7671458676442586	1.1189698545274152
0.9817477042468103	1.7671458676442586	1.0265599343186735
1.1780972450961724	1.7671458676442586	0.9021971032026761
1.3744467859455345	1.7671458676442586	0.750660555035731
1.5707963267948966	1.7671458676442586	0.5777737543812185
1.7671458676442586	1.7671458676442586	0.3901806440322567
1.9634954084936207	1.7671458676442586	0.1950903220161287
2.1598449493429825	1.7671458676442586	6.38378239159465E-16
2.356194490192345	1.7671458676442586	-0.1875931103489611
2.552544031041707	1.7671458676442586	-0.3604799110034738
2.748893571891069	1.7671458676442586	-0.5120164591704188
2.945243112740431	1.7671458676442586	-0.6363792902864165
3.141592653589793	1.7671458676442586	-0.7287892104951583
3.3379421944391554	1.7671458676442586	-0.785694958387102
3.5342917352885173	1.7671458676442586	-0.8049096779838716
3.730641276137879	1.7671458676442586	-0.7856949583871022
3.9269908169872414	1.7671458676442586	-0.7287892104951585
4.123340357836604	1.7671458676442586	-0.6363792902864169
4.319689898685965	1.7671458676442586	-0.5120164591704197
4.516039439535327	1.7671458676442586	-0.3604799110034744
4.71238898038469	1.7671458676442586	-0.1875931103489618
4.908738521234052	1.7671458676442586	-1.1102230246251565E-16
5.105088062083414	1.7671458676442586	0.19509032201612836
5.301437602932776	1.7671458676442586	0.39018064403225594
5.497787143782138	1.7671458676442586	0.5777737543812177
5.6941366846315	1.7671458676442586	0.7506605550357304
5.890486225480862	1.7671458676442586	0.9021971032026752
6.086835766330224	1.7671458676442586	1.026559934318673
6.283185307179586	1.7671458676442586	1.118969854527415

0.0	1.9634954084936207	0.923879532511287
0.19634954084936207	1.9634954084936207	0.9807852804032308
0.39269908169872414	1.9634954084936207	1.0000000000000002
0.5890486225480862	1.9634954084936207	0.9807852804032309
0.7853981633974483	1.9634954084936207	0.9238795325112872
0.9817477042468103	1.9634954084936207	0.8314696123025456
1.1780972450961724	1.9634954084936207	0.707106781186548
1.3744467859455345	1.9634954084936207	0.555570233019603
1.5707963267948966	1.9634954084936207	0.3826834323650904
1.7671458676442586	1.9634954084936207	0.1950903220161287
1.9634954084936207	1.9634954084936207	6.432490598706546E-16
2.1598449493429825	1.9634954084936207	-0.1950903220161274
2.356194490192345	1.9634954084936207	-0.3826834323650891
2.552544031041707	1.9634954084936207	-0.5555702330196018
2.748893571891069	1.9634954084936207	-0.7071067811865469
2.945243112740431	1.9634954084936207	-0.8314696123025446
3.141592653589793	1.9634954084936207	-0.9238795325112863
3.3379421944391554	1.9634954084936207	-0.9807852804032301
3.5342917352885173	1.9634954084936207	-0.9999999999999997
3.730641276137879	1.9634954084936207	-0.9807852804032302
3.9269908169872414	1.9634954084936207	-0.9238795325112866
4.123340357836604	1.9634954084936207	-0.831469612302545
4.319689898685965	1.9634954084936207	-0.7071067811865478
4.516039439535327	1.9634954084936207	-0.5555702330196024
4.71238898038469	1.9634954084936207	-0.38268343236508984
4.908738521234052	1.9634954084936207	-0.19509032201612814
5.105088062083414	1.9634954084936207	3.216245299353273E-16
5.301437602932776	1.9634954084936207	0.19509032201612794
5.497787143782138	1.9634954084936207	0.38268343236508967
5.6941366846315	1.9634954084936207	0.5555702330196024
5.890486225480862	1.9634954084936207	0.7071067811865472
6.086835766330224	1.9634954084936207	0.8314696123025451
6.283185307179586	1.9634954084936207	0.9238795325112868

0.0	2.1598449493429825	0.7287892104951589
0.19634954084936207	2.1598449493429825	0.7856949583871027
0.39269908169872414	2.1598449493429825	0.8049096779838723
0.5890486225480862	2.1598449493429825	0.7856949583871028
0.7853981633974483	2.1598449493429825	0.7287892104951591
0.9817477042468103	2.1598449493429825	0.6363792902864175
1.1780972450961724	2.1598449493429825	0.5120164591704199
1.3744467859455345	2.1598449493429825	0.3604799110034749
1.5707963267948966	2.1598449493429825	0.18759311034896234
1.7671458676442586	2.1598449493429825	6.38378239159465E-16
1.9634954084936207	2.1598449493429825	-0.1950903220161274
2.1598449493429825	2.1598449493429825	-0.39018064403225544
2.356194490192345	2.1598449493429825	-0.5777737543812171
2.552544031041707	2.1598449493429825	-0.7506605550357299
2.748893571891069	2.1598449493429825	-0.902197103202675
2.945243112740431	2.1598449493429825	-1.0265599343186727
3.141592653589793	2.1598449493429825	-1.1189698545274143
3.3379421944391554	2.1598449493429825	-1.1758756024193582
3.5342917352885173	2.1598449493429825	-1.1950903220161277
3.730641276137879	2.1598449493429825	-1.1758756024193582
3.9269908169872414	2.1598449493429825	-1.1189698545274147
4.123340357836604	2.1598449493429825	-1.026559934318673
4.319689898685965	2.1598449493429825	-0.9021971032026759
4.516039439535327	2.1598449493429825	-0.7506605550357305
4.71238898038469	2.1598449493429825	-0.5777737543812179
4.908738521234052	2.1598449493429825	-0.39018064403225616
5.105088062083414	2.1598449493429825	-0.19509032201612772
5.301437602932776	2.1598449493429825	-1.1102230246251565E-16
5.497787143782138	2.1598449493429825	0.18759311034896162
5.6941366846315	2.1598449493429825	0.3604799110034743
5.890486225480862	2.1598449493429825	0.5120164591704192
6.086835766330224	2.1598449493429825	0.636379290286417
6.283185307179586	2.1598449493429825	0.7287892104951588

0.0	2.356194490192345	0.5411961001461971
0.19634954084936207	2.356194490192345	0.598101848038141
0.39269908169872414	2.356194490192345	0.6173165676349106
0.5890486225480862	2.356194490192345	0.598101848038141
0.7853981633974483	2.356194490192345	0.5411961001461973
0.9817477042468103	2.356194490192345	0.4487861799374558
1.1780972450961724	2.356194490192345	0.32442334882145824
1.3744467859455345	2.356194490192345	0.17288680065451317
1.5707963267948966	2.356194490192345	6.106226635438361E-16
1.7671458676442586	2.356194490192345	-0.1875931103489611
1.9634954084936207	2.356194490192345	-0.3826834323650891
2.1598449493429825	2.356194490192345	-0.5777737543812171
2.356194490192345	2.356194490192345	-0.7653668647301789
2.552544031041707	2.356194490192345	-0.9382536653846916
2.748893571891069	2.356194490192345	-1.0897902135516366
2.945243112740431	2.356194490192345	-1.2141530446676343
3.141592653589793	2.356194490192345	-1.3065629648763761
3.3379421944391554	2.356194490192345	-1.3634687127683198
3.5342917352885173	2.356194490192345	-1.3826834323650894
3.730641276137879	2.356194490192345	-1.36346871276832
3.9269908169872414	2.356194490192345	-1.3065629648763764
4.123340357836604	2.356194490192345	-1.2141530446676347
4.319689898685965	2.356194490192345	-1.0897902135516375
4.516039439535327	2.356194490192345	-0.9382536653846922
4.71238898038469	2.356194490192345	-0.7653668647301797
4.908738521234052	2.356194490192345	-0.5777737543812179
5.105088062083414	2.356194490192345	-0.38268343236508945
5.301437602932776	2.356194490192345	-0.18759311034896184
5.497787143782138	2.356194490192345	-1.1102230246251565E-16
5.6941366846315	2.356194490192345	0.17288680065451262
5.890486225480862	2.356194490192345	0.32442334882145746
6.086835766330224	2.356194490192345	0.44878617993745534
6.283185307179586	2.356194490192345	0.5411961001461971

0.0	2.552544031041707	0.36830929949168445
0.19634954084936207	2.552544031041707	0.42521504738362825
0.39269908169872414	2.552544031041707	0.4444297669803978
0.5890486225480862	2.552544031041707	0.42521504738362836
0.7853981633974483	2.552544031041707	0.36830929949168467
0.9817477042468103	2.552544031041707	0.27589937928294306
1.1780972450961724	2.552544031041707	0.1515365481669455
1.3744467859455345	2.552544031041707	4.440892098500626E-16
1.5707963267948966	2.552544031041707	-0.17288680065451212
1.7671458676442586	2.552544031041707	-0.3604799110034738
1.9634954084936207	2.552544031041707	-0.5555702330196018
2.1598449493429825	2.552544031041707	-0.7506605550357299
2.356194490192345	2.552544031041707	-0.9382536653846916
2.552544031041707	2.552544031041707	-1.1111404660392044
2.748893571891069	2.552544031041707	-1.2626770142061494
2.945243112740431	2.552544031041707	-1.387039845322147
3.141592653589793	2.552544031041707	-1.4794497655308887
3.3379421944391554	2.552544031041707	-1.5363555134228326
3.5342917352885173	2.552544031041707	-1.5555702330196022
3.730641276137879	2.552544031041707	-1.5363555134228326
3.9269908169872414	2.552544031041707	-1.4794497655308891
4.123340357836604	2.552544031041707	-1.3870398453221475
4.319689898685965	2.552544031041707	-1.2626770142061503
4.516039439535327	2.552544031041707	-1.1111404660392048
4.71238898038469	2.552544031041707	-0.9382536653846923
4.908738521234052	2.552544031041707	-0.7506605550357306
5.105088062083414	2.552544031041707	-0.5555702330196022
5.301437602932776	2.552544031041707	-0.36047991100347454
5.497787143782138	2.552544031041707	-0.17288680065451284
5.6941366846315	2.552544031041707	-1.1102230246251565E-16
5.890486225480862	2.552544031041707	0.15153654816694473
6.086835766330224	2.552544031041707	0.2758993792829426
6.283185307179586	2.552544031041707	0.36830929949168434

0.0	2.748893571891069	0.2167727513247394
0.19634954084936207	2.748893571891069	0.2736784992166832
0.39269908169872414	2.748893571891069	0.29289321881345276
0.5890486225480862	2.748893571891069	0.2736784992166833
0.7853981633974483	2.748893571891069	0.2167727513247396
0.9817477042468103	2.748893571891069	0.124362831115998
1.1780972450961724	2.748893571891069	4.440892098500626E-16
1.3744467859455345	2.748893571891069	-0.15153654816694462
1.5707963267948966	2.748893571891069	-0.3244233488214572
1.7671458676442586	2.748893571891069	-0.5120164591704188
1.9634954084936207	2.748893571891069	-0.7071067811865469
2.1598449493429825	2.748893571891069	-0.902197103202675
2.356194490192345	2.748893571891069	-1.0897902135516366
2.552544031041707	2.748893571891069	-1.2626770142061494
2.748893571891069	2.748893571891069	-1.4142135623730945
2.945243112740431	2.748893571891069	-1.5385763934890921
3.141592653589793	2.748893571891069	-1.630986313697834
3.3379421944391554	2.748893571891069	-1.6878920615897777
3.5342917352885173	2.748893571891069	-1.7071067811865472
3.730641276137879	2.748893571891069	-1.687892061589778
3.9269908169872414	2.748893571891069	-1.6309863136978342
4.123340357836604	2.748893571891069	-1.5385763934890926
4.319689898685965	2.748893571891069	-1.4142135623730954
4.516039439535327	2.748893571891069	-1.26267701420615
4.71238898038469	2.748893571891069	-1.0897902135516375
4.908738521234052	2.748893571891069	-0.9021971032026757
5.105088062083414	2.748893571891069	-0.7071067811865472
5.301437602932776	2.748893571891069	-0.5120164591704196
5.497787143782138	2.748893571891069	-0.3244233488214579
5.6941366846315	2.748893571891069	-0.15153654816694517
5.890486225480862	2.748893571891069	-3.3306690738754696E-16
6.086835766330224	2.748893571891069	0.12436283111599755
6.283185307179586	2.748893571891069	0.21677275132473928

0.0	2.945243112740431	0.09240992020874172
0.19634954084936207	2.945243112740431	0.14931566810068553
0.39269908169872414	2.945243112740431	0.1685303876974551
0.5890486225480862	2.945243112740431	0.14931566810068564
0.7853981633974483	2.945243112740431	0.09240992020874195
0.9817477042468103	2.945243112740431	3.3306690738754696E-16
1.1780972450961724	2.945243112740431	-0.12436283111599722
1.3744467859455345	2.945243112740431	-0.2758993792829423
1.5707963267948966	2.945243112740431	-0.44878617993745484
1.7671458676442586	2.945243112740431	-0.6363792902864165
1.9634954084936207	2.945243112740431	-0.8314696123025446
2.1598449493429825	2.945243112740431	-1.0265599343186727
2.356194490192345	2.945243112740431	-1.2141530446676343
2.552544031041707	2.945243112740431	-1.387039845322147
2.748893571891069	2.945243112740431	-1.5385763934890921
2.945243112740431	2.945243112740431	-1.6629392246050898
3.141592653589793	2.945243112740431	-1.7553491448138314
3.3379421944391554	2.945243112740431	-1.8122548927057753
3.5342917352885173	2.945243112740431	-1.831469612302545
3.730641276137879	2.945243112740431	-1.8122548927057753
3.9269908169872414	2.945243112740431	-1.7553491448138319
4.123340357836604	2.945243112740431	-1.6629392246050902
4.319689898685965	2.945243112740431	-1.538576393489093
4.516039439535327	2.945243112740431	-1.3870398453221475
4.71238898038469	2.945243112740431	-1.214153044667635
4.908738521234052	2.945243112740431	-1.0265599343186733
5.105088062083414	2.945243112740431	-0.8314696123025449
5.301437602932776	2.945243112740431	-0.6363792902864173
5.497787143782138	2.945243112740431	-0.44878617993745556
5.6941366846315	2.945243112740431	-0.27589937928294284
5.890486225480862	2.945243112740431	-0.124362831115998
6.086835766330224	2.945243112740431	-1.1102230246251565E-16
6.283185307179586	2.945243112740431	0.09240992020874161

0.0	3.141592653589793	0.0
0.19634954084936207	3.141592653589793	0.0569057478919438
0.39269908169872414	3.141592653589793	0.07612046748871337
0.5890486225480862	3.141592653589793	0.056905747891943914
0.7853981633974483	3.141592653589793	2.220446049250313E-16
0.9817477042468103	3.141592653589793	-0.09240992020874139
1.1780972450961724	3.141592653589793	-0.21677275132473894
1.3744467859455345	3.141592653589793	-0.368309299491684
1.5707963267948966	3.141592653589793	-0.5411961001461966
1.7671458676442586	3.141592653589793	-0.7287892104951583
1.9634954084936207	3.141592653589793	-0.9238795325112863
2.1598449493429825	3.141592653589793	-1.1189698545274143
2.356194490192345	3.141592653589793	-1.3065629648763761
2.552544031041707	3.141592653589793	-1.4794497655308887
2.748893571891069	3.141592653589793	-1.630986313697834
2.945243112740431	3.141592653589793	-1.7553491448138314
3.141592653589793	3.141592653589793	-1.8477590650225733
3.3379421944391554	3.141592653589793	-1.904664812914517
3.5342917352885173	3.141592653589793	-1.9238795325112865
3.730641276137879	3.141592653589793	-1.9046648129145172
3.9269908169872414	3.141592653589793	-1.8477590650225735
4.123340357836604	3.141592653589793	-1.7553491448138319
4.319689898685965	3.141592653589793	-1.6309863136978349
4.516039439535327	3.141592653589793	-1.4794497655308894
4.71238898038469	3.141592653589793	-1.3065629648763768
4.908738521234052	3.141592653589793	-1.1189698545274152
5.105088062083414	3.141592653589793	-0.9238795325112866
5.301437602932776	3.141592653589793	-0.728789210495159
5.497787143782138	3.141592653589793	-0.5411961001461973
5.6941366846315	3.141592653589793	-0.36830929949168456
5.890486225480862	3.141592653589793	-0.21677275132473972
6.086835766330224	3.141592653589793	-0.09240992020874184
6.283185307179586	3.141592653589793	-1.1102230246251565E-16

0.0	3.3379421944391554	-0.0569057478919438
0.19634954084936207	3.3379421944391554	0.0
0.39269908169872414	3.3379421944391554	0.01921471959676957
0.5890486225480862	3.3379421944391554	1.1102230246251565E-16
0.7853981633974483	3.3379421944391554	-0.05690574789194358
0.9817477042468103	3.3379421944391554	-0.1493156681006852
1.1780972450961724	3.3379421944391554	-0.27367849921668275
1.3744467859455345	3.3379421944391554	-0.4252150473836278
1.5707963267948966	3.3379421944391554	-0.5981018480381404
1.7671458676442586	3.3379421944391554	-0.785694958387102
1.9634954084936207	3.3379421944391554	-0.9807852804032301
2.1598449493429825	3.3379421944391554	-1.1758756024193582
2.356194490192345	3.3379421944391554	-1.3634687127683198
2.552544031041707	3.3379421944391554	-1.5363555134228326
2.748893571891069	3.3379421944391554	-1.6878920615897777
2.945243112740431	3.3379421944391554	-1.8122548927057753
3.141592653589793	3.3379421944391554	-1.904664812914517
3.3379421944391554	3.3379421944391554	-1.9615705608064609
3.5342917352885173	3.3379421944391554	-1.9807852804032304
3.730641276137879	3.3379421944391554	-1.9615705608064609
3.9269908169872414	3.3379421944391554	-1.9046648129145174
4.123340357836604	3.3379421944391554	-1.8122548927057758
4.319689898685965	3.3379421944391554	-1.6878920615897786
4.516039439535327	3.3379421944391554	-1.536355513422833
4.71238898038469	3.3379421944391554	-1.3634687127683205
4.908738521234052	3.3379421944391554	-1.1758756024193588
5.105088062083414	3.3379421944391554	-0.9807852804032304
5.301437602932776	3.3379421944391554	-0.7856949583871028
5.497787143782138	3.3379421944391554	-0.598101848038141
5.6941366846315	3.3379421944391554	-0.42521504738362836
5.890486225480862	3.3379421944391554	-0.2736784992166835
6.086835766330224	3.3379421944391554	-0.14931566810068564
6.283185307179586	3.3379421944391554	-0.056905747891943914

0.0	3.5342917352885173	-0.07612046748871337
0.19634954084936207	3.5342917352885173	-0.01921471959676957
0.39269908169872414	3.5342917352885173	0.0
0.5890486225480862	3.5342917352885173	-0.01921471959676946
0.7853981633974483	3.5342917352885173	-0.07612046748871315
0.9817477042468103	3.5342917352885173	-0.16853038769745476
1.1780972450961724	3.5342917352885173	-0.2928932188134523
1.3744467859455345	3.5342917352885173	-0.4444297669803974
1.5707963267948966	3.5342917352885173	-0.6173165676349099
1.7671458676442586	3.5342917352885173	-0.8049096779838716
1.9634954084936207	3.5342917352885173	-0.9999999999999997
2.1598449493429825	3.5342917352885173	-1.1950903220161277
2.356194490192345	3.5342917352885173	-1.3826834323650894
2.552544031041707	3.5342917352885173	-1.5555702330196022
2.748893571891069	3.5342917352885173	-1.7071067811865472
2.945243112740431	3.5342917352885173	-1.831469612302545
3.141592653589793	3.5342917352885173	-1.9238795325112865
3.3379421944391554	3.5342917352885173	-1.9807852804032304
3.5342917352885173	3.5342917352885173	-2.0
3.730641276137879	3.5342917352885173	-1.9807852804032304
3.9269908169872414	3.5342917352885173	-1.923879532511287
4.123340357836604	3.5342917352885173	-1.8314696123025453
4.319689898685965	3.5342917352885173	-1.7071067811865481
4.516039439535327	3.5342917352885173	-1.5555702330196026
4.71238898038469	3.5342917352885173	-1.38268343236509
4.908738521234052	3.5342917352885173	-1.1950903220161284
5.105088062083414	3.5342917352885173	-1.0
5.301437602932776	3.5342917352885173	-0.8049096779838724
5.497787143782138	3.5342917352885173	-0.6173165676349106
5.6941366846315	3.5342917352885173	-0.44442976698039793
5.890486225480862	3.5342917352885173	-0.2928932188134531
6.086835766330224	3.5342917352885173	-0.1685303876974552
6.283185307179586	3.5342917352885173	-0.07612046748871348

0.0	3.730641276137879	-0.056905747891943914
0.19634954084936207	3.730641276137879	-1.1102230246251565E-16
0.39269908169872414	3.730641276137879	0.01921471959676946
0.5890486225480862	3.730641276137879	0.0
0.7853981633974483	3.730641276137879	-0.05690574789194369
0.9817477042468103	3.730641276137879	-0.1493156681006853
1.1780972450961724	3.730641276137879	-0.27367849921668286
1.3744467859455345	3.730641276137879	-0.4252150473836279
1.5707963267948966	3.730641276137879	-0.5981018480381405
1.7671458676442586	3.730641276137879	-0.7856949583871022
1.9634954084936207	3.730641276137879	-0.9807852804032302
2.1598449493429825	3.730641276137879	-1.1758756024193582
2.356194490192345	3.730641276137879	-1.36346871276832
2.552544031041707	3.730641276137879	-1.5363555134228326
2.748893571891069	3.730641276137879	-1.687892061589778
2.945243112740431	3.730641276137879	-1.8122548927057753
3.141592653589793	3.730641276137879	-1.9046648129145172
3.3379421944391554	3.730641276137879	-1.9615705608064609
3.5342917352885173	3.730641276137879	-1.9807852804032304
3.730641276137879	3.730641276137879	-1.961570560806461
3.9269908169872414	3.730641276137879	-1.9046648129145174
4.123340357836604	3.730641276137879	-1.8122548927057758
4.319689898685965	3.730641276137879	-1.6878920615897788
4.516039439535327	3.730641276137879	-1.5363555134228333
4.71238898038469	3.730641276137879	-1.3634687127683207
4.908738521234052	3.730641276137879	-1.175875602419359
5.105088062083414	3.730641276137879	-0.9807852804032305
5.301437602932776	3.730641276137879	-0.7856949583871029
5.497787143782138	3.730641276137879	-0.5981018480381413
5.6941366846315	3.730641276137879	-0.4252150473836285
5.890486225480862	3.730641276137879	-0.27367849921668363
6.086835766330224	3.730641276137879	-0.14931566810068575
6.283185307179586	3.730641276137879	-0.056905747891944025

0.0	3.9269908169872414	-3.3306690738754696E-16
0.19634954084936207	3.9269908169872414	0.05690574789194347
0.39269908169872414	3.9269908169872414	0.07612046748871304
0.5890486225480862	3.9269908169872414	0.05690574789194358
0.7853981633974483	3.9269908169872414	-1.1102230246251565E-16
0.9817477042468103	3.9269908169872414	-0.09240992020874172
1.1780972450961724	3.9269908169872414	-0.21677275132473928
1.3744467859455345	3.9269908169872414	-0.36830929949168434
1.5707963267948966	3.9269908169872414	-0.5411961001461969
1.7671458676442586	3.9269908169872414	-0.7287892104951585
1.9634954084936207	3.9269908169872414	-0.9238795325112866
2.1598449493429825	3.9269908169872414	-1.1189698545274147
2.356194490192345	3.9269908169872414	-1.3065629648763764
2.552544031041707	3.9269908169872414	-1.4794497655308891
2.748893571891069	3.9269908169872414	-1.6309863136978342
2.945243112740431	3.9269908169872414	-1.7553491448138319
3.141592653589793	3.9269908169872414	-1.8477590650225735
3.3379421944391554	3.9269908169872414	-1.9046648129145174
3.5342917352885173	3.9269908169872414	-1.923879532511287
3.730641276137879	3.9269908169872414	-1.9046648129145174
3.9269908169872414	3.9269908169872414	-1.847759065022574
4.123340357836604	3.9269908169872414	-1.7553491448138323
4.319689898685965	3.9269908169872414	-1.630986313697835
4.516039439535327	3.9269908169872414	-1.4794497655308896
4.71238898038469	3.9269908169872414	-1.306562964876377
4.908738521234052	3.9269908169872414	-1.1189698545274154
5.105088062083414	3.9269908169872414	-0.923879532511287
5.301437602932776	3.9269908169872414	-0.7287892104951593
5.497787143782138	3.9269908169872414	-0.5411961001461976
5.6941366846315	3.9269908169872414	-0.3683092994916849
5.890486225480862	3.9269908169872414	-0.21677275132474005
6.086835766330224	3.9269908169872414	-0.09240992020874217
6.283185307179586	3.9269908169872414	-4.440892098500626E-16

0.0	4.123340357836604	0.09240992020874128
0.19634954084936207	4.123340357836604	0.14931566810068508
0.39269908169872414	4.123340357836604	0.16853038769745465
0.5890486225480862	4.123340357836604	0.1493156681006852
0.7853981633974483	4.123340357836604	0.0924099202087415
0.9817477042468103	4.123340357836604	-1.1102230246251565E-16
1.1780972450961724	4.123340357836604	-0.12436283111599766
1.3744467859455345	4.123340357836604	-0.2758993792829427
1.5707963267948966	4.123340357836604	-0.4487861799374553
1.7671458676442586	4.123340357836604	-0.6363792902864169
1.9634954084936207	4.123340357836604	-0.831469612302545
2.1598449493429825	4.123340357836604	-1.026559934318673
2.356194490192345	4.123340357836604	-1.2141530446676347
2.552544031041707	4.123340357836604	-1.3870398453221475
2.748893571891069	4.123340357836604	-1.5385763934890926
2.945243112740431	4.123340357836604	-1.6629392246050902
3.141592653589793	4.123340357836604	-1.7553491448138319
3.3379421944391554	4.123340357836604	-1.8122548927057758
3.5342917352885173	4.123340357836604	-1.8314696123025453
3.730641276137879	4.123340357836604	-1.8122548927057758
3.9269908169872414	4.123340357836604	-1.7553491448138323
4.123340357836604	4.123340357836604	-1.6629392246050907
4.319689898685965	4.123340357836604	-1.5385763934890935
4.516039439535327	4.123340357836604	-1.387039845322148
4.71238898038469	4.123340357836604	-1.2141530446676354
4.908738521234052	4.123340357836604	-1.0265599343186738
5.105088062083414	4.123340357836604	-0.8314696123025453
5.301437602932776	4.123340357836604	-0.6363792902864177
5.497787143782138	4.123340357836604	-0.448786179937456
5.6941366846315	4.123340357836604	-0.2758993792829433
5.890486225480862	4.123340357836604	-0.12436283111599844
6.086835766330224	4.123340357836604	-5.551115123125783E-16
6.283185307179586	4.123340357836604	0.09240992020874117

0.0	4.319689898685965	0.2167727513247385
0.19634954084936207	4.319689898685965	0.2736784992166823
0.39269908169872414	4.319689898685965	0.29289321881345187
0.5890486225480862	4.319689898685965	0.2736784992166824
0.7853981633974483	4.319689898685965	0.21677275132473872
0.9817477042468103	4.319689898685965	0.12436283111599711
1.1780972450961724	4.319689898685965	-4.440892098500626E-16
1.3744467859455345	4.319689898685965	-0.1515365481669455
1.5707963267948966	4.319689898685965	-0.32442334882145807
1.7671458676442586	4.319689898685965	-0.5120164591704197
1.9634954084936207	4.319689898685965	-0.7071067811865478
2.1598449493429825	4.319689898685965	-0.9021971032026759
2.356194490192345	4.319689898685965	-1.0897902135516375
2.552544031041707	4.319689898685965	-1.2626770142061503
2.748893571891069	4.319689898685965	-1.4142135623730954
2.945243112740431	4.319689898685965	-1.538576393489093
3.141592653589793	4.319689898685965	-1.6309863136978349
3.3379421944391554	4.319689898685965	-1.6878920615897786
3.5342917352885173	4.319689898685965	-1.7071067811865481
3.730641276137879	4.319689898685965	-1.6878920615897788
3.9269908169872414	4.319689898685965	-1.630986313697835
4.123340357836604	4.319689898685965	-1.5385763934890935
4.319689898685965	4.319689898685965	-1.4142135623730963
4.516039439535327	4.319689898685965	-1.262677014206151
4.71238898038469	4.319689898685965	-1.0897902135516384
4.908738521234052	4.319689898685965	-0.9021971032026765
5.105088062083414	4.319689898685965	-0.7071067811865481
5.301437602932776	4.319689898685965	-0.5120164591704205
5.497787143782138	4.319689898685965	-0.3244233488214588
5.6941366846315	4.319689898685965	-0.15153654816694606
5.890486225480862	4.319689898685965	-1.2212453270876722E-15
6.086835766330224	4.319689898685965	0.12436283111599666
6.283185307179586	4.319689898685965	0.2167727513247384

0.0	4.516039439535327	0.3683092994916839
0.19634954084936207	4.516039439535327	0.4252150473836277
0.39269908169872414	4.516039439535327	0.44442976698039727
0.5890486225480862	4.516039439535327	0.4252150473836278
0.7853981633974483	4.516039439535327	0.3683092994916841
0.9817477042468103	4.516039439535327	0.2758993792829425
1.1780972450961724	4.516039439535327	0.15153654816694495
1.3744467859455345	4.516039439535327	-1.1102230246251565E-16
1.5707963267948966	4.516039439535327	-0.17288680065451267
1.7671458676442586	4.516039439535327	-0.3604799110034744
1.9634954084936207	4.516039439535327	-0.5555702330196024
2.1598449493429825	4.516039439535327	-0.7506605550357305
2.356194490192345	4.516039439535327	-0.9382536653846922
2.552544031041707	4.516039439535327	-1.1111404660392048
2.748893571891069	4.516039439535327	-1.26267701420615
2.945243112740431	4.516039439535327	-1.3870398453221475
3.141592653589793	4.516039439535327	-1.4794497655308894
3.3379421944391554	4.516039439535327	-1.536355513422833
3.5342917352885173	4.516039439535327	-1.5555702330196026
3.730641276137879	4.516039439535327	-1.5363555134228333
3.9269908169872414	4.516039439535327	-1.4794497655308896
4.123340357836604	4.516039439535327	-1.387039845322148
4.319689898685965	4.516039439535327	-1.262677014206151
4.516039439535327	4.516039439535327	-1.1111404660392055
4.71238898038469	4.516039439535327	-0.9382536653846929
4.908738521234052	4.516039439535327	-0.7506605550357313
5.105088062083414	4.516039439535327	-0.5555702330196027
5.301437602932776	4.516039439535327	-0.3604799110034751
5.497787143782138	4.516039439535327	-0.1728868006545134
5.6941366846315	4.516039439535327	-6.661338147750939E-16
5.890486225480862	4.516039439535327	0.15153654816694417
6.086835766330224	4.516039439535327	0.27589937928294206
6.283185307179586	4.516039439535327	0.3683092994916838

0.0	4.71238898038469	0.5411961001461965
0.19634954084936207	4.71238898038469	0.5981018480381403
0.39269908169872414	4.71238898038469	0.6173165676349098
0.5890486225480862	4.71238898038469	0.5981018480381404
0.7853981633974483	4.71238898038469	0.5411961001461967
0.9817477042468103	4.71238898038469	0.44878617993745507
1.1780972450961724	4.71238898038469	0.3244233488214575
1.3744467859455345	4.71238898038469	0.17288680065451245
1.5707963267948966	4.71238898038469	-1.1102230246251565E-16
1.7671458676442586	4.71238898038469	-0.1875931103489618
1.9634954084936207	4.71238898038469	-0.38268343236508984
2.1598449493429825	4.71238898038469	-0.5777737543812179
2.356194490192345	4.71238898038469	-0.7653668647301797
2.552544031041707	4.71238898038469	-0.9382536653846923
2.748893571891069	4.71238898038469	-1.0897902135516375
2.945243112740431	4.71238898038469	-1.214153044667635
3.141592653589793	4.71238898038469	-1.3065629648763768
3.3379421944391554	4.71238898038469	-1.3634687127683205
3.5342917352885173	4.71238898038469	-1.38268343236509
3.730641276137879	4.71238898038469	-1.3634687127683207
3.9269908169872414	4.71238898038469	-1.306562964876377
4.123340357836604	4.71238898038469	-1.2141530446676354
4.319689898685965	4.71238898038469	-1.0897902135516384
4.516039439535327	4.71238898038469	-0.9382536653846929
4.71238898038469	4.71238898038469	-0.7653668647301803
4.908738521234052	4.71238898038469	-0.5777737543812187
5.105088062083414	4.71238898038469	-0.38268343236509017
5.301437602932776	4.71238898038469	-0.18759311034896256
5.497787143782138	4.71238898038469	-8.326672684688674E-16
5.6941366846315	4.71238898038469	0.1728868006545119
5.890486225480862	4.71238898038469	0.32442334882145674
6.086835766330224	4.71238898038469	0.4487861799374546
6.283185307179586	4.71238898038469	0.5411961001461963

0.0	4.908738521234052	0.7287892104951581
0.19634954084936207	4.908738521234052	0.785694958387102
0.39269908169872414	4.908738521234052	0.8049096779838716
0.5890486225480862	4.908738521234052	0.785694958387102
0.7853981633974483	4.908738521234052	0.7287892104951583
0.9817477042468103	4.908738521234052	0.6363792902864167
1.1780972450961724	4.908738521234052	0.5120164591704193
1.3744467859455345	4.908738521234052	0.36047991100347415
1.5707963267948966	4.908738521234052	0.1875931103489616
1.7671458676442586	4.908738521234052	-1.1102230246251565E-16
1.9634954084936207	4.908738521234052	-0.19509032201612814
2.1598449493429825	4.908738521234052	-0.39018064403225616
2.356194490192345	4.908738521234052	-0.5777737543812179
2.552544031041707	4.908738521234052	-0.7506605550357306
2.748893571891069	4.908738521234052	-0.9021971032026757
2.945243112740431	4.908738521234052	-1.0265599343186733
3.141592653589793	4.908738521234052	-1.1189698545274152
3.3379421944391554	4.908738521234052	-1.1758756024193588
3.5342917352885173	4.908738521234052	-1.1950903220161284
3.730641276137879	4.908738521234052	-1.175875602419359
3.9269908169872414	4.908738521234052	-1.1189698545274154
4.123340357836604	4.908738521234052	-1.0265599343186738
4.319689898685965	4.908738521234052	-0.9021971032026765
4.516039439535327	4.908738521234052	-0.7506605550357313
4.71238898038469	4.908738521234052	-0.5777737543812187
4.908738521234052	4.908738521234052	-0.39018064403225694
5.105088062083414	4.908738521234052	-0.19509032201612847
5.301437602932776	4.908738521234052	-8.604228440844963E-16
5.497787143782138	4.908738521234052	0.18759311034896087
5.6941366846315	4.908738521234052	0.3604799110034736
5.890486225480862	4.908738521234052	0.5120164591704184
6.086835766330224	4.908738521234052	0.6363792902864163
6.283185307179586	4.908738521234052	0.7287892104951581

0.0	5.105088062083414	0.9238795325112866
0.19634954084936207	5.105088062083414	0.9807852804032304
0.39269908169872414	5.105088062083414	1.0
0.5890486225480862	5.105088062083414	0.9807852804032305
0.7853981633974483	5.105088062083414	0.9238795325112868
0.9817477042468103	5.105088062083414	0.8314696123025452
1.1780972450961724	5.105088062083414	0.7071067811865477
1.3744467859455345	5.105088062083414	0.5555702330196026
1.5707963267948966	5.105088062083414	0.38268343236509006
1.7671458676442586	5.105088062083414	0.19509032201612836
1.9634954084936207	5.105088062083414	3.216245299353273E-16
2.1598449493429825	5.105088062083414	-0.19509032201612772
2.356194490192345	5.105088062083414	-0.38268343236508945
2.552544031041707	5.105088062083414	-0.5555702330196022
2.748893571891069	5.105088062083414	-0.7071067811865472
2.945243112740431	5.105088062083414	-0.8314696123025449
3.141592653589793	5.105088062083414	-0.9238795325112866
3.3379421944391554	5.105088062083414	-0.9807852804032304
3.5342917352885173	5.105088062083414	-1.0
3.730641276137879	5.105088062083414	-0.9807852804032305
3.9269908169872414	5.105088062083414	-0.923879532511287
4.123340357836604	5.105088062083414	-0.8314696123025453
4.319689898685965	5.105088062083414	-0.7071067811865481
4.516039439535327	5.105088062083414	-0.5555702330196027
4.71238898038469	5.105088062083414	-0.38268343236509017
4.908738521234052	5.105088062083414	-0.19509032201612847
5.105088062083414	5.105088062083414	0.0
5.301437602932776	5.105088062083414	0.1950903220161276
5.497787143782138	5.105088062083414	0.38268343236508934
5.6941366846315	5.105088062083414	0.5555702330196021
5.890486225480862	5.105088062083414	0.7071067811865469
6.086835766330224	5.105088062083414	0.8314696123025448
6.283185307179586	5.105088062083414	0.9238795325112865

0.0	5.301437602932776	1.1189698545274143
0.19634954084936207	5.301437602932776	1.175875602419358
0.39269908169872414	5.301437602932776	1.1950903220161275
0.5890486225480862	5.301437602932776	1.1758756024193582
0.7853981633974483	5.301437602932776	1.1189698545274145
0.9817477042468103	5.301437602932776	1.0265599343186729
1.1780972450961724	5.301437602932776	0.9021971032026753
1.3744467859455345	5.301437602932776	0.7506605550357303
1.5707963267948966	5.301437602932776	0.5777737543812177
1.7671458676442586	5.301437602932776	0.39018064403225594
1.9634954084936207	5.301437602932776	0.19509032201612794
2.1598449493429825	5.301437602932776	-1.1102230246251565E-16
2.356194490192345	5.301437602932776	-0.18759311034896184
2.552544031041707	5.301437602932776	-0.36047991100347454
2.748893571891069	5.301437602932776	-0.5120164591704196
2.945243112740431	5.301437602932776	-0.6363792902864173
3.141592653589793	5.301437602932776	-0.728789210495159
3.3379421944391554	5.301437602932776	-0.7856949583871028
3.5342917352885173	5.301437602932776	-0.8049096779838724
3.730641276137879	5.301437602932776	-0.7856949583871029
3.9269908169872414	5.301437602932776	-0.7287892104951593
4.123340357836604	5.301437602932776	-0.6363792902864177
4.319689898685965	5.301437602932776	-0.5120164591704205
4.516039439535327	5.301437602932776	-0.3604799110034751
4.71238898038469	5.301437602932776	-0.18759311034896256
4.908738521234052	5.301437602932776	-8.604228440844963E-16
5.105088062083414	5.301437602932776	0.1950903220161276
5.301437602932776	5.301437602932776	0.3901806440322552
5.497787143782138	5.301437602932776	0.5777737543812169
5.6941366846315	5.301437602932776	0.7506605550357297
5.890486225480862	5.301437602932776	0.9021971032026745
6.086835766330224	5.301437602932776	1.0265599343186724
6.283185307179586	5.301437602932776	1.118969854527414

0.0	5.497787143782138	1.306562964876376
0.19634954084936207	5.497787143782138	1.3634687127683198
0.39269908169872414	5.497787143782138	1.3826834323650894
0.5890486225480862	5.497787143782138	1.3634687127683198
0.7853981633974483	5.497787143782138	1.3065629648763761
0.9817477042468103	5.497787143782138	1.2141530446676345
1.1780972450961724	5.497787143782138	1.089790213551637
1.3744467859455345	5.497787143782138	0.938253665384692
1.5707963267948966	5.497787143782138	0.7653668647301795
1.7671458676442586	5.497787143782138	0.5777737543812177
1.9634954084936207	5.497787143782138	0.38268343236508967
2.1598449493429825	5.497787143782138	0.18759311034896162
2.356194490192345	5.497787143782138	-1.1102230246251565E-16
2.552544031041707	5.497787143782138	-0.17288680065451284
2.748893571891069	5.497787143782138	-0.3244233488214579
2.945243112740431	5.497787143782138	-0.44878617993745556
3.141592653589793	5.497787143782138	-0.5411961001461973
3.3379421944391554	5.497787143782138	-0.598101848038141
3.5342917352885173	5.497787143782138	-0.6173165676349106
3.730641276137879	5.497787143782138	-0.5981018480381413
3.9269908169872414	5.497787143782138	-0.5411961001461976
4.123340357836604	5.497787143782138	-0.448786179937456
4.319689898685965	5.497787143782138	-0.3244233488214588
4.516039439535327	5.497787143782138	-0.1728868006545134
4.71238898038469	5.497787143782138	-8.326672684688674E-16
4.908738521234052	5.497787143782138	0.18759311034896087
5.105088062083414	5.497787143782138	0.38268343236508934
5.301437602932776	5.497787143782138	0.5777737543812169
5.497787143782138	5.497787143782138	0.7653668647301787
5.6941366846315	5.497787143782138	0.9382536653846913
5.890486225480862	5.497787143782138	1.0897902135516362
6.086835766330224	5.497787143782138	1.214153044667634
6.283185307179586	5.497787143782138	1.306562964876376

0.0	5.6941366846315	1.4794497655308887
0.19634954084936207	5.6941366846315	1.5363555134228326
0.39269908169872414	5.6941366846315	1.5555702330196022
0.5890486225480862	5.6941366846315	1.5363555134228326
0.7853981633974483	5.6941366846315	1.479449765530889
0.9817477042468103	5.6941366846315	1.3870398453221473
1.1780972450961724	5.6941366846315	1.2626770142061496
1.3744467859455345	5.6941366846315	1.1111404660392048
1.5707963267948966	5.6941366846315	0.9382536653846921
1.7671458676442586	5.6941366846315	0.7506605550357304
1.9634954084936207	5.6941366846315	0.5555702330196024
2.1598449493429825	5.6941366846315	0.3604799110034743
2.356194490192345	5.6941366846315	0.17288680065451262
2.552544031041707	5.6941366846315	-1.1102230246251565E-16
2.748893571891069	5.6941366846315	-0.15153654816694517
2.945243112740431	5.6941366846315	-0.27589937928294284
3.141592653589793	5.6941366846315	-0.36830929949168456
3.3379421944391554	5.6941366846315	-0.42521504738362836
3.5342917352885173	5.6941366846315	-0.44442976698039793
3.730641276137879	5.6941366846315	-0.4252150473836285
3.9269908169872414	5.6941366846315	-0.3683092994916849
4.123340357836604	5.6941366846315	-0.2758993792829433
4.319689898685965	5.6941366846315	-0.15153654816694606
4.516039439535327	5.6941366846315	-6.661338147750939E-16
4.71238898038469	5.6941366846315	0.1728868006545119
4.908738521234052	5.6941366846315	0.3604799110034736
5.105088062083414	5.6941366846315	0.5555702330196021
5.301437602932776	5.6941366846315	0.7506605550357297
5.497787143782138	5.6941366846315	0.9382536653846913
5.6941366846315	5.6941366846315	1.1111404660392041
5.890486225480862	5.6941366846315	1.262677014206149
6.086835766330224	5.6941366846315	1.3870398453221469
6.283185307179586	5.6941366846315	1.4794497655308887

0.0	5.890486225480862	1.6309863136978335
0.19634954084936207	5.890486225480862	1.6878920615897774
0.39269908169872414	5.890486225480862	1.707106781186547
0.5890486225480862	5.890486225480862	1.6878920615897774
0.7853981633974483	5.890486225480862	1.6309863136978338
0.9817477042468103	5.890486225480862	1.5385763934890921
1.1780972450961724	5.890486225480862	1.4142135623730945
1.3744467859455345	5.890486225480862	1.2626770142061496
1.5707963267948966	5.890486225480862	1.089790213551637
1.7671458676442586	5.890486225480862	0.9021971032026752
1.9634954084936207	5.890486225480862	0.7071067811865472
2.1598449493429825	5.890486225480862	0.5120164591704192
2.356194490192345	5.890486225480862	0.32442334882145746
2.552544031041707	5.890486225480862	0.15153654816694473
2.748893571891069	5.890486225480862	-3.3306690738754696E-16
2.945243112740431	5.890486225480862	-0.124362831115998
3.141592653589793	5.890486225480862	-0.21677275132473972
3.3379421944391554	5.890486225480862	-0.2736784992166835
3.5342917352885173	5.890486225480862	-0.2928932188134531
3.730641276137879	5.890486225480862	-0.27367849921668363
3.9269908169872414	5.890486225480862	-0.21677275132474005
4.123340357836604	5.890486225480862	-0.12436283111599844
4.319689898685965	5.890486225480862	-1.2212453270876722E-15
4.516039439535327	5.890486225480862	0.15153654816694417
4.71238898038469	5.890486225480862	0.32442334882145674
4.908738521234052	5.890486225480862	0.5120164591704184
5.105088062083414	5.890486225480862	0.7071067811865469
5.301437602932776	5.890486225480862	0.9021971032026745
5.497787143782138	5.890486225480862	1.0897902135516362
5.6941366846315	5.890486225480862	1.262677014206149
5.890486225480862	5.890486225480862	1.4142135623730938
6.086835766330224	5.890486225480862	1.5385763934890917
6.283185307179586	5.890486225480862	1.6309863136978335

0.0	6.086835766330224	1.7553491448138314
0.19634954084936207	6.086835766330224	1.8122548927057753
0.39269908169872414	6.086835766330224	1.831469612302545
0.5890486225480862	6.086835766330224	1.8122548927057753
0.7853981633974483	6.086835766330224	1.7553491448138316
0.9817477042468103	6.086835766330224	1.66293922460509
1.1780972450961724	6.086835766330224	1.5385763934890924
1.3744467859455345	6.086835766330224	1.3870398453221475
1.5707963267948966	6.086835766330224	1.214153044667635
1.7671458676442586	6.086835766330224	1.026559934318673
1.9634954084936207	6.086835766330224	0.8314696123025451
2.1598449493429825	6.086835766330224	0.636379290286417
2.356194490192345	6.086835766330224	0.44878617993745534
2.552544031041707	6.086835766330224	0.2758993792829426
2.748893571891069	6.086835766330224	0.12436283111599755
2.945243112740431	6.086835766330224	-1.1102230246251565E-16
3.141592653589793	6.086835766330224	-0.09240992020874184
3.3379421944391554	6.086835766330224	-0.14931566810068564
3.5342917352885173	6.086835766330224	-0.1685303876974552
3.730641276137879	6.086835766330224	-0.14931566810068575
3.9269908169872414	6.086835766330224	-0.09240992020874217
4.123340357836604	6.086835766330224	-5.551115123125783E-16
4.319689898685965	6.086835766330224	0.12436283111599666
4.516039439535327	6.086835766330224	0.27589937928294206
4.71238898038469	6.086835766330224	0.4487861799374546
4.908738521234052	6.086835766330224	0.6363792902864163
5.105088062083414	6.086835766330224	0.8314696123025448
5.301437602932776	6.086835766330224	1.0265599343186724
5.497787143782138	6.086835766330224	1.214153044667634
5.6941366846315	6.086835766330224	1.3870398453221469
5.890486225480862	6.086835766330224	1.5385763934890917
6.086835766330224	6.086835766330224	1.6629392246050896
6.283185307179586	6.086835766330224	1.7553491448138314

0.0	6.283185307179586	1.847759065022573
0.19634954084936207	6.283185307179586	1.904664812914517
0.39269908169872414	6.283185307179586	1.9238795325112865
0.5890486225480862	6.283185307179586	1.904664812914517
0.7853981633974483	6.283185307179586	1.8477590650225735
0.9817477042468103	6.283185307179586	1.7553491448138319
1.1780972450961724	6.283185307179586	1.6309863136978342
1.3744467859455345	6.283185307179586	1.4794497655308891
1.5707963267948966	6.283185307179586	1.3065629648763766
1.7671458676442586	6.283185307179586	1.118969854527415
1.9634954084936207	6.283185307179586	0.9238795325112868
2.1598449493429825	6.283185307179586	0.7287892104951588
2.356194490192345	6.283185307179586	0.5411961001461971
2.552544031041707	6.283185307179586	0.36830929949168434
2.748893571891069	6.283185307179586	0.21677275132473928
2.945243112740431	6.283185307179586	0.09240992020874161
3.141592653589793	6.283185307179586	-1.1102230246251565E-16
3.3379421944391554	6.283185307179586	-0.056905747891943914
3.5342917352885173	6.283185307179586	-0.07612046748871348
3.730641276137879	6.283185307179586	-0.056905747891944025
3.9269908169872414	6.283185307179586	-4.440892098500626E-16
4.123340357836604	6.283185307179586	0.09240992020874117
4.319689898685965	6.283185307179586	0.2167727513247384
4.516039439535327	6.283185307179586	0.3683092994916838
4.71238898038469	6.283185307179586	0.5411961001461963
4.908738521234052	6.283185307179586	0.7287892104951581
5.105088062083414	6.283185307179586	0.9238795325112865
5.301437602932776	6.283185307179586	1.118969854527414
5.497787143782138	6.283185307179586	1.306562964876376
5.6941366846315	6.283185307179586	1.4794497655308887
5.890486225480862	6.283185307179586	1.6309863136978335
6.086835766330224	6.283185307179586	1.7553491448138314
6.283185307179586	6.283185307179586	1.847759065022573

