0.0	0.0	-1.8477590650225735
0.19634954084936207	0.0	-1.7553491448138319
0.39269908169872414	0.0	-1.6309863136978342
0.5890486225480862	0.0	-1.479449765530889
0.7853981633974483	0.0	-1.3065629648763766
0.9817477042468103	0.0	-1.118969854527415
1.1780972450961724	0.0	-0.9238795325112867
1.3744467859455345	0.0	-0.7287892104951585
1.5707963267948966	0.0	-0.5411961001461969
1.7671458676442586	0.0	-0.36830929949168456
1.9634954084936207	0.0	-0.21677275132473928
2.1598449493429825	0.0	-0.09240992020874161
2.356194490192345	0.0	0.0
2.552544031041707	0.0	0.05690574789194369
2.748893571891069	0.0	0.07612046748871326
2.945243112740431	0.0	0.0569057478919438
3.141592653589793	0.0	0.0
3.3379421944391554	0.0	-0.09240992020874161
3.5342917352885173	0.0	-0.21677275132473917
3.730641276137879	0.0	-0.36830929949168423
3.9269908169872414	0.0	-0.5411961001461969
4.123340357836604	0.0	-0.7287892104951585
4.319689898685965	0.0	-0.9238795325112862
4.516039439535327	0.0	-1.1189698545274147
4.71238898038469	0.0	-1.3065629648763764
4.908738521234052	0.0	-1.4794497655308891
5.105088062083414	0.0	-1.6309863136978344
5.301437602932776	0.0	-1.7553491448138319
5.497787143782138	0.0	-1.8477590650225733
5.6941366846315	0.0	-1.9046648129145174
5.890486225480862	0.0	-1.9238795325112867
6.086835766330224	0.0	-1.9046648129145174
6.283185307179586	0.0	-1.8477590650225735

0.0	0.19634954084936207	-1.7553491448138319
0.19634954084936207	0.19634954084936207	-1.6629392246050905
0.39269908169872414	0.19634954084936207	-1.5385763934890928
0.5890486225480862	0.19634954084936207	-1.3870398453221475
0.7853981633974483	0.19634954084936207	-1.214153044667635
0.9817477042468103	0.19634954084936207	-1.0265599343186735
1.1780972450961724	0.19634954084936207	-0.8314696123025452
1.3744467859455345	0.19634954084936207	-0.6363792902864169
1.5707963267948966	0.19634954084936207	-0.44878617993745545
1.7671458676442586	0.19634954084936207	-0.27589937928294306
1.9634954084936207	0.19634954084936207	-0.12436283111599777
2.1598449493429825	0.19634954084936207	-1.1102230246251565E-16
2.356194490192345	0.19634954084936207	0.0924099202087415
2.552544031041707	0.19634954084936207	0.1493156681006852
2.748893571891069	0.19634954084936207	0.16853038769745476
2.945243112740431	0.19634954084936207	0.1493156681006853
3.141592653589793	0.19634954084936207	0.0924099202087415
3.3379421944391554	0.19634954084936207	-1.1102230246251565E-16
3.5342917352885173	0.19634954084936207	-0.12436283111599766
3.730641276137879	0.19634954084936207	-0.2758993792829427
3.9269908169872414	0.19634954084936207	-0.44878617993745534
4.123340357836604	0.19634954084936207	-0.636379290286417
4.319689898685965	0.19634954084936207	-0.8314696123025447
4.516039439535327	0.19634954084936207	-1.026559934318673
4.71238898038469	0.19634954084936207	-1.214153044667635
4.908738521234052	0.19634954084936207	-1.3870398453221475
5.105088062083414	0.19634954084936207	-1.5385763934890928
5.301437602932776	0.19634954084936207	-1.6629392246050905
5.497787143782138	0.19634954084936207	-1.7553491448138319
5.6941366846315	0.19634954084936207	-1.8122548927057758
5.890486225480862	0.19634954084936207	-1.8314696123025453
6.086835766330224	0.19634954084936207	-1.8122548927057758
6.283185307179586	0.19634954084936207	-1.7553491448138319

0.0	0.39269908169872414	-1.6309863136978342
0.19634954084936207	0.39269908169872414	-1.5385763934890928
0.39269908169872414	0.39269908169872414	-1.414213562373095
0.5890486225480862	0.39269908169872414	-1.2626770142061496
0.7853981633974483	0.39269908169872414	-1.0897902135516373
0.9817477042468103	0.39269908169872414	-0.9021971032026757
1.1780972450961724	0.39269908169872414	-0.7071067811865475
1.3744467859455345	0.39269908169872414	-0.5120164591704193
1.5707963267948966	0.39269908169872414	-0.3244233488214577
1.7671458676442586	0.39269908169872414	-0.15153654816694528
1.9634954084936207	0.39269908169872414	0.0
2.1598449493429825	0.39269908169872414	0.12436283111599766
2.356194490192345	0.39269908169872414	0.21677275132473928
2.552544031041707	0.39269908169872414	0.27367849921668297
2.748893571891069	0.39269908169872414	0.29289321881345254
2.945243112740431	0.39269908169872414	0.2736784992166831
3.141592653589793	0.39269908169872414	0.21677275132473928
3.3379421944391554	0.39269908169872414	0.12436283111599766
3.5342917352885173	0.39269908169872414	1.1102230246251565E-16
3.730641276137879	0.39269908169872414	-0.15153654816694495
3.9269908169872414	0.39269908169872414	-0.32442334882145757
4.123340357836604	0.39269908169872414	-0.5120164591704193
4.319689898685965	0.39269908169872414	-0.7071067811865469
4.516039439535327	0.39269908169872414	-0.9021971032026754
4.71238898038469	0.39269908169872414	-1.089790213551637
4.908738521234052	0.39269908169872414	-1.2626770142061496
5.105088062083414	0.39269908169872414	-1.4142135623730951
5.301437602932776	0.39269908169872414	-1.5385763934890928
5.497787143782138	0.39269908169872414	-1.630986313697834
5.6941366846315	0.39269908169872414	-1.687892061589778
5.890486225480862	0.39269908169872414	-1.7071067811865475
6.086835766330224	0.39269908169872414	-1.6878920615897781
6.283185307179586	0.39269908169872414	-1.630986313697834

0.0	0.5890486225480862	-1.479449765530889
0.19634954084936207	0.5890486225480862	-1.3870398453221475
0.39269908169872414	0.5890486225480862	-1.2626770142061496
0.5890486225480862	0.5890486225480862	-1.1111404660392044
0.7853981633974483	0.5890486225480862	-0.938253665384692
0.9817477042468103	0.5890486225480862	-0.7506605550357304
1.1780972450961724	0.5890486225480862	-0.5555702330196022
1.3744467859455345	0.5890486225480862	-0.36047991100347393
1.5707963267948966	0.5890486225480862	-0.1728868006545124
1.7671458676442586	0.5890486225480862	0.0
1.9634954084936207	0.5890486225480862	0.15153654816694528
2.1598449493429825	0.5890486225480862	0.27589937928294295
2.356194490192345	0.5890486225480862	0.36830929949168456
2.552544031041707	0.5890486225480862	0.42521504738362825
2.748893571891069	0.5890486225480862	0.4444297669803978
2.945243112740431	0.5890486225480862	0.42521504738362836
3.141592653589793	0.5890486225480862	0.36830929949168456
3.3379421944391554	0.5890486225480862	0.27589937928294295
3.5342917352885173	0.5890486225480862	0.1515365481669454
3.730641276137879	0.5890486225480862	3.3306690738754696E-16
3.9269908169872414	0.5890486225480862	-0.17288680065451228
4.123340357836604	0.5890486225480862	-0.360479911003474
4.319689898685965	0.5890486225480862	-0.5555702330196016
4.516039439535327	0.5890486225480862	-0.7506605550357301
4.71238898038469	0.5890486225480862	-0.9382536653846918
4.908738521234052	0.5890486225480862	-1.1111404660392044
5.105088062083414	0.5890486225480862	-1.2626770142061499
5.301437602932776	0.5890486225480862	-1.3870398453221475
5.497787143782138	0.5890486225480862	-1.4794497655308887
5.6941366846315	0.5890486225480862	-1.5363555134228326
5.890486225480862	0.5890486225480862	-1.5555702330196022
6.086835766330224	0.5890486225480862	-1.5363555134228328
6.283185307179586	0.5890486225480862	-1.4794497655308887

0.0	0.7853981633974483	-1.3065629648763766
0.19634954084936207	0.7853981633974483	-1.214153044667635
0.39269908169872414	0.7853981633974483	-1.0897902135516373
0.5890486225480862	0.7853981633974483	-0.938253665384692
0.7853981633974483	0.7853981633974483	-0.7653668647301796
0.9817477042468103	0.7853981633974483	-0.577773754381218
1.1780972450961724	0.7853981633974483	-0.3826834323650898
1.3744467859455345	0.7853981633974483	-0.18759311034896153
1.5707963267948966	0.7853981633974483	0.0
1.7671458676442586	0.7853981633974483	0.1728868006545124
1.9634954084936207	0.7853981633974483	0.3244233488214577
2.1598449493429825	0.7853981633974483	0.44878617993745534
2.356194490192345	0.7853981633974483	0.5411961001461969
2.552544031041707	0.7853981633974483	0.5981018480381406
2.748893571891069	0.7853981633974483	0.6173165676349102
2.945243112740431	0.7853981633974483	0.5981018480381408
3.141592653589793	0.7853981633974483	0.5411961001461969
3.3379421944391554	0.7853981633974483	0.44878617993745534
3.5342917352885173	0.7853981633974483	0.3244233488214578
3.730641276137879	0.7853981633974483	0.17288680065451273
3.9269908169872414	0.7853981633974483	1.1102230246251565E-16
4.123340357836604	0.7853981633974483	-0.18759311034896162
4.319689898685965	0.7853981633974483	-0.3826834323650892
4.516039439535327	0.7853981633974483	-0.5777737543812177
4.71238898038469	0.7853981633974483	-0.7653668647301795
4.908738521234052	0.7853981633974483	-0.938253665384692
5.105088062083414	0.7853981633974483	-1.0897902135516375
5.301437602932776	0.7853981633974483	-1.214153044667635
5.497787143782138	0.7853981633974483	-1.3065629648763764
5.6941366846315	0.7853981633974483	-1.3634687127683203
5.890486225480862	0.7853981633974483	-1.3826834323650898
6.086835766330224	0.7853981633974483	-1.3634687127683205
6.283185307179586	0.7853981633974483	-1.3065629648763764

0.0	0.9817477042468103	-1.118969854527415
0.19634954084936207	0.9817477042468103	-1.0265599343186735
0.39269908169872414	0.9817477042468103	-0.9021971032026757
0.5890486225480862	0.9817477042468103	-0.7506605550357304
0.7853981633974483	0.9817477042468103	-0.577773754381218
0.9817477042468103	0.9817477042468103	-0.3901806440322565
1.1780972450961724	0.9817477042468103	-0.19509032201612825
1.3744467859455345	0.9817477042468103	0.0
1.5707963267948966	0.9817477042468103	0.18759311034896153
1.7671458676442586	0.9817477042468103	0.36047991100347393
1.9634954084936207	0.9817477042468103	0.5120164591704193
2.1598449493429825	0.9817477042468103	0.6363792902864169
2.356194490192345	0.9817477042468103	0.7287892104951585
2.552544031041707	0.9817477042468103	0.7856949583871022
2.748893571891069	0.9817477042468103	0.8049096779838718
2.945243112740431	0.9817477042468103	0.7856949583871022
3.141592653589793	0.9817477042468103	0.7287892104951585
3.3379421944391554	0.9817477042468103	0.6363792902864169
3.5342917352885173	0.9817477042468103	0.5120164591704193
3.730641276137879	0.9817477042468103	0.36047991100347426
3.9269908169872414	0.9817477042468103	0.18759311034896164
4.123340357836604	0.9817477042468103	-8.326672684688674E-17
4.319689898685965	0.9817477042468103	-0.1950903220161277
4.516039439535327	0.9817477042468103	-0.39018064403225616
4.71238898038469	0.9817477042468103	-0.5777737543812179
4.908738521234052	0.9817477042468103	-0.7506605550357306
5.105088062083414	0.9817477042468103	-0.9021971032026759
5.301437602932776	0.9817477042468103	-1.0265599343186735
5.497787143782138	0.9817477042468103	-1.1189698545274147
5.6941366846315	0.9817477042468103	-1.1758756024193588
5.890486225480862	0.9817477042468103	-1.1950903220161282
6.086835766330224	0.9817477042468103	-1.1758756024193588
6.283185307179586	0.9817477042468103	-1.118969854527415

0.0	1.1780972450961724	-0.9238795325112867
0.19634954084936207	1.1780972450961724	-0.8314696123025452
0.39269908169872414	1.1780972450961724	-0.7071067811865475
0.5890486225480862	1.1780972450961724	-0.5555702330196022
0.7853981633974483	1.1780972450961724	-0.3826834323650898
0.9817477042468103	1.1780972450961724	-0.19509032201612825
1.1780972450961724	1.1780972450961724	0.0
1.3744467859455345	1.1780972450961724	0.19509032201612825
1.5707963267948966	1.1780972450961724	0.3826834323650898
1.7671458676442586	1.1780972450961724	0.5555702330196022
1.9634954084936207	1.1780972450961724	0.7071067811865475
2.1598449493429825	1.1780972450961724	0.8314696123025451
2.356194490192345	1.1780972450961724	0.9238795325112867
2.552544031041707	1.1780972450961724	0.9807852804032304
2.748893571891069	1.1780972450961724	1.0
2.945243112740431	1.1780972450961724	0.9807852804032305
3.141592653589793	1.1780972450961724	0.9238795325112867
3.3379421944391554	1.1780972450961724	0.8314696123025451
3.5342917352885173	1.1780972450961724	0.7071067811865476
3.730641276137879	1.1780972450961724	0.5555702330196025
3.9269908169872414	1.1780972450961724	0.3826834323650899
4.123340357836604	1.1780972450961724	0.19509032201612816
4.319689898685965	1.1780972450961724	5.66553889764798E-16
4.516039439535327	1.1780972450961724	-0.19509032201612792
4.71238898038469	1.1780972450961724	-0.38268343236508967
4.908738521234052	1.1780972450961724	-0.5555702330196023
5.105088062083414	1.1780972450961724	-0.7071067811865477
5.301437602932776	1.1780972450961724	-0.8314696123025452
5.497787143782138	1.1780972450961724	-0.9238795325112865
5.6941366846315	1.1780972450961724	-0.9807852804032305
5.890486225480862	1.1780972450961724	-1.0
6.086835766330224	1.1780972450961724	-0.9807852804032307
6.283185307179586	1.1780972450961724	-0.9238795325112866

0.0	1.3744467859455345	-0.7287892104951585
0.19634954084936207	1.3744467859455345	-0.6363792902864169
0.39269908169872414	1.3744467859455345	-0.5120164591704193
0.5890486225480862	1.3744467859455345	-0.36047991100347393
0.7853981633974483	1.3744467859455345	-0.18759311034896153
0.9817477042468103	1.3744467859455345	0.0
1.1780972450961724	1.3744467859455345	0.19509032201612825
1.3744467859455345	1.3744467859455345	0.3901806440322565
1.5707963267948966	1.3744467859455345	0.577773754381218
1.7671458676442586	1.3744467859455345	0.7506605550357304
1.9634954084936207	1.3744467859455345	0.9021971032026757
2.1598449493429825	1.3744467859455345	1.0265599343186733
2.356194490192345	1.3744467859455345	1.118969854527415
2.552544031041707	1.3744467859455345	1.1758756024193586
2.748893571891069	1.3744467859455345	1.1950903220161282
2.945243112740431	1.3744467859455345	1.1758756024193588
3.141592653589793	1.3744467859455345	1.118969854527415
3.3379421944391554	1.3744467859455345	1.0265599343186733
3.5342917352885173	1.3744467859455345	0.9021971032026759
3.730641276137879	1.3744467859455345	0.7506605550357308
3.9269908169872414	1.3744467859455345	0.5777737543812181
4.123340357836604	1.3744467859455345	0.3901806440322564
4.319689898685965	1.3744467859455345	0.1950903220161288
4.516039439535327	1.3744467859455345	3.3306690738754696E-16
4.71238898038469	1.3744467859455345	-0.18759311034896142
4.908738521234052	1.3744467859455345	-0.36047991100347404
5.105088062083414	1.3744467859455345	-0.5120164591704195
5.301437602932776	1.3744467859455345	-0.6363792902864169
5.497787143782138	1.3744467859455345	-0.7287892104951583
5.6941366846315	1.3744467859455345	-0.7856949583871022
5.890486225480862	1.3744467859455345	-0.8049096779838718
6.086835766330224	1.3744467859455345	-0.7856949583871025
6.283185307179586	1.3744467859455345	-0.7287892104951583

0.0	1.5707963267948966	-0.5411961001461969
0.19634954084936207	1.5707963267948966	-0.44878617993745545
0.39269908169872414	1.5707963267948966	-0.3244233488214577
0.5890486225480862	1.5707963267948966	-0.1728868006545124
0.7853981633974483	1.5707963267948966	0.0
0.9817477042468103	1.5707963267948966	0.18759311034896153
1.1780972450961724	1.5707963267948966	0.3826834323650898
1.3744467859455345	1.5707963267948966	0.577773754381218
1.5707963267948966	1.5707963267948966	0.7653668647301796
1.7671458676442586	1.5707963267948966	0.938253665384692
1.9634954084936207	1.5707963267948966	1.0897902135516373
2.1598449493429825	1.5707963267948966	1.214153044667635
2.356194490192345	1.5707963267948966	1.3065629648763766
2.552544031041707	1.5707963267948966	1.3634687127683203
2.748893571891069	1.5707963267948966	1.3826834323650898
2.945243112740431	1.5707963267948966	1.3634687127683203
3.141592653589793	1.5707963267948966	1.3065629648763766
3.3379421944391554	1.5707963267948966	1.214153044667635
3.5342917352885173	1.5707963267948966	1.0897902135516373
3.730641276137879	1.5707963267948966	0.9382536653846922
3.9269908169872414	1.5707963267948966	0.7653668647301797
4.123340357836604	1.5707963267948966	0.5777737543812179
4.319689898685965	1.5707963267948966	0.38268343236509034
4.516039439535327	1.5707963267948966	0.18759311034896187
4.71238898038469	1.5707963267948966	1.1102230246251565E-16
4.908738521234052	1.5707963267948966	-0.1728868006545125
5.105088062083414	1.5707963267948966	-0.3244233488214579
5.301437602932776	1.5707963267948966	-0.44878617993745545
5.497787143782138	1.5707963267948966	-0.5411961001461967
5.6941366846315	1.5707963267948966	-0.5981018480381408
5.890486225480862	1.5707963267948966	-0.6173165676349102
6.086835766330224	1.5707963267948966	-0.5981018480381408
6.283185307179586	1.5707963267948966	-0.5411961001461969

0.0	1.7671458676442586	-0.36830929949168456
0.19634954084936207	1.7671458676442586	-0.27589937928294306
0.39269908169872414	1.7671458676442586	-0.15153654816694528
0.5890486225480862	1.7671458676442586	0.0
0.7853981633974483	1.7671458676442586	0.1728868006545124
0.9817477042468103	1.7671458676442586	0.36047991100347393
1.1780972450961724	1.7671458676442586	0.5555702330196022
1.3744467859455345	1.7671458676442586	0.7506605550357304
1.5707963267948966	1.7671458676442586	0.938253665384692
1.7671458676442586	1.7671458676442586	1.1111404660392044
1.9634954084936207	1.7671458676442586	1.2626770142061496
2.1598449493429825	1.7671458676442586	1.3870398453221473
2.356194490192345	1.7671458676442586	1.479449765530889
2.552544031041707	1.7671458676442586	1.5363555134228326
2.748893571891069	1.7671458676442586	1.5555702330196022
2.945243112740431	1.7671458676442586	1.5363555134228326
3.141592653589793	1.7671458676442586	1.479449765530889
3.3379421944391554	1.7671458676442586	1.3870398453221473
3.5342917352885173	1.7671458676442586	1.2626770142061496
3.730641276137879	1.7671458676442586	1.1111404660392048
3.9269908169872414	1.7671458676442586	0.938253665384692
4.123340357836604	1.7671458676442586	0.7506605550357304
4.319689898685965	1.7671458676442586	0.5555702330196027
4.516039439535327	1.7671458676442586	0.36047991100347426
4.71238898038469	1.7671458676442586	0.1728868006545125
4.908738521234052	1.7671458676442586	-1.1102230246251565E-16
5.105088062083414	1.7671458676442586	-0.1515365481669455
5.301437602932776	1.7671458676442586	-0.27589937928294306
5.497787143782138	1.7671458676442586	-0.36830929949168434
5.6941366846315	1.7671458676442586	-0.42521504738362836
5.890486225480862	1.7671458676442586	-0.4444297669803978
6.086835766330224	1.7671458676442586	-0.4252150473836285
6.283185307179586	1.7671458676442586	-0.36830929949168445

0.0	1.9634954084936207	-0.21677275132473928
0.19634954084936207	1.9634954084936207	-0.12436283111599777
0.39269908169872414	1.9634954084936207	0.0
0.5890486225480862	1.9634954084936207	0.15153654816694528
0.7853981633974483	1.9634954084936207	0.3244233488214577
0.9817477042468103	1.9634954084936207	0.5120164591704193
1.1780972450961724	1.9634954084936207	0.7071067811865475
1.3744467859455345	1.9634954084936207	0.9021971032026757
1.5707963267948966	1.9634954084936207	1.0897902135516373
1.7671458676442586	1.9634954084936207	1.2626770142061496
1.9634954084936207	1.9634954084936207	1.414213562373095
2.1598449493429825	1.9634954084936207	1.5385763934890926
2.356194490192345	1.9634954084936207	1.6309863136978342
2.552544031041707	1.9634954084936207	1.687892061589778
2.748893571891069	1.9634954084936207	1.7071067811865475
2.945243112740431	1.9634954084936207	1.687892061589778
3.141592653589793	1.9634954084936207	1.6309863136978342
3.3379421944391554	1.9634954084936207	1.5385763934890926
3.5342917352885173	1.9634954084936207	1.414213562373095
3.730641276137879	1.9634954084936207	1.26267701420615
3.9269908169872414	1.9634954084936207	1.0897902135516373
4.123340357836604	1.9634954084936207	0.9021971032026757
4.319689898685965	1.9634954084936207	0.707106781186548
4.516039439535327	1.9634954084936207	0.5120164591704195
4.71238898038469	1.9634954084936207	0.3244233488214578
4.908738521234052	1.9634954084936207	0.15153654816694517
5.105088062083414	1.9634954084936207	-2.220446049250313E-16
5.301437602932776	1.9634954084936207	-0.12436283111599777
5.497787143782138	1.9634954084936207	-0.21677275132473905
5.6941366846315	1.9634954084936207	-0.2736784992166831
5.890486225480862	1.9634954084936207	-0.29289321881345254
6.086835766330224	1.9634954084936207	-0.2736784992166832
6.283185307179586	1.9634954084936207	-0.21677275132473917

0.0	2.1598449493429825	-0.09240992020874161
0.19634954084936207	2.1598449493429825	-1.1102230246251565E-16
0.39269908169872414	2.1598449493429825	0.12436283111599766
0.5890486225480862	2.1598449493429825	0.27589937928294295
0.7853981633974483	2.1598449493429825	0.44878617993745534
0.9817477042468103	2.1598449493429825	0.6363792902864169
1.1780972450961724	2.1598449493429825	0.8314696123025451
1.3744467859455345	2.1598449493429825	1.0265599343186733
1.5707963267948966	2.1598449493429825	1.214153044667635
1.7671458676442586	2.1598449493429825	1.3870398453221473
1.9634954084936207	2.1598449493429825	1.5385763934890926
2.1598449493429825	2.1598449493429825	1.6629392246050902
2.356194490192345	2.1598449493429825	1.7553491448138319
2.552544031041707	2.1598449493429825	1.8122548927057756
2.748893571891069	2.1598449493429825	1.8314696123025451
2.945243112740431	2.1598449493429825	1.8122548927057758
3.141592653589793	2.1598449493429825	1.7553491448138319
3.3379421944391554	2.1598449493429825	1.6629392246050902
3.5342917352885173	2.1598449493429825	1.5385763934890928
3.730641276137879	2.1598449493429825	1.3870398453221475
3.9269908169872414	2.1598449493429825	1.214153044667635
4.123340357836604	2.1598449493429825	1.0265599343186733
4.319689898685965	2.1598449493429825	0.8314696123025457
4.516039439535327	2.1598449493429825	0.6363792902864172
4.71238898038469	2.1598449493429825	0.44878617993745545
4.908738521234052	2.1598449493429825	0.27589937928294284
5.105088062083414	2.1598449493429825	0.12436283111599744
5.301437602932776	2.1598449493429825	-1.1102230246251565E-16
5.497787143782138	2.1598449493429825	-0.09240992020874139
5.6941366846315	2.1598449493429825	-0.14931566810068542
5.890486225480862	2.1598449493429825	-0.16853038769745488
6.086835766330224	2.1598449493429825	-0.14931566810068553
6.283185307179586	2.1598449493429825	-0.0924099202087415

0.0	2.356194490192345	0.0
0.19634954084936207	2.356194490192345	0.0924099202087415
0.39269908169872414	2.356194490192345	0.21677275132473928
0.5890486225480862	2.356194490192345	0.36830929949168456
0.7853981633974483	2.356194490192345	0.5411961001461969
0.9817477042468103	2.356194490192345	0.7287892104951585
1.1780972450961724	2.356194490192345	0.9238795325112867
1.3744467859455345	2.356194490192345	1.118969854527415
1.5707963267948966	2.356194490192345	1.3065629648763766
1.7671458676442586	2.356194490192345	1.479449765530889
1.9634954084936207	2.356194490192345	1.6309863136978342
2.1598449493429825	2.356194490192345	1.7553491448138319
2.356194490192345	2.356194490192345	1.8477590650225735
2.552544031041707	2.356194490192345	1.9046648129145172
2.748893571891069	2.356194490192345	1.9238795325112867
2.945243112740431	2.356194490192345	1.9046648129145174
3.141592653589793	2.356194490192345	1.8477590650225735
3.3379421944391554	2.356194490192345	1.7553491448138319
3.5342917352885173	2.356194490192345	1.6309863136978344
3.730641276137879	2.356194490192345	1.4794497655308891
3.9269908169872414	2.356194490192345	1.3065629648763766
4.123340357836604	2.356194490192345	1.118969854527415
4.319689898685965	2.356194490192345	0.9238795325112873
4.516039439535327	2.356194490192345	0.7287892104951588
4.71238898038469	2.356194490192345	0.5411961001461971
4.908738521234052	2.356194490192345	0.36830929949168445
5.105088062083414	2.356194490192345	0.21677275132473905
5.301437602932776	2.356194490192345	0.0924099202087415
5.497787143782138	2.356194490192345	2.220446049250313E-16
5.6941366846315	2.356194490192345	-0.0569057478919438
5.890486225480862	2.356194490192345	-0.07612046748871326
6.086835766330224	2.356194490192345	-0.056905747891943914
6.283185307179586	2.356194490192345	1.1102230246251565E-16

0.0	2.552544031041707	0.05690574789194369
0.19634954084936207	2.552544031041707	0.1493156681006852
0.39269908169872414	2.552544031041707	0.27367849921668297
0.5890486225480862	2.552544031041707	0.42521504738362825
0.7853981633974483	2.552544031041707	0.5981018480381406
0.9817477042468103	2.552544031041707	0.7856949583871022
1.1780972450961724	2.552544031041707	0.9807852804032304
1.3744467859455345	2.552544031041707	1.1758756024193586
1.5707963267948966	2.552544031041707	1.3634687127683203
1.7671458676442586	2.552544031041707	1.5363555134228326
1.9634954084936207	2.552544031041707	1.687892061589778
2.1598449493429825	2.552544031041707	1.8122548927057756
2.356194490192345	2.552544031041707	1.9046648129145172
2.552544031041707	2.552544031041707	1.9615705608064609
2.748893571891069	2.552544031041707	1.9807852804032304
2.945243112740431	2.552544031041707	1.9615705608064609
3.141592653589793	2.552544031041707	1.9046648129145172
3.3379421944391554	2.552544031041707	1.8122548927057756
3.5342917352885173	2.552544031041707	1.687892061589778
3.730641276137879	2.552544031041707	1.536355513422833
3.9269908169872414	2.552544031041707	1.3634687127683203
4.123340357836604	2.552544031041707	1.1758756024193586
4.319689898685965	2.552544031041707	0.980785280403231
4.516039439535327	2.552544031041707	0.7856949583871025
4.71238898038469	2.552544031041707	0.5981018480381408
4.908738521234052	2.552544031041707	0.42521504738362814
5.105088062083414	2.552544031041707	0.27367849921668275
5.301437602932776	2.552544031041707	0.1493156681006852
5.497787143782138	2.552544031041707	0.056905747891943914
5.6941366846315	2.552544031041707	-1.1102230246251565E-16
5.890486225480862	2.552544031041707	-0.01921471959676957
6.086835766330224	2.552544031041707	-2.220446049250313E-16
6.283185307179586	2.552544031041707	0.0569057478919438

0.0	2.748893571891069	0.07612046748871326
0.19634954084936207	2.748893571891069	0.16853038769745476
0.39269908169872414	2.748893571891069	0.29289321881345254
0.5890486225480862	2.748893571891069	0.4444297669803978
0.7853981633974483	2.748893571891069	0.6173165676349102
0.9817477042468103	2.748893571891069	0.8049096779838718
1.1780972450961724	2.748893571891069	1.0
1.3744467859455345	2.748893571891069	1.1950903220161282
1.5707963267948966	2.748893571891069	1.3826834323650898
1.7671458676442586	2.748893571891069	1.5555702330196022
1.9634954084936207	2.748893571891069	1.7071067811865475
2.1598449493429825	2.748893571891069	1.8314696123025451
2.356194490192345	2.748893571891069	1.9238795325112867
2.552544031041707	2.748893571891069	1.9807852804032304
2.748893571891069	2.748893571891069	2.0
2.945243112740431	2.748893571891069	1.9807852804032304
3.141592653589793	2.748893571891069	1.9238795325112867
3.3379421944391554	2.748893571891069	1.8314696123025451
3.5342917352885173	2.748893571891069	1.7071067811865475
3.730641276137879	2.748893571891069	1.5555702330196026
3.9269908169872414	2.748893571891069	1.3826834323650898
4.123340357836604	2.748893571891069	1.1950903220161282
4.319689898685965	2.748893571891069	1.0000000000000007
4.516039439535327	2.748893571891069	0.804909677983872
4.71238898038469	2.748893571891069	0.6173165676349104
4.908738521234052	2.748893571891069	0.4444297669803977
5.105088062083414	2.748893571891069	0.2928932188134523
5.301437602932776	2.748893571891069	0.16853038769745476
5.497787143782138	2.748893571891069	0.07612046748871348
5.6941366846315	2.748893571891069	0.01921471959676946
5.890486225480862	2.748893571891069	0.0
6.086835766330224	2.748893571891069	0.019214719596769347
6.283185307179586	2.748893571891069	0.07612046748871337

0.0	2.945243112740431	0.0569057478919438
0.19634954084936207	2.945243112740431	0.1493156681006853
0.39269908169872414	2.945243112740431	0.2736784992166831
0.5890486225480862	2.945243112740431	0.42521504738362836
0.7853981633974483	2.945243112740431	0.5981018480381408
0.9817477042468103	2.945243112740431	0.7856949583871022
1.1780972450961724	2.945243112740431	0.9807852804032305
1.3744467859455345	2.945243112740431	1.1758756024193588
1.5707963267948966	2.945243112740431	1.3634687127683203
1.7671458676442586	2.945243112740431	1.5363555134228326
1.9634954084936207	2.945243112740431	1.687892061589778
2.1598449493429825	2.945243112740431	1.8122548927057758
2.356194490192345	2.945243112740431	1.9046648129145174
2.552544031041707	2.945243112740431	1.9615705608064609
2.748893571891069	2.945243112740431	1.9807852804032304
2.945243112740431	2.945243112740431	1.961570560806461
3.141592653589793	2.945243112740431	1.9046648129145174
3.3379421944391554	2.945243112740431	1.8122548927057758
3.5342917352885173	2.945243112740431	1.6878920615897781
3.730641276137879	2.945243112740431	1.536355513422833
3.9269908169872414	2.945243112740431	1.3634687127683205
4.123340357836604	2.945243112740431	1.1758756024193586
4.319689898685965	2.945243112740431	0.9807852804032311
4.516039439535327	2.945243112740431	0.7856949583871027
4.71238898038469	2.945243112740431	0.5981018480381408
4.908738521234052	2.945243112740431	0.42521504738362825
5.105088062083414	2.945243112740431	0.27367849921668286
5.301437602932776	2.945243112740431	0.1493156681006853
5.497787143782138	2.945243112740431	0.056905747891944025
5.6941366846315	2.945243112740431	0.0
5.890486225480862	2.945243112740431	-0.01921471959676946
6.086835766330224	2.945243112740431	-1.1102230246251565E-16
6.283185307179586	2.945243112740431	0.056905747891943914

0.0	3.141592653589793	0.0
0.19634954084936207	3.141592653589793	0.0924099202087415
0.39269908169872414	3.141592653589793	0.21677275132473928
0.5890486225480862	3.141592653589793	0.36830929949168456
0.7853981633974483	3.141592653589793	0.5411961001461969
0.9817477042468103	3.141592653589793	0.7287892104951585
1.1780972450961724	3.141592653589793	0.9238795325112867
1.3744467859455345	3.141592653589793	1.118969854527415
1.5707963267948966	3.141592653589793	1.3065629648763766
1.7671458676442586	3.141592653589793	1.479449765530889
1.9634954084936207	3.141592653589793	1.6309863136978342
2.1598449493429825	3.141592653589793	1.7553491448138319
2.356194490192345	3.141592653589793	1.8477590650225735
2.552544031041707	3.141592653589793	1.9046648129145172
2.748893571891069	3.141592653589793	1.9238795325112867
2.945243112740431	3.141592653589793	1.9046648129145174
3.141592653589793	3.141592653589793	1.8477590650225735
3.3379421944391554	3.141592653589793	1.7553491448138319
3.5342917352885173	3.141592653589793	1.6309863136978344
3.730641276137879	3.141592653589793	1.4794497655308891
3.9269908169872414	3.141592653589793	1.3065629648763766
4.123340357836604	3.141592653589793	1.118969854527415
4.319689898685965	3.141592653589793	0.9238795325112873
4.516039439535327	3.141592653589793	0.7287892104951588
4.71238898038469	3.141592653589793	0.5411961001461971
4.908738521234052	3.141592653589793	0.36830929949168445
5.105088062083414	3.141592653589793	0.21677275132473905
5.301437602932776	3.141592653589793	0.0924099202087415
5.497787143782138	3.141592653589793	2.220446049250313E-16
5.6941366846315	3.141592653589793	-0.0569057478919438
5.890486225480862	3.141592653589793	-0.07612046748871326
6.086835766330224	3.141592653589793	-0.056905747891943914
6.283185307179586	3.141592653589793	1.1102230246251565E-16

0.0	3.3379421944391554	-0.09240992020874161
0.19634954084936207	3.3379421944391554	-1.1102230246251565E-16
0.39269908169872414	3.3379421944391554	0.12436283111599766
0.5890486225480862	3.3379421944391554	0.27589937928294295
0.7853981633974483	3.3379421944391554	0.44878617993745534
0.9817477042468103	3.3379421944391554	0.6363792902864169
1.1780972450961724	3.3379421944391554	0.8314696123025451
1.3744467859455345	3.3379421944391554	1.0265599343186733
1.5707963267948966	3.3379421944391554	1.214153044667635
1.7671458676442586	3.3379421944391554	1.3870398453221473
1.9634954084936207	3.3379421944391554	1.5385763934890926
2.1598449493429825	3.3379421944391554	1.6629392246050902
2.356194490192345	3.3379421944391554	1.7553491448138319
2.552544031041707	3.3379421944391554	1.8122548927057756
2.748893571891069	3.3379421944391554	1.8314696123025451
2.945243112740431	3.3379421944391554	1.8122548927057758
3.141592653589793	3.3379421944391554	1.7553491448138319
3.3379421944391554	3.3379421944391554	1.6629392246050902
3.5342917352885173	3.3379421944391554	1.5385763934890928
3.730641276137879	3.3379421944391554	1.3870398453221475
3.9269908169872414	3.3379421944391554	1.214153044667635
4.123340357836604	3.3379421944391554	1.0265599343186733
4.319689898685965	3.3379421944391554	0.8314696123025457
4.516039439535327	3.3379421944391554	0.6363792902864172
4.71238898038469	3.3379421944391554	0.44878617993745545
4.908738521234052	3.3379421944391554	0.27589937928294284
5.105088062083414	3.3379421944391554	0.12436283111599744
5.301437602932776	3.3379421944391554	-1.1102230246251565E-16
5.497787143782138	3.3379421944391554	-0.09240992020874139
5.6941366846315	3.3379421944391554	-0.14931566810068542
5.890486225480862	3.3379421944391554	-0.16853038769745488
6.086835766330224	3.3379421944391554	-0.14931566810068553
6.283185307179586	3.3379421944391554	-0.0924099202087415

0.0	3.5342917352885173	-0.21677275132473917
0.19634954084936207	3.5342917352885173	-0.12436283111599766
0.39269908169872414	3.5342917352885173	1.1102230246251565E-16
0.5890486225480862	3.5342917352885173	0.1515365481669454
0.7853981633974483	3.5342917352885173	0.3244233488214578
0.9817477042468103	3.5342917352885173	0.5120164591704193
1.1780972450961724	3.5342917352885173	0.7071067811865476
1.3744467859455345	3.5342917352885173	0.9021971032026759
1.5707963267948966	3.5342917352885173	1.0897902135516373
1.7671458676442586	3.5342917352885173	1.2626770142061496
1.9634954084936207	3.5342917352885173	1.414213562373095
2.1598449493429825	3.5342917352885173	1.5385763934890928
2.356194490192345	3.5342917352885173	1.6309863136978344
2.552544031041707	3.5342917352885173	1.687892061589778
2.748893571891069	3.5342917352885173	1.7071067811865475
2.945243112740431	3.5342917352885173	1.6878920615897781
3.141592653589793	3.5342917352885173	1.6309863136978344
3.3379421944391554	3.5342917352885173	1.5385763934890928
3.5342917352885173	3.5342917352885173	1.4142135623730951
3.730641276137879	3.5342917352885173	1.26267701420615
3.9269908169872414	3.5342917352885173	1.0897902135516375
4.123340357836604	3.5342917352885173	0.9021971032026758
4.319689898685965	3.5342917352885173	0.7071067811865481
4.516039439535327	3.5342917352885173	0.5120164591704197
4.71238898038469	3.5342917352885173	0.3244233488214579
4.908738521234052	3.5342917352885173	0.15153654816694528
5.105088062083414	3.5342917352885173	-1.1102230246251565E-16
5.301437602932776	3.5342917352885173	-0.12436283111599766
5.497787143782138	3.5342917352885173	-0.21677275132473894
5.6941366846315	3.5342917352885173	-0.27367849921668297
5.890486225480862	3.5342917352885173	-0.2928932188134524
6.086835766330224	3.5342917352885173	-0.2736784992166831
6.283185307179586	3.5342917352885173	-0.21677275132473905

0.0	3.730641276137879	-0.36830929949168423
0.19634954084936207	3.730641276137879	-0.2758993792829427
0.39269908169872414	3.730641276137879	-0.15153654816694495
0.5890486225480862	3.730641276137879	3.3306690738754696E-16
0.7853981633974483	3.730641276137879	0.17288680065451273
0.9817477042468103	3.730641276137879	0.36047991100347426
1.1780972450961724	3.730641276137879	0.5555702330196025
1.3744467859455345	3.730641276137879	0.7506605550357308
1.5707963267948966	3.730641276137879	0.9382536653846922
1.7671458676442586	3.730641276137879	1.1111404660392048
1.9634954084936207	3.730641276137879	1.26267701420615
2.1598449493429825	3.730641276137879	1.3870398453221475
2.356194490192345	3.730641276137879	1.4794497655308891
2.552544031041707	3.730641276137879	1.536355513422833
2.748893571891069	3.730641276137879	1.5555702330196026
2.945243112740431	3.730641276137879	1.536355513422833
3.141592653589793	3.730641276137879	1.4794497655308891
3.3379421944391554	3.730641276137879	1.3870398453221475
3.5342917352885173	3.730641276137879	1.26267701420615
3.730641276137879	3.730641276137879	1.111140466039205
3.9269908169872414	3.730641276137879	0.9382536653846925
4.123340357836604	3.730641276137879	0.7506605550357307
4.319689898685965	3.730641276137879	0.5555702330196031
4.516039439535327	3.730641276137879	0.3604799110034746
4.71238898038469	3.730641276137879	0.17288680065451284
4.908738521234052	3.730641276137879	2.220446049250313E-16
5.105088062083414	3.730641276137879	-0.15153654816694517
5.301437602932776	3.730641276137879	-0.2758993792829427
5.497787143782138	3.730641276137879	-0.368309299491684
5.6941366846315	3.730641276137879	-0.42521504738362803
5.890486225480862	3.730641276137879	-0.4444297669803975
6.086835766330224	3.730641276137879	-0.42521504738362814
6.283185307179586	3.730641276137879	-0.3683092994916841

0.0	3.9269908169872414	-0.5411961001461969
0.19634954084936207	3.9269908169872414	-0.44878617993745534
0.39269908169872414	3.9269908169872414	-0.32442334882145757
0.5890486225480862	3.9269908169872414	-0.17288680065451228
0.7853981633974483	3.9269908169872414	1.1102230246251565E-16
0.9817477042468103	3.9269908169872414	0.18759311034896164
1.1780972450961724	3.9269908169872414	0.3826834323650899
1.3744467859455345	3.9269908169872414	0.5777737543812181
1.5707963267948966	3.9269908169872414	0.7653668647301797
1.7671458676442586	3.9269908169872414	0.938253665384692
1.9634954084936207	3.9269908169872414	1.0897902135516373
2.1598449493429825	3.9269908169872414	1.214153044667635
2.356194490192345	3.9269908169872414	1.3065629648763766
2.552544031041707	3.9269908169872414	1.3634687127683203
2.748893571891069	3.9269908169872414	1.3826834323650898
2.945243112740431	3.9269908169872414	1.3634687127683205
3.141592653589793	3.9269908169872414	1.3065629648763766
3.3379421944391554	3.9269908169872414	1.214153044667635
3.5342917352885173	3.9269908169872414	1.0897902135516375
3.730641276137879	3.9269908169872414	0.9382536653846925
3.9269908169872414	3.9269908169872414	0.7653668647301798
4.123340357836604	3.9269908169872414	0.577773754381218
4.319689898685965	3.9269908169872414	0.38268343236509045
4.516039439535327	3.9269908169872414	0.18759311034896198
4.71238898038469	3.9269908169872414	2.220446049250313E-16
4.908738521234052	3.9269908169872414	-0.1728868006545124
5.105088062083414	3.9269908169872414	-0.3244233488214578
5.301437602932776	3.9269908169872414	-0.44878617993745534
5.497787143782138	3.9269908169872414	-0.5411961001461967
5.6941366846315	3.9269908169872414	-0.5981018480381406
5.890486225480862	3.9269908169872414	-0.6173165676349102
6.086835766330224	3.9269908169872414	-0.5981018480381408
6.283185307179586	3.9269908169872414	-0.5411961001461967

0.0	4.123340357836604	-0.7287892104951585
0.19634954084936207	4.123340357836604	-0.636379290286417
0.39269908169872414	4.123340357836604	-0.5120164591704193
0.5890486225480862	4.123340357836604	-0.360479911003474
0.7853981633974483	4.123340357836604	-0.18759311034896162
0.9817477042468103	4.123340357836604	-8.326672684688674E-17
1.1780972450961724	4.123340357836604	0.19509032201612816
1.3744467859455345	4.123340357836604	0.3901806440322564
1.5707963267948966	4.123340357836604	0.5777737543812179
1.7671458676442586	4.123340357836604	0.7506605550357304
1.9634954084936207	4.123340357836604	0.9021971032026757
2.1598449493429825	4.123340357836604	1.0265599343186733
2.356194490192345	4.123340357836604	1.118969854527415
2.552544031041707	4.123340357836604	1.1758756024193586
2.748893571891069	4.123340357836604	1.1950903220161282
2.945243112740431	4.123340357836604	1.1758756024193586
3.141592653589793	4.123340357836604	1.118969854527415
3.3379421944391554	4.123340357836604	1.0265599343186733
3.5342917352885173	4.123340357836604	0.9021971032026758
3.730641276137879	4.123340357836604	0.7506605550357307
3.9269908169872414	4.123340357836604	0.577773754381218
4.123340357836604	4.123340357836604	0.39018064403225633
4.319689898685965	4.123340357836604	0.19509032201612872
4.516039439535327	4.123340357836604	2.498001805406602E-16
4.71238898038469	4.123340357836604	-0.1875931103489615
4.908738521234052	4.123340357836604	-0.3604799110034741
5.105088062083414	4.123340357836604	-0.5120164591704195
5.301437602932776	4.123340357836604	-0.636379290286417
5.497787143782138	4.123340357836604	-0.7287892104951583
5.6941366846315	4.123340357836604	-0.7856949583871023
5.890486225480862	4.123340357836604	-0.8049096779838718
6.086835766330224	4.123340357836604	-0.7856949583871025
6.283185307179586	4.123340357836604	-0.7287892104951584

0.0	4.319689898685965	-0.9238795325112862
0.19634954084936207	4.319689898685965	-0.8314696123025447
0.39269908169872414	4.319689898685965	-0.7071067811865469
0.5890486225480862	4.319689898685965	-0.5555702330196016
0.7853981633974483	4.319689898685965	-0.3826834323650892
0.9817477042468103	4.319689898685965	-0.1950903220161277
1.1780972450961724	4.319689898685965	5.66553889764798E-16
1.3744467859455345	4.319689898685965	0.1950903220161288
1.5707963267948966	4.319689898685965	0.38268343236509034
1.7671458676442586	4.319689898685965	0.5555702330196027
1.9634954084936207	4.319689898685965	0.707106781186548
2.1598449493429825	4.319689898685965	0.8314696123025457
2.356194490192345	4.319689898685965	0.9238795325112873
2.552544031041707	4.319689898685965	0.980785280403231
2.748893571891069	4.319689898685965	1.0000000000000007
2.945243112740431	4.319689898685965	0.9807852804032311
3.141592653589793	4.319689898685965	0.9238795325112873
3.3379421944391554	4.319689898685965	0.8314696123025457
3.5342917352885173	4.319689898685965	0.7071067811865481
3.730641276137879	4.319689898685965	0.5555702330196031
3.9269908169872414	4.319689898685965	0.38268343236509045
4.123340357836604	4.319689898685965	0.19509032201612872
4.319689898685965	4.319689898685965	1.133107779529596E-15
4.516039439535327	4.319689898685965	-0.19509032201612736
4.71238898038469	4.319689898685965	-0.3826834323650891
4.908738521234052	4.319689898685965	-0.5555702330196017
5.105088062083414	4.319689898685965	-0.7071067811865471
5.301437602932776	4.319689898685965	-0.8314696123025447
5.497787143782138	4.319689898685965	-0.923879532511286
5.6941366846315	4.319689898685965	-0.98078528040323
5.890486225480862	4.319689898685965	-0.9999999999999994
6.086835766330224	4.319689898685965	-0.9807852804032301
6.283185307179586	4.319689898685965	-0.9238795325112861

0.0	4.516039439535327	-1.1189698545274147
0.19634954084936207	4.516039439535327	-1.026559934318673
0.39269908169872414	4.516039439535327	-0.9021971032026754
0.5890486225480862	4.516039439535327	-0.7506605550357301
0.7853981633974483	4.516039439535327	-0.5777737543812177
0.9817477042468103	4.516039439535327	-0.39018064403225616
1.1780972450961724	4.516039439535327	-0.19509032201612792
1.3744467859455345	4.516039439535327	3.3306690738754696E-16
1.5707963267948966	4.516039439535327	0.18759311034896187
1.7671458676442586	4.516039439535327	0.36047991100347426
1.9634954084936207	4.516039439535327	0.5120164591704195
2.1598449493429825	4.516039439535327	0.6363792902864172
2.356194490192345	4.516039439535327	0.7287892104951588
2.552544031041707	4.516039439535327	0.7856949583871025
2.748893571891069	4.516039439535327	0.804909677983872
2.945243112740431	4.516039439535327	0.7856949583871027
3.141592653589793	4.516039439535327	0.7287892104951588
3.3379421944391554	4.516039439535327	0.6363792902864172
3.5342917352885173	4.516039439535327	0.5120164591704197
3.730641276137879	4.516039439535327	0.3604799110034746
3.9269908169872414	4.516039439535327	0.18759311034896198
4.123340357836604	4.516039439535327	2.498001805406602E-16
4.319689898685965	4.516039439535327	-0.19509032201612736
4.516039439535327	4.516039439535327	-0.39018064403225583
4.71238898038469	4.516039439535327	-0.5777737543812176
4.908738521234052	4.516039439535327	-0.7506605550357301
5.105088062083414	4.516039439535327	-0.9021971032026757
5.301437602932776	4.516039439535327	-1.026559934318673
5.497787143782138	4.516039439535327	-1.1189698545274145
5.6941366846315	4.516039439535327	-1.1758756024193584
5.890486225480862	4.516039439535327	-1.195090322016128
6.086835766330224	4.516039439535327	-1.1758756024193586
6.283185307179586	4.516039439535327	-1.1189698545274145

0.0	4.71238898038469	-1.3065629648763764
0.19634954084936207	4.71238898038469	-1.214153044667635
0.39269908169872414	4.71238898038469	-1.089790213551637
0.5890486225480862	4.71238898038469	-0.9382536653846918
0.7853981633974483	4.71238898038469	-0.7653668647301795
0.9817477042468103	4.71238898038469	-0.5777737543812179
1.1780972450961724	4.71238898038469	-0.38268343236508967
1.3744467859455345	4.71238898038469	-0.18759311034896142
1.5707963267948966	4.71238898038469	1.1102230246251565E-16
1.7671458676442586	4.71238898038469	0.1728868006545125
1.9634954084936207	4.71238898038469	0.3244233488214578
2.1598449493429825	4.71238898038469	0.44878617993745545
2.356194490192345	4.71238898038469	0.5411961001461971
2.552544031041707	4.71238898038469	0.5981018480381408
2.748893571891069	4.71238898038469	0.6173165676349104
2.945243112740431	4.71238898038469	0.5981018480381408
3.141592653589793	4.71238898038469	0.5411961001461971
3.3379421944391554	4.71238898038469	0.44878617993745545
3.5342917352885173	4.71238898038469	0.3244233488214579
3.730641276137879	4.71238898038469	0.17288680065451284
3.9269908169872414	4.71238898038469	2.220446049250313E-16
4.123340357836604	4.71238898038469	-0.1875931103489615
4.319689898685965	4.71238898038469	-0.3826834323650891
4.516039439535327	4.71238898038469	-0.5777737543812176
4.71238898038469	4.71238898038469	-0.7653668647301793
4.908738521234052	4.71238898038469	-0.938253665384692
5.105088062083414	4.71238898038469	-1.0897902135516373
5.301437602932776	4.71238898038469	-1.214153044667635
5.497787143782138	4.71238898038469	-1.3065629648763761
5.6941366846315	4.71238898038469	-1.3634687127683203
5.890486225480862	4.71238898038469	-1.3826834323650896
6.086835766330224	4.71238898038469	-1.3634687127683203
6.283185307179586	4.71238898038469	-1.3065629648763764

0.0	4.908738521234052	-1.4794497655308891
0.19634954084936207	4.908738521234052	-1.3870398453221475
0.39269908169872414	4.908738521234052	-1.2626770142061496
0.5890486225480862	4.908738521234052	-1.1111404660392044
0.7853981633974483	4.908738521234052	-0.938253665384692
0.9817477042468103	4.908738521234052	-0.7506605550357306
1.1780972450961724	4.908738521234052	-0.5555702330196023
1.3744467859455345	4.908738521234052	-0.36047991100347404
1.5707963267948966	4.908738521234052	-0.1728868006545125
1.7671458676442586	4.908738521234052	-1.1102230246251565E-16
1.9634954084936207	4.908738521234052	0.15153654816694517
2.1598449493429825	4.908738521234052	0.27589937928294284
2.356194490192345	4.908738521234052	0.36830929949168445
2.552544031041707	4.908738521234052	0.42521504738362814
2.748893571891069	4.908738521234052	0.4444297669803977
2.945243112740431	4.908738521234052	0.42521504738362825
3.141592653589793	4.908738521234052	0.36830929949168445
3.3379421944391554	4.908738521234052	0.27589937928294284
3.5342917352885173	4.908738521234052	0.15153654816694528
3.730641276137879	4.908738521234052	2.220446049250313E-16
3.9269908169872414	4.908738521234052	-0.1728868006545124
4.123340357836604	4.908738521234052	-0.3604799110034741
4.319689898685965	4.908738521234052	-0.5555702330196017
4.516039439535327	4.908738521234052	-0.7506605550357301
4.71238898038469	4.908738521234052	-0.938253665384692
4.908738521234052	4.908738521234052	-1.1111404660392046
5.105088062083414	4.908738521234052	-1.26267701420615
5.301437602932776	4.908738521234052	-1.3870398453221475
5.497787143782138	4.908738521234052	-1.4794497655308887
5.6941366846315	4.908738521234052	-1.5363555134228328
5.890486225480862	4.908738521234052	-1.5555702330196022
6.086835766330224	4.908738521234052	-1.536355513422833
6.283185307179586	4.908738521234052	-1.479449765530889

0.0	5.105088062083414	-1.6309863136978344
0.19634954084936207	5.105088062083414	-1.5385763934890928
0.39269908169872414	5.105088062083414	-1.4142135623730951
0.5890486225480862	5.105088062083414	-1.2626770142061499
0.7853981633974483	5.105088062083414	-1.0897902135516375
0.9817477042468103	5.105088062083414	-0.9021971032026759
1.1780972450961724	5.105088062083414	-0.7071067811865477
1.3744467859455345	5.105088062083414	-0.5120164591704195
1.5707963267948966	5.105088062083414	-0.3244233488214579
1.7671458676442586	5.105088062083414	-0.1515365481669455
1.9634954084936207	5.105088062083414	-2.220446049250313E-16
2.1598449493429825	5.105088062083414	0.12436283111599744
2.356194490192345	5.105088062083414	0.21677275132473905
2.552544031041707	5.105088062083414	0.27367849921668275
2.748893571891069	5.105088062083414	0.2928932188134523
2.945243112740431	5.105088062083414	0.27367849921668286
3.141592653589793	5.105088062083414	0.21677275132473905
3.3379421944391554	5.105088062083414	0.12436283111599744
3.5342917352885173	5.105088062083414	-1.1102230246251565E-16
3.730641276137879	5.105088062083414	-0.15153654816694517
3.9269908169872414	5.105088062083414	-0.3244233488214578
4.123340357836604	5.105088062083414	-0.5120164591704195
4.319689898685965	5.105088062083414	-0.7071067811865471
4.516039439535327	5.105088062083414	-0.9021971032026757
4.71238898038469	5.105088062083414	-1.0897902135516373
4.908738521234052	5.105088062083414	-1.26267701420615
5.105088062083414	5.105088062083414	-1.4142135623730954
5.301437602932776	5.105088062083414	-1.5385763934890928
5.497787143782138	5.105088062083414	-1.6309863136978342
5.6941366846315	5.105088062083414	-1.6878920615897783
5.890486225480862	5.105088062083414	-1.7071067811865477
6.086835766330224	5.105088062083414	-1.6878920615897783
6.283185307179586	5.105088062083414	-1.6309863136978344

0.0	5.301437602932776	-1.7553491448138319
0.19634954084936207	5.301437602932776	-1.6629392246050905
0.39269908169872414	5.301437602932776	-1.5385763934890928
0.5890486225480862	5.301437602932776	-1.3870398453221475
0.7853981633974483	5.301437602932776	-1.214153044667635
0.9817477042468103	5.301437602932776	-1.0265599343186735
1.1780972450961724	5.301437602932776	-0.8314696123025452
1.3744467859455345	5.301437602932776	-0.6363792902864169
1.5707963267948966	5.301437602932776	-0.44878617993745545
1.7671458676442586	5.301437602932776	-0.27589937928294306
1.9634954084936207	5.301437602932776	-0.12436283111599777
2.1598449493429825	5.301437602932776	-1.1102230246251565E-16
2.356194490192345	5.301437602932776	0.0924099202087415
2.552544031041707	5.301437602932776	0.1493156681006852
2.748893571891069	5.301437602932776	0.16853038769745476
2.945243112740431	5.301437602932776	0.1493156681006853
3.141592653589793	5.301437602932776	0.0924099202087415
3.3379421944391554	5.301437602932776	-1.1102230246251565E-16
3.5342917352885173	5.301437602932776	-0.12436283111599766
3.730641276137879	5.301437602932776	-0.2758993792829427
3.9269908169872414	5.301437602932776	-0.44878617993745534
4.123340357836604	5.301437602932776	-0.636379290286417
4.319689898685965	5.301437602932776	-0.8314696123025447
4.516039439535327	5.301437602932776	-1.026559934318673
4.71238898038469	5.301437602932776	-1.214153044667635
4.908738521234052	5.301437602932776	-1.3870398453221475
5.105088062083414	5.301437602932776	-1.5385763934890928
5.301437602932776	5.301437602932776	-1.6629392246050905
5.497787143782138	5.301437602932776	-1.7553491448138319
5.6941366846315	5.301437602932776	-1.8122548927057758
5.890486225480862	5.301437602932776	-1.8314696123025453
6.086835766330224	5.301437602932776	-1.8122548927057758
6.283185307179586	5.301437602932776	-1.7553491448138319

0.0	5.497787143782138	-1.8477590650225733
0.19634954084936207	5.497787143782138	-1.7553491448138319
0.39269908169872414	5.497787143782138	-1.630986313697834
0.5890486225480862	5.497787143782138	-1.4794497655308887
0.7853981633974483	5.497787143782138	-1.3065629648763764
0.9817477042468103	5.497787143782138	-1.1189698545274147
1.1780972450961724	5.497787143782138	-0.9238795325112865
1.3744467859455345	5.497787143782138	-0.7287892104951583
1.5707963267948966	5.497787143782138	-0.5411961001461967
1.7671458676442586	5.497787143782138	-0.36830929949168434
1.9634954084936207	5.497787143782138	-0.21677275132473905
2.1598449493429825	5.497787143782138	-0.09240992020874139
2.356194490192345	5.497787143782138	2.220446049250313E-16
2.552544031041707	5.497787143782138	0.056905747891943914
2.748893571891069	5.497787143782138	0.07612046748871348
2.945243112740431	5.497787143782138	0.056905747891944025
3.141592653589793	5.497787143782138	2.220446049250313E-16
3.3379421944391554	5.497787143782138	-0.09240992020874139
3.5342917352885173	5.497787143782138	-0.21677275132473894
3.730641276137879	5.497787143782138	-0.368309299491684
3.9269908169872414	5.497787143782138	-0.5411961001461967
4.123340357836604	5.497787143782138	-0.7287892104951583
4.319689898685965	5.497787143782138	-0.923879532511286
4.516039439535327	5.497787143782138	-1.1189698545274145
4.71238898038469	5.497787143782138	-1.3065629648763761
4.908738521234052	5.497787143782138	-1.4794497655308887
5.105088062083414	5.497787143782138	-1.6309863136978342
5.301437602932776	5.497787143782138	-1.7553491448138319
5.497787143782138	5.497787143782138	-1.847759065022573
5.6941366846315	5.497787143782138	-1.904664812914517
5.890486225480862	5.497787143782138	-1.9238795325112865
6.086835766330224	5.497787143782138	-1.9046648129145172
6.283185307179586	5.497787143782138	-1.847759065022573

0.0	5.6941366846315	-1.9046648129145174
0.19634954084936207	5.6941366846315	-1.8122548927057758
0.39269908169872414	5.6941366846315	-1.687892061589778
0.5890486225480862	5.6941366846315	-1.5363555134228326
0.7853981633974483	5.6941366846315	-1.3634687127683203
0.9817477042468103	5.6941366846315	-1.1758756024193588
1.1780972450961724	5.6941366846315	-0.9807852804032305
1.3744467859455345	5.6941366846315	-0.7856949583871022
1.5707963267948966	5.6941366846315	-0.5981018480381408
1.7671458676442586	5.6941366846315	-0.42521504738362836
1.9634954084936207	5.6941366846315	-0.2736784992166831
2.1598449493429825	5.6941366846315	-0.14931566810068542
2.356194490192345	5.6941366846315	-0.0569057478919438
2.552544031041707	5.6941366846315	-1.1102230246251565E-16
2.748893571891069	5.6941366846315	0.01921471959676946
2.945243112740431	5.6941366846315	0.0
3.141592653589793	5.6941366846315	-0.0569057478919438
3.3379421944391554	5.6941366846315	-0.14931566810068542
3.5342917352885173	5.6941366846315	-0.27367849921668297
3.730641276137879	5.6941366846315	-0.42521504738362803
3.9269908169872414	5.6941366846315	-0.5981018480381406
4.123340357836604	5.6941366846315	-0.7856949583871023
4.319689898685965	5.6941366846315	-0.98078528040323
4.516039439535327	5.6941366846315	-1.1758756024193584
4.71238898038469	5.6941366846315	-1.3634687127683203
4.908738521234052	5.6941366846315	-1.5363555134228328
5.105088062083414	5.6941366846315	-1.6878920615897783
5.301437602932776	5.6941366846315	-1.8122548927057758
5.497787143782138	5.6941366846315	-1.904664812914517
5.6941366846315	5.6941366846315	-1.961570560806461
5.890486225480862	5.6941366846315	-1.9807852804032304
6.086835766330224	5.6941366846315	-1.9615705608064613
6.283185307179586	5.6941366846315	-1.9046648129145172

0.0	5.890486225480862	-1.9238795325112867
0.19634954084936207	5.890486225480862	-1.8314696123025453
0.39269908169872414	5.890486225480862	-1.7071067811865475
0.5890486225480862	5.890486225480862	-1.5555702330196022
0.7853981633974483	5.890486225480862	-1.3826834323650898
0.9817477042468103	5.890486225480862	-1.1950903220161282
1.1780972450961724	5.890486225480862	-1.0
1.3744467859455345	5.890486225480862	-0.8049096779838718
1.5707963267948966	5.890486225480862	-0.6173165676349102
1.7671458676442586	5.890486225480862	-0.4444297669803978
1.9634954084936207	5.890486225480862	-0.29289321881345254
2.1598449493429825	5.890486225480862	-0.16853038769745488
2.356194490192345	5.890486225480862	-0.07612046748871326
2.552544031041707	5.890486225480862	-0.01921471959676957
2.748893571891069	5.890486225480862	0.0
2.945243112740431	5.890486225480862	-0.01921471959676946
3.141592653589793	5.890486225480862	-0.07612046748871326
3.3379421944391554	5.890486225480862	-0.16853038769745488
3.5342917352885173	5.890486225480862	-0.2928932188134524
3.730641276137879	5.890486225480862	-0.4444297669803975
3.9269908169872414	5.890486225480862	-0.6173165676349102
4.123340357836604	5.890486225480862	-0.8049096779838718
4.319689898685965	5.890486225480862	-0.9999999999999994
4.516039439535327	5.890486225480862	-1.195090322016128
4.71238898038469	5.890486225480862	-1.3826834323650896
4.908738521234052	5.890486225480862	-1.5555702330196022
5.105088062083414	5.890486225480862	-1.7071067811865477
5.301437602932776	5.890486225480862	-1.8314696123025453
5.497787143782138	5.890486225480862	-1.9238795325112865
5.6941366846315	5.890486225480862	-1.9807852804032304
5.890486225480862	5.890486225480862	-2.0
6.086835766330224	5.890486225480862	-1.9807852804032307
6.283185307179586	5.890486225480862	-1.9238795325112865

0.0	6.086835766330224	-1.9046648129145174
0.19634954084936207	6.086835766330224	-1.8122548927057758
0.39269908169872414	6.086835766330224	-1.6878920615897781
0.5890486225480862	6.086835766330224	-1.5363555134228328
0.7853981633974483	6.086835766330224	-1.3634687127683205
0.9817477042468103	6.086835766330224	-1.1758756024193588
1.1780972450961724	6.086835766330224	-0.9807852804032307
1.3744467859455345	6.086835766330224	-0.7856949583871025
1.5707963267948966	6.086835766330224	-0.5981018480381408
1.7671458676442586	6.086835766330224	-0.4252150473836285
1.9634954084936207	6.086835766330224	-0.2736784992166832
2.1598449493429825	6.086835766330224	-0.14931566810068553
2.356194490192345	6.086835766330224	-0.056905747891943914
2.552544031041707	6.086835766330224	-2.220446049250313E-16
2.748893571891069	6.086835766330224	0.019214719596769347
2.945243112740431	6.086835766330224	-1.1102230246251565E-16
3.141592653589793	6.086835766330224	-0.056905747891943914
3.3379421944391554	6.086835766330224	-0.14931566810068553
3.5342917352885173	6.086835766330224	-0.2736784992166831
3.730641276137879	6.086835766330224	-0.42521504738362814
3.9269908169872414	6.086835766330224	-0.5981018480381408
4.123340357836604	6.086835766330224	-0.7856949583871025
4.319689898685965	6.086835766330224	-0.9807852804032301
4.516039439535327	6.086835766330224	-1.1758756024193586
4.71238898038469	6.086835766330224	-1.3634687127683203
4.908738521234052	6.086835766330224	-1.536355513422833
5.105088062083414	6.086835766330224	-1.6878920615897783
5.301437602932776	6.086835766330224	-1.8122548927057758
5.497787143782138	6.086835766330224	-1.9046648129145172
5.6941366846315	6.086835766330224	-1.9615705608064613
5.890486225480862	6.086835766330224	-1.9807852804032307
6.086835766330224	6.086835766330224	-1.9615705608064613
6.283185307179586	6.086835766330224	-1.9046648129145174

0.0	6.283185307179586	-1.8477590650225735
0.19634954084936207	6.283185307179586	-1.7553491448138319
0.39269908169872414	6.283185307179586	-1.630986313697834
0.5890486225480862	6.283185307179586	-1.4794497655308887
0.7853981633974483	6.283185307179586	-1.3065629648763764
0.9817477042468103	6.283185307179586	-1.118969854527415
1.1780972450961724	6.283185307179586	-0.9238795325112866
1.3744467859455345	6.283185307179586	-0.7287892104951583
1.5707963267948966	6.283185307179586	-0.5411961001461969
1.7671458676442586	6.283185307179586	-0.36830929949168445
1.9634954084936207	6.283185307179586	-0.21677275132473917
2.1598449493429825	6.283185307179586	-0.0924099202087415
2.356194490192345	6.283185307179586	1.1102230246251565E-16
2.552544031041707	6.283185307179586	0.0569057478919438
2.748893571891069	6.283185307179586	0.07612046748871337
2.945243112740431	6.283185307179586	0.056905747891943914
3.141592653589793	6.283185307179586	1.1102230246251565E-16
3.3379421944391554	6.283185307179586	-0.0924099202087415
3.5342917352885173	6.283185307179586	-0.21677275132473905
3.730641276137879	6.283185307179586	-0.3683092994916841
3.9269908169872414	6.283185307179586	-0.5411961001461967
4.123340357836604	6.283185307179586	-0.7287892104951584
4.319689898685965	6.283185307179586	-0.9238795325112861
4.516039439535327	6.283185307179586	-1.1189698545274145
4.71238898038469	6.283185307179586	-1.3065629648763764
4.908738521234052	6.283185307179586	-1.479449765530889
5.105088062083414	6.283185307179586	-1.6309863136978344
5.301437602932776	6.283185307179586	-1.7553491448138319
5.497787143782138	6.283185307179586	-1.847759065022573
5.6941366846315	6.283185307179586	-1.9046648129145172
5.890486225480862	6.283185307179586	-1.9238795325112865
6.086835766330224	6.283185307179586	-1.9046648129145174
6.283185307179586	6.283185307179586	-1.8477590650225733

