0.0	0.0	0.7653668647301808
0.19634954084936207	0.0	0.9382536653846933
0.39269908169872414	0.0	1.0897902135516389
0.5890486225480862	0.0	1.2141530446676359
0.7853981633974483	0.0	1.3065629648763775
0.9817477042468103	0.0	1.363468712768321
1.1780972450961724	0.0	1.3826834323650905
1.3744467859455345	0.0	1.3634687127683207
1.5707963267948966	0.0	1.306562964876377
1.7671458676442586	0.0	1.2141530446676352
1.9634954084936207	0.0	1.0897902135516375
2.1598449493429825	0.0	0.9382536653846923
2.356194490192345	0.0	0.7653668647301797
2.552544031041707	0.0	0.5777737543812179
2.748893571891069	0.0	0.38268343236508984
2.945243112740431	0.0	0.18759311034896178
3.141592653589793	0.0	1.1102230246251565E-16
3.3379421944391554	0.0	-0.17288680065451245
3.5342917352885173	0.0	-0.3244233488214575
3.730641276137879	0.0	-0.44878617993745507
3.9269908169872414	0.0	-0.5411961001461966
4.123340357836604	0.0	-0.5981018480381401
4.319689898685965	0.0	-0.6173165676349096
4.516039439535327	0.0	-0.59810184803814
4.71238898038469	0.0	-0.5411961001461961
4.908738521234052	0.0	-0.4487861799374544
5.105088062083414	0.0	-0.3244233488214565
5.301437602932776	0.0	-0.17288680065451167
5.497787143782138	0.0	1.0547118733938987E-15
5.6941366846315	0.0	0.18759311034896278
5.890486225480862	0.0	0.3826834323650904
6.086835766330224	0.0	0.5777737543812189
6.283185307179586	0.0	0.7653668647301806

0.0	0.19634954084936207	0.9382536653846933
0.19634954084936207	0.19634954084936207	1.111140466039206
0.39269908169872414	0.19634954084936207	1.2626770142061514
0.5890486225480862	0.19634954084936207	1.3870398453221484
0.7853981633974483	0.19634954084936207	1.47944976553089
0.9817477042468103	0.19634954084936207	1.5363555134228335
1.1780972450961724	0.19634954084936207	1.555570233019603
1.3744467859455345	0.19634954084936207	1.5363555134228333
1.5707963267948966	0.19634954084936207	1.4794497655308896
1.7671458676442586	0.19634954084936207	1.3870398453221477
1.9634954084936207	0.19634954084936207	1.26267701420615
2.1598449493429825	0.19634954084936207	1.1111404660392048
2.356194490192345	0.19634954084936207	0.9382536653846922
2.552544031041707	0.19634954084936207	0.7506605550357305
2.748893571891069	0.19634954084936207	0.5555702330196024
2.945243112740431	0.19634954084936207	0.3604799110034743
3.141592653589793	0.19634954084936207	0.17288680065451267
3.3379421944391554	0.19634954084936207	1.1102230246251565E-16
3.5342917352885173	0.19634954084936207	-0.15153654816694495
3.730641276137879	0.19634954084936207	-0.2758993792829425
3.9269908169872414	0.19634954084936207	-0.368309299491684
4.123340357836604	0.19634954084936207	-0.4252150473836276
4.319689898685965	0.19634954084936207	-0.44442976698039705
4.516039439535327	0.19634954084936207	-0.4252150473836275
4.71238898038469	0.19634954084936207	-0.36830929949168356
4.908738521234052	0.19634954084936207	-0.27589937928294184
5.105088062083414	0.19634954084936207	-0.15153654816694395
5.301437602932776	0.19634954084936207	8.881784197001252E-16
5.497787143782138	0.19634954084936207	0.17288680065451362
5.6941366846315	0.19634954084936207	0.3604799110034753
5.890486225480862	0.19634954084936207	0.555570233019603
6.086835766330224	0.19634954084936207	0.7506605550357315
6.283185307179586	0.19634954084936207	0.9382536653846931

0.0	0.39269908169872414	1.0897902135516389
0.19634954084936207	0.39269908169872414	1.2626770142061514
0.39269908169872414	0.39269908169872414	1.4142135623730967
0.5890486225480862	0.39269908169872414	1.5385763934890937
0.7853981633974483	0.39269908169872414	1.6309863136978353
0.9817477042468103	0.39269908169872414	1.687892061589779
1.1780972450961724	0.39269908169872414	1.7071067811865483
1.3744467859455345	0.39269908169872414	1.6878920615897788
1.5707963267948966	0.39269908169872414	1.6309863136978349
1.7671458676442586	0.39269908169872414	1.5385763934890933
1.9634954084936207	0.39269908169872414	1.4142135623730954
2.1598449493429825	0.39269908169872414	1.2626770142061503
2.356194490192345	0.39269908169872414	1.0897902135516375
2.552544031041707	0.39269908169872414	0.9021971032026759
2.748893571891069	0.39269908169872414	0.7071067811865478
2.945243112740431	0.39269908169872414	0.5120164591704197
3.141592653589793	0.39269908169872414	0.32442334882145807
3.3379421944391554	0.39269908169872414	0.1515365481669455
3.5342917352885173	0.39269908169872414	4.440892098500626E-16
3.730641276137879	0.39269908169872414	-0.12436283111599711
3.9269908169872414	0.39269908169872414	-0.2167727513247386
4.123340357836604	0.39269908169872414	-0.2736784992166822
4.319689898685965	0.39269908169872414	-0.29289321881345165
4.516039439535327	0.39269908169872414	-0.2736784992166821
4.71238898038469	0.39269908169872414	-0.21677275132473817
4.908738521234052	0.39269908169872414	-0.12436283111599644
5.105088062083414	0.39269908169872414	1.4432899320127035E-15
5.301437602932776	0.39269908169872414	0.15153654816694628
5.497787143782138	0.39269908169872414	0.324423348821459
5.6941366846315	0.39269908169872414	0.5120164591704207
5.890486225480862	0.39269908169872414	0.7071067811865483
6.086835766330224	0.39269908169872414	0.9021971032026768
6.283185307179586	0.39269908169872414	1.0897902135516384

0.0	0.5890486225480862	1.2141530446676359
0.19634954084936207	0.5890486225480862	1.3870398453221484
0.39269908169872414	0.5890486225480862	1.5385763934890937
0.5890486225480862	0.5890486225480862	1.662939224605091
0.7853981633974483	0.5890486225480862	1.7553491448138323
0.9817477042468103	0.5890486225480862	1.8122548927057762
1.1780972450961724	0.5890486225480862	1.8314696123025453
1.3744467859455345	0.5890486225480862	1.8122548927057758
1.5707963267948966	0.5890486225480862	1.7553491448138319
1.7671458676442586	0.5890486225480862	1.6629392246050902
1.9634954084936207	0.5890486225480862	1.5385763934890926
2.1598449493429825	0.5890486225480862	1.3870398453221475
2.356194490192345	0.5890486225480862	1.2141530446676347
2.552544031041707	0.5890486225480862	1.0265599343186729
2.748893571891069	0.5890486225480862	0.8314696123025449
2.945243112740431	0.5890486225480862	0.6363792902864168
3.141592653589793	0.5890486225480862	0.4487861799374552
3.3379421944391554	0.5890486225480862	0.2758993792829426
3.5342917352885173	0.5890486225480862	0.12436283111599755
3.730641276137879	0.5890486225480862	0.0
3.9269908169872414	0.5890486225480862	-0.0924099202087415
4.123340357836604	0.5890486225480862	-0.14931566810068508
4.319689898685965	0.5890486225480862	-0.16853038769745454
4.516039439535327	0.5890486225480862	-0.14931566810068497
4.71238898038469	0.5890486225480862	-0.09240992020874106
4.908738521234052	0.5890486225480862	6.661338147750939E-16
5.105088062083414	0.5890486225480862	0.12436283111599855
5.301437602932776	0.5890486225480862	0.2758993792829434
5.497787143782138	0.5890486225480862	0.4487861799374561
5.6941366846315	0.5890486225480862	0.6363792902864178
5.890486225480862	0.5890486225480862	0.8314696123025455
6.086835766330224	0.5890486225480862	1.026559934318674
6.283185307179586	0.5890486225480862	1.2141530446676356

0.0	0.7853981633974483	1.3065629648763775
0.19634954084936207	0.7853981633974483	1.47944976553089
0.39269908169872414	0.7853981633974483	1.6309863136978353
0.5890486225480862	0.7853981633974483	1.7553491448138323
0.7853981633974483	0.7853981633974483	1.847759065022574
0.9817477042468103	0.7853981633974483	1.9046648129145176
1.1780972450961724	0.7853981633974483	1.923879532511287
1.3744467859455345	0.7853981633974483	1.9046648129145174
1.5707963267948966	0.7853981633974483	1.8477590650225735
1.7671458676442586	0.7853981633974483	1.7553491448138319
1.9634954084936207	0.7853981633974483	1.630986313697834
2.1598449493429825	0.7853981633974483	1.479449765530889
2.356194490192345	0.7853981633974483	1.3065629648763761
2.552544031041707	0.7853981633974483	1.1189698545274145
2.748893571891069	0.7853981633974483	0.9238795325112864
2.945243112740431	0.7853981633974483	0.7287892104951583
3.141592653589793	0.7853981633974483	0.5411961001461967
3.3379421944391554	0.7853981633974483	0.3683092994916841
3.5342917352885173	0.7853981633974483	0.21677275132473905
3.730641276137879	0.7853981633974483	0.0924099202087415
3.9269908169872414	0.7853981633974483	0.0
4.123340357836604	0.7853981633974483	-0.05690574789194358
4.319689898685965	0.7853981633974483	-0.07612046748871304
4.516039439535327	0.7853981633974483	-0.05690574789194347
4.71238898038469	0.7853981633974483	4.440892098500626E-16
4.908738521234052	0.7853981633974483	0.09240992020874217
5.105088062083414	0.7853981633974483	0.21677275132474005
5.301437602932776	0.7853981633974483	0.3683092994916849
5.497787143782138	0.7853981633974483	0.5411961001461976
5.6941366846315	0.7853981633974483	0.7287892104951593
5.890486225480862	0.7853981633974483	0.923879532511287
6.086835766330224	0.7853981633974483	1.1189698545274154
6.283185307179586	0.7853981633974483	1.306562964876377

0.0	0.9817477042468103	1.363468712768321
0.19634954084936207	0.9817477042468103	1.5363555134228335
0.39269908169872414	0.9817477042468103	1.687892061589779
0.5890486225480862	0.9817477042468103	1.8122548927057762
0.7853981633974483	0.9817477042468103	1.9046648129145176
0.9817477042468103	0.9817477042468103	1.9615705608064613
1.1780972450961724	0.9817477042468103	1.9807852804032307
1.3744467859455345	0.9817477042468103	1.9615705608064609
1.5707963267948966	0.9817477042468103	1.9046648129145172
1.7671458676442586	0.9817477042468103	1.8122548927057753
1.9634954084936207	0.9817477042468103	1.687892061589778
2.1598449493429825	0.9817477042468103	1.5363555134228326
2.356194490192345	0.9817477042468103	1.3634687127683198
2.552544031041707	0.9817477042468103	1.1758756024193582
2.748893571891069	0.9817477042468103	0.9807852804032301
2.945243112740431	0.9817477042468103	0.785694958387102
3.141592653589793	0.9817477042468103	0.5981018480381404
3.3379421944391554	0.9817477042468103	0.4252150473836278
3.5342917352885173	0.9817477042468103	0.27367849921668275
3.730641276137879	0.9817477042468103	0.1493156681006852
3.9269908169872414	0.9817477042468103	0.05690574789194369
4.123340357836604	0.9817477042468103	1.1102230246251565E-16
4.319689898685965	0.9817477042468103	-0.019214719596769347
4.516039439535327	0.9817477042468103	2.220446049250313E-16
4.71238898038469	0.9817477042468103	0.056905747891944136
4.908738521234052	0.9817477042468103	0.14931566810068586
5.105088062083414	0.9817477042468103	0.27367849921668375
5.301437602932776	0.9817477042468103	0.4252150473836286
5.497787143782138	0.9817477042468103	0.5981018480381413
5.6941366846315	0.9817477042468103	0.785694958387103
5.890486225480862	0.9817477042468103	0.9807852804032307
6.086835766330224	0.9817477042468103	1.175875602419359
6.283185307179586	0.9817477042468103	1.363468712768321

0.0	1.1780972450961724	1.3826834323650905
0.19634954084936207	1.1780972450961724	1.555570233019603
0.39269908169872414	1.1780972450961724	1.7071067811865483
0.5890486225480862	1.1780972450961724	1.8314696123025453
0.7853981633974483	1.1780972450961724	1.923879532511287
0.9817477042468103	1.1780972450961724	1.9807852804032307
1.1780972450961724	1.1780972450961724	2.0
1.3744467859455345	1.1780972450961724	1.9807852804032304
1.5707963267948966	1.1780972450961724	1.9238795325112865
1.7671458676442586	1.1780972450961724	1.831469612302545
1.9634954084936207	1.1780972450961724	1.707106781186547
2.1598449493429825	1.1780972450961724	1.555570233019602
2.356194490192345	1.1780972450961724	1.3826834323650892
2.552544031041707	1.1780972450961724	1.1950903220161275
2.748893571891069	1.1780972450961724	0.9999999999999994
2.945243112740431	1.1780972450961724	0.8049096779838714
3.141592653589793	1.1780972450961724	0.6173165676349097
3.3379421944391554	1.1780972450961724	0.44442976698039716
3.5342917352885173	1.1780972450961724	0.2928932188134521
3.730641276137879	1.1780972450961724	0.16853038769745454
3.9269908169872414	1.1780972450961724	0.07612046748871304
4.123340357836604	1.1780972450961724	0.01921471959676946
4.319689898685965	1.1780972450961724	0.0
4.516039439535327	1.1780972450961724	0.01921471959676957
4.71238898038469	1.1780972450961724	0.07612046748871348
4.908738521234052	1.1780972450961724	0.1685303876974552
5.105088062083414	1.1780972450961724	0.2928932188134531
5.301437602932776	1.1780972450961724	0.44442976698039793
5.497787143782138	1.1780972450961724	0.6173165676349106
5.6941366846315	1.1780972450961724	0.8049096779838724
5.890486225480862	1.1780972450961724	1.0
6.086835766330224	1.1780972450961724	1.1950903220161284
6.283185307179586	1.1780972450961724	1.38268343236509

0.0	1.3744467859455345	1.3634687127683207
0.19634954084936207	1.3744467859455345	1.5363555134228333
0.39269908169872414	1.3744467859455345	1.6878920615897788
0.5890486225480862	1.3744467859455345	1.8122548927057758
0.7853981633974483	1.3744467859455345	1.9046648129145174
0.9817477042468103	1.3744467859455345	1.9615705608064609
1.1780972450961724	1.3744467859455345	1.9807852804032304
1.3744467859455345	1.3744467859455345	1.9615705608064606
1.5707963267948966	1.3744467859455345	1.904664812914517
1.7671458676442586	1.3744467859455345	1.8122548927057751
1.9634954084936207	1.3744467859455345	1.6878920615897774
2.1598449493429825	1.3744467859455345	1.5363555134228322
2.356194490192345	1.3744467859455345	1.3634687127683196
2.552544031041707	1.3744467859455345	1.1758756024193577
2.748893571891069	1.3744467859455345	0.9807852804032298
2.945243112740431	1.3744467859455345	0.7856949583871017
3.141592653589793	1.3744467859455345	0.59810184803814
3.3379421944391554	1.3744467859455345	0.4252150473836275
3.5342917352885173	1.3744467859455345	0.2736784992166824
3.730641276137879	1.3744467859455345	0.14931566810068486
3.9269908169872414	1.3744467859455345	0.05690574789194336
4.123340357836604	1.3744467859455345	-2.220446049250313E-16
4.319689898685965	1.3744467859455345	-0.01921471959676968
4.516039439535327	1.3744467859455345	-1.1102230246251565E-16
4.71238898038469	1.3744467859455345	0.0569057478919438
4.908738521234052	1.3744467859455345	0.14931566810068553
5.105088062083414	1.3744467859455345	0.2736784992166834
5.301437602932776	1.3744467859455345	0.42521504738362825
5.497787143782138	1.3744467859455345	0.598101848038141
5.6941366846315	1.3744467859455345	0.7856949583871027
5.890486225480862	1.3744467859455345	0.9807852804032303
6.086835766330224	1.3744467859455345	1.1758756024193588
6.283185307179586	1.3744467859455345	1.3634687127683205

0.0	1.5707963267948966	1.306562964876377
0.19634954084936207	1.5707963267948966	1.4794497655308896
0.39269908169872414	1.5707963267948966	1.6309863136978349
0.5890486225480862	1.5707963267948966	1.7553491448138319
0.7853981633974483	1.5707963267948966	1.8477590650225735
0.9817477042468103	1.5707963267948966	1.9046648129145172
1.1780972450961724	1.5707963267948966	1.9238795325112865
1.3744467859455345	1.5707963267948966	1.904664812914517
1.5707963267948966	1.5707963267948966	1.847759065022573
1.7671458676442586	1.5707963267948966	1.7553491448138314
1.9634954084936207	1.5707963267948966	1.6309863136978335
2.1598449493429825	1.5707963267948966	1.4794497655308885
2.356194490192345	1.5707963267948966	1.3065629648763757
2.552544031041707	1.5707963267948966	1.118969854527414
2.748893571891069	1.5707963267948966	0.923879532511286
2.945243112740431	1.5707963267948966	0.7287892104951579
3.141592653589793	1.5707963267948966	0.5411961001461962
3.3379421944391554	1.5707963267948966	0.3683092994916837
3.5342917352885173	1.5707963267948966	0.2167727513247386
3.730641276137879	1.5707963267948966	0.09240992020874106
3.9269908169872414	1.5707963267948966	-4.440892098500626E-16
4.123340357836604	1.5707963267948966	-0.056905747891944025
4.319689898685965	1.5707963267948966	-0.07612046748871348
4.516039439535327	1.5707963267948966	-0.056905747891943914
4.71238898038469	1.5707963267948966	0.0
4.908738521234052	1.5707963267948966	0.09240992020874172
5.105088062083414	1.5707963267948966	0.2167727513247396
5.301437602932776	1.5707963267948966	0.36830929949168445
5.497787143782138	1.5707963267948966	0.5411961001461971
5.6941366846315	1.5707963267948966	0.7287892104951589
5.890486225480862	1.5707963267948966	0.9238795325112865
6.086835766330224	1.5707963267948966	1.118969854527415
6.283185307179586	1.5707963267948966	1.3065629648763766

0.0	1.7671458676442586	1.2141530446676352
0.19634954084936207	1.7671458676442586	1.3870398453221477
0.39269908169872414	1.7671458676442586	1.5385763934890933
0.5890486225480862	1.7671458676442586	1.6629392246050902
0.7853981633974483	1.7671458676442586	1.7553491448138319
0.9817477042468103	1.7671458676442586	1.8122548927057753
1.1780972450961724	1.7671458676442586	1.831469612302545
1.3744467859455345	1.7671458676442586	1.8122548927057751
1.5707963267948966	1.7671458676442586	1.7553491448138314
1.7671458676442586	1.7671458676442586	1.6629392246050896
1.9634954084936207	1.7671458676442586	1.538576393489092
2.1598449493429825	1.7671458676442586	1.3870398453221466
2.356194490192345	1.7671458676442586	1.214153044667634
2.552544031041707	1.7671458676442586	1.0265599343186722
2.748893571891069	1.7671458676442586	0.8314696123025442
2.945243112740431	1.7671458676442586	0.6363792902864162
3.141592653589793	1.7671458676442586	0.4487861799374545
3.3379421944391554	1.7671458676442586	0.27589937928294195
3.5342917352885173	1.7671458676442586	0.12436283111599689
3.730641276137879	1.7671458676442586	-6.661338147750939E-16
3.9269908169872414	1.7671458676442586	-0.09240992020874217
4.123340357836604	1.7671458676442586	-0.14931566810068575
4.319689898685965	1.7671458676442586	-0.1685303876974552
4.516039439535327	1.7671458676442586	-0.14931566810068564
4.71238898038469	1.7671458676442586	-0.09240992020874172
4.908738521234052	1.7671458676442586	0.0
5.105088062083414	1.7671458676442586	0.12436283111599788
5.301437602932776	1.7671458676442586	0.2758993792829427
5.497787143782138	1.7671458676442586	0.44878617993745545
5.6941366846315	1.7671458676442586	0.6363792902864172
5.890486225480862	1.7671458676442586	0.8314696123025448
6.086835766330224	1.7671458676442586	1.0265599343186733
6.283185307179586	1.7671458676442586	1.214153044667635

0.0	1.9634954084936207	1.0897902135516375
0.19634954084936207	1.9634954084936207	1.26267701420615
0.39269908169872414	1.9634954084936207	1.4142135623730954
0.5890486225480862	1.9634954084936207	1.5385763934890926
0.7853981633974483	1.9634954084936207	1.630986313697834
0.9817477042468103	1.9634954084936207	1.687892061589778
1.1780972450961724	1.9634954084936207	1.707106781186547
1.3744467859455345	1.9634954084936207	1.6878920615897774
1.5707963267948966	1.9634954084936207	1.6309863136978335
1.7671458676442586	1.9634954084936207	1.538576393489092
1.9634954084936207	1.9634954084936207	1.4142135623730943
2.1598449493429825	1.9634954084936207	1.2626770142061492
2.356194490192345	1.9634954084936207	1.0897902135516364
2.552544031041707	1.9634954084936207	0.9021971032026747
2.748893571891069	1.9634954084936207	0.7071067811865466
2.945243112740431	1.9634954084936207	0.5120164591704185
3.141592653589793	1.9634954084936207	0.32442334882145685
3.3379421944391554	1.9634954084936207	0.15153654816694428
3.5342917352885173	1.9634954084936207	-7.771561172376096E-16
3.730641276137879	1.9634954084936207	-0.12436283111599833
3.9269908169872414	1.9634954084936207	-0.21677275132473983
4.123340357836604	1.9634954084936207	-0.2736784992166834
4.319689898685965	1.9634954084936207	-0.29289321881345287
4.516039439535327	1.9634954084936207	-0.2736784992166833
4.71238898038469	1.9634954084936207	-0.2167727513247394
4.908738521234052	1.9634954084936207	-0.12436283111599766
5.105088062083414	1.9634954084936207	2.220446049250313E-16
5.301437602932776	1.9634954084936207	0.15153654816694506
5.497787143782138	1.9634954084936207	0.3244233488214578
5.6941366846315	1.9634954084936207	0.5120164591704195
5.890486225480862	1.9634954084936207	0.7071067811865471
6.086835766330224	1.9634954084936207	0.9021971032026757
6.283185307179586	1.9634954084936207	1.0897902135516373

0.0	2.1598449493429825	0.9382536653846923
0.19634954084936207	2.1598449493429825	1.1111404660392048
0.39269908169872414	2.1598449493429825	1.2626770142061503
0.5890486225480862	2.1598449493429825	1.3870398453221475
0.7853981633974483	2.1598449493429825	1.479449765530889
0.9817477042468103	2.1598449493429825	1.5363555134228326
1.1780972450961724	2.1598449493429825	1.555570233019602
1.3744467859455345	2.1598449493429825	1.5363555134228322
1.5707963267948966	2.1598449493429825	1.4794497655308885
1.7671458676442586	2.1598449493429825	1.3870398453221466
1.9634954084936207	2.1598449493429825	1.2626770142061492
2.1598449493429825	2.1598449493429825	1.111140466039204
2.356194490192345	2.1598449493429825	0.9382536653846911
2.552544031041707	2.1598449493429825	0.7506605550357295
2.748893571891069	2.1598449493429825	0.5555702330196014
2.945243112740431	2.1598449493429825	0.3604799110034733
3.141592653589793	2.1598449493429825	0.17288680065451167
3.3379421944391554	2.1598449493429825	-8.881784197001252E-16
3.5342917352885173	2.1598449493429825	-0.15153654816694595
3.730641276137879	2.1598449493429825	-0.2758993792829435
3.9269908169872414	2.1598449493429825	-0.368309299491685
4.123340357836604	2.1598449493429825	-0.4252150473836286
4.319689898685965	2.1598449493429825	-0.44442976698039804
4.516039439535327	2.1598449493429825	-0.4252150473836285
4.71238898038469	2.1598449493429825	-0.36830929949168456
4.908738521234052	2.1598449493429825	-0.27589937928294284
5.105088062083414	2.1598449493429825	-0.15153654816694495
5.301437602932776	2.1598449493429825	-1.1102230246251565E-16
5.497787143782138	2.1598449493429825	0.17288680065451262
5.6941366846315	2.1598449493429825	0.3604799110034743
5.890486225480862	2.1598449493429825	0.555570233019602
6.086835766330224	2.1598449493429825	0.7506605550357304
6.283185307179586	2.1598449493429825	0.9382536653846921

0.0	2.356194490192345	0.7653668647301797
0.19634954084936207	2.356194490192345	0.9382536653846922
0.39269908169872414	2.356194490192345	1.0897902135516375
0.5890486225480862	2.356194490192345	1.2141530446676347
0.7853981633974483	2.356194490192345	1.3065629648763761
0.9817477042468103	2.356194490192345	1.3634687127683198
1.1780972450961724	2.356194490192345	1.3826834323650892
1.3744467859455345	2.356194490192345	1.3634687127683196
1.5707963267948966	2.356194490192345	1.3065629648763757
1.7671458676442586	2.356194490192345	1.214153044667634
1.9634954084936207	2.356194490192345	1.0897902135516364
2.1598449493429825	2.356194490192345	0.9382536653846911
2.356194490192345	2.356194490192345	0.7653668647301785
2.552544031041707	2.356194490192345	0.5777737543812167
2.748893571891069	2.356194490192345	0.38268343236508867
2.945243112740431	2.356194490192345	0.18759311034896062
3.141592653589793	2.356194490192345	-1.0547118733938987E-15
3.3379421944391554	2.356194490192345	-0.17288680065451362
3.5342917352885173	2.356194490192345	-0.3244233488214587
3.730641276137879	2.356194490192345	-0.44878617993745623
3.9269908169872414	2.356194490192345	-0.5411961001461978
4.123340357836604	2.356194490192345	-0.5981018480381413
4.319689898685965	2.356194490192345	-0.6173165676349108
4.516039439535327	2.356194490192345	-0.5981018480381413
4.71238898038469	2.356194490192345	-0.5411961001461973
4.908738521234052	2.356194490192345	-0.44878617993745556
5.105088062083414	2.356194490192345	-0.3244233488214577
5.301437602932776	2.356194490192345	-0.17288680065451284
5.497787143782138	2.356194490192345	-1.1102230246251565E-16
5.6941366846315	2.356194490192345	0.18759311034896162
5.890486225480862	2.356194490192345	0.3826834323650892
6.086835766330224	2.356194490192345	0.5777737543812177
6.283185307179586	2.356194490192345	0.7653668647301795

0.0	2.552544031041707	0.5777737543812179
0.19634954084936207	2.552544031041707	0.7506605550357305
0.39269908169872414	2.552544031041707	0.9021971032026759
0.5890486225480862	2.552544031041707	1.0265599343186729
0.7853981633974483	2.552544031041707	1.1189698545274145
0.9817477042468103	2.552544031041707	1.1758756024193582
1.1780972450961724	2.552544031041707	1.1950903220161275
1.3744467859455345	2.552544031041707	1.1758756024193577
1.5707963267948966	2.552544031041707	1.118969854527414
1.7671458676442586	2.552544031041707	1.0265599343186722
1.9634954084936207	2.552544031041707	0.9021971032026747
2.1598449493429825	2.552544031041707	0.7506605550357295
2.356194490192345	2.552544031041707	0.5777737543812167
2.552544031041707	2.552544031041707	0.390180644032255
2.748893571891069	2.552544031041707	0.19509032201612694
2.945243112740431	2.552544031041707	-1.1102230246251565E-15
3.141592653589793	2.552544031041707	-0.18759311034896278
3.3379421944391554	2.552544031041707	-0.3604799110034753
3.5342917352885173	2.552544031041707	-0.5120164591704204
3.730641276137879	2.552544031041707	-0.6363792902864179
3.9269908169872414	2.552544031041707	-0.7287892104951594
4.123340357836604	2.552544031041707	-0.785694958387103
4.319689898685965	2.552544031041707	-0.8049096779838725
4.516039439535327	2.552544031041707	-0.7856949583871029
4.71238898038469	2.552544031041707	-0.728789210495159
4.908738521234052	2.552544031041707	-0.6363792902864173
5.105088062083414	2.552544031041707	-0.5120164591704194
5.301437602932776	2.552544031041707	-0.36047991100347454
5.497787143782138	2.552544031041707	-0.18759311034896184
5.6941366846315	2.552544031041707	-1.1102230246251565E-16
5.890486225480862	2.552544031041707	0.1950903220161275
6.086835766330224	2.552544031041707	0.39018064403225594
6.283185307179586	2.552544031041707	0.5777737543812177

0.0	2.748893571891069	0.38268343236508984
0.19634954084936207	2.748893571891069	0.5555702330196024
0.39269908169872414	2.748893571891069	0.7071067811865478
0.5890486225480862	2.748893571891069	0.8314696123025449
0.7853981633974483	2.748893571891069	0.9238795325112864
0.9817477042468103	2.748893571891069	0.9807852804032301
1.1780972450961724	2.748893571891069	0.9999999999999994
1.3744467859455345	2.748893571891069	0.9807852804032298
1.5707963267948966	2.748893571891069	0.923879532511286
1.7671458676442586	2.748893571891069	0.8314696123025442
1.9634954084936207	2.748893571891069	0.7071067811865466
2.1598449493429825	2.748893571891069	0.5555702330196014
2.356194490192345	2.748893571891069	0.38268343236508867
2.552544031041707	2.748893571891069	0.19509032201612694
2.748893571891069	2.748893571891069	-1.133107779529596E-15
2.945243112740431	2.748893571891069	-0.19509032201612916
3.141592653589793	2.748893571891069	-0.38268343236509084
3.3379421944391554	2.748893571891069	-0.5555702330196034
3.5342917352885173	2.748893571891069	-0.7071067811865485
3.730641276137879	2.748893571891069	-0.831469612302546
3.9269908169872414	2.748893571891069	-0.9238795325112875
4.123340357836604	2.748893571891069	-0.9807852804032311
4.319689898685965	2.748893571891069	-1.0000000000000007
4.516039439535327	2.748893571891069	-0.980785280403231
4.71238898038469	2.748893571891069	-0.9238795325112871
4.908738521234052	2.748893571891069	-0.8314696123025453
5.105088062083414	2.748893571891069	-0.7071067811865475
5.301437602932776	2.748893571891069	-0.5555702330196026
5.497787143782138	2.748893571891069	-0.3826834323650899
5.6941366846315	2.748893571891069	-0.19509032201612816
5.890486225480862	2.748893571891069	-5.66553889764798E-16
6.086835766330224	2.748893571891069	0.19509032201612792
6.283185307179586	2.748893571891069	0.3826834323650896

0.0	2.945243112740431	0.18759311034896178
0.19634954084936207	2.945243112740431	0.3604799110034743
0.39269908169872414	2.945243112740431	0.5120164591704197
0.5890486225480862	2.945243112740431	0.6363792902864168
0.7853981633974483	2.945243112740431	0.7287892104951583
0.9817477042468103	2.945243112740431	0.785694958387102
1.1780972450961724	2.945243112740431	0.8049096779838714
1.3744467859455345	2.945243112740431	0.7856949583871017
1.5707963267948966	2.945243112740431	0.7287892104951579
1.7671458676442586	2.945243112740431	0.6363792902864162
1.9634954084936207	2.945243112740431	0.5120164591704185
2.1598449493429825	2.945243112740431	0.3604799110034733
2.356194490192345	2.945243112740431	0.18759311034896062
2.552544031041707	2.945243112740431	-1.1102230246251565E-15
2.748893571891069	2.945243112740431	-0.19509032201612916
2.945243112740431	2.945243112740431	-0.3901806440322572
3.141592653589793	2.945243112740431	-0.5777737543812189
3.3379421944391554	2.945243112740431	-0.7506605550357315
3.5342917352885173	2.945243112740431	-0.9021971032026765
3.730641276137879	2.945243112740431	-1.026559934318674
3.9269908169872414	2.945243112740431	-1.1189698545274156
4.123340357836604	2.945243112740431	-1.175875602419359
4.319689898685965	2.945243112740431	-1.1950903220161286
4.516039439535327	2.945243112740431	-1.175875602419359
4.71238898038469	2.945243112740431	-1.1189698545274152
4.908738521234052	2.945243112740431	-1.0265599343186733
5.105088062083414	2.945243112740431	-0.9021971032026755
5.301437602932776	2.945243112740431	-0.7506605550357307
5.497787143782138	2.945243112740431	-0.5777737543812179
5.6941366846315	2.945243112740431	-0.3901806440322562
5.890486225480862	2.945243112740431	-0.1950903220161286
6.086835766330224	2.945243112740431	-1.3877787807814457E-16
6.283185307179586	2.945243112740431	0.18759311034896156

0.0	3.141592653589793	1.1102230246251565E-16
0.19634954084936207	3.141592653589793	0.17288680065451267
0.39269908169872414	3.141592653589793	0.32442334882145807
0.5890486225480862	3.141592653589793	0.4487861799374552
0.7853981633974483	3.141592653589793	0.5411961001461967
0.9817477042468103	3.141592653589793	0.5981018480381404
1.1780972450961724	3.141592653589793	0.6173165676349097
1.3744467859455345	3.141592653589793	0.59810184803814
1.5707963267948966	3.141592653589793	0.5411961001461962
1.7671458676442586	3.141592653589793	0.4487861799374545
1.9634954084936207	3.141592653589793	0.32442334882145685
2.1598449493429825	3.141592653589793	0.17288680065451167
2.356194490192345	3.141592653589793	-1.0547118733938987E-15
2.552544031041707	3.141592653589793	-0.18759311034896278
2.748893571891069	3.141592653589793	-0.38268343236509084
2.945243112740431	3.141592653589793	-0.5777737543812189
3.141592653589793	3.141592653589793	-0.7653668647301806
3.3379421944391554	3.141592653589793	-0.9382536653846931
3.5342917352885173	3.141592653589793	-1.0897902135516382
3.730641276137879	3.141592653589793	-1.2141530446676359
3.9269908169872414	3.141592653589793	-1.3065629648763772
4.123340357836604	3.141592653589793	-1.363468712768321
4.319689898685965	3.141592653589793	-1.3826834323650903
4.516039439535327	3.141592653589793	-1.3634687127683207
4.71238898038469	3.141592653589793	-1.3065629648763768
4.908738521234052	3.141592653589793	-1.214153044667635
5.105088062083414	3.141592653589793	-1.089790213551637
5.301437602932776	3.141592653589793	-0.9382536653846923
5.497787143782138	3.141592653589793	-0.7653668647301797
5.6941366846315	3.141592653589793	-0.5777737543812179
5.890486225480862	3.141592653589793	-0.3826834323650903
6.086835766330224	3.141592653589793	-0.1875931103489618
6.283185307179586	3.141592653589793	-1.1102230246251565E-16

0.0	3.3379421944391554	-0.17288680065451245
0.19634954084936207	3.3379421944391554	1.1102230246251565E-16
0.39269908169872414	3.3379421944391554	0.1515365481669455
0.5890486225480862	3.3379421944391554	0.2758993792829426
0.7853981633974483	3.3379421944391554	0.3683092994916841
0.9817477042468103	3.3379421944391554	0.4252150473836278
1.1780972450961724	3.3379421944391554	0.44442976698039716
1.3744467859455345	3.3379421944391554	0.4252150473836275
1.5707963267948966	3.3379421944391554	0.3683092994916837
1.7671458676442586	3.3379421944391554	0.27589937928294195
1.9634954084936207	3.3379421944391554	0.15153654816694428
2.1598449493429825	3.3379421944391554	-8.881784197001252E-16
2.356194490192345	3.3379421944391554	-0.17288680065451362
2.552544031041707	3.3379421944391554	-0.3604799110034753
2.748893571891069	3.3379421944391554	-0.5555702330196034
2.945243112740431	3.3379421944391554	-0.7506605550357315
3.141592653589793	3.3379421944391554	-0.9382536653846931
3.3379421944391554	3.3379421944391554	-1.1111404660392057
3.5342917352885173	3.3379421944391554	-1.2626770142061507
3.730641276137879	3.3379421944391554	-1.3870398453221484
3.9269908169872414	3.3379421944391554	-1.4794497655308898
4.123340357836604	3.3379421944391554	-1.5363555134228335
4.319689898685965	3.3379421944391554	-1.5555702330196028
4.516039439535327	3.3379421944391554	-1.5363555134228333
4.71238898038469	3.3379421944391554	-1.4794497655308894
4.908738521234052	3.3379421944391554	-1.3870398453221475
5.105088062083414	3.3379421944391554	-1.2626770142061496
5.301437602932776	3.3379421944391554	-1.1111404660392048
5.497787143782138	3.3379421944391554	-0.9382536653846922
5.6941366846315	3.3379421944391554	-0.7506605550357305
5.890486225480862	3.3379421944391554	-0.5555702330196028
6.086835766330224	3.3379421944391554	-0.3604799110034744
6.283185307179586	3.3379421944391554	-0.17288680065451267

0.0	3.5342917352885173	-0.3244233488214575
0.19634954084936207	3.5342917352885173	-0.15153654816694495
0.39269908169872414	3.5342917352885173	4.440892098500626E-16
0.5890486225480862	3.5342917352885173	0.12436283111599755
0.7853981633974483	3.5342917352885173	0.21677275132473905
0.9817477042468103	3.5342917352885173	0.27367849921668275
1.1780972450961724	3.5342917352885173	0.2928932188134521
1.3744467859455345	3.5342917352885173	0.2736784992166824
1.5707963267948966	3.5342917352885173	0.2167727513247386
1.7671458676442586	3.5342917352885173	0.12436283111599689
1.9634954084936207	3.5342917352885173	-7.771561172376096E-16
2.1598449493429825	3.5342917352885173	-0.15153654816694595
2.356194490192345	3.5342917352885173	-0.3244233488214587
2.552544031041707	3.5342917352885173	-0.5120164591704204
2.748893571891069	3.5342917352885173	-0.7071067811865485
2.945243112740431	3.5342917352885173	-0.9021971032026765
3.141592653589793	3.5342917352885173	-1.0897902135516382
3.3379421944391554	3.5342917352885173	-1.2626770142061507
3.5342917352885173	3.5342917352885173	-1.4142135623730958
3.730641276137879	3.5342917352885173	-1.5385763934890933
3.9269908169872414	3.5342917352885173	-1.6309863136978349
4.123340357836604	3.5342917352885173	-1.6878920615897783
4.319689898685965	3.5342917352885173	-1.707106781186548
4.516039439535327	3.5342917352885173	-1.6878920615897783
4.71238898038469	3.5342917352885173	-1.6309863136978344
4.908738521234052	3.5342917352885173	-1.5385763934890928
5.105088062083414	3.5342917352885173	-1.414213562373095
5.301437602932776	3.5342917352885173	-1.26267701420615
5.497787143782138	3.5342917352885173	-1.0897902135516373
5.6941366846315	3.5342917352885173	-0.9021971032026755
5.890486225480862	3.5342917352885173	-0.7071067811865479
6.086835766330224	3.5342917352885173	-0.5120164591704195
6.283185307179586	3.5342917352885173	-0.32442334882145774

0.0	3.730641276137879	-0.44878617993745507
0.19634954084936207	3.730641276137879	-0.2758993792829425
0.39269908169872414	3.730641276137879	-0.12436283111599711
0.5890486225480862	3.730641276137879	0.0
0.7853981633974483	3.730641276137879	0.0924099202087415
0.9817477042468103	3.730641276137879	0.1493156681006852
1.1780972450961724	3.730641276137879	0.16853038769745454
1.3744467859455345	3.730641276137879	0.14931566810068486
1.5707963267948966	3.730641276137879	0.09240992020874106
1.7671458676442586	3.730641276137879	-6.661338147750939E-16
1.9634954084936207	3.730641276137879	-0.12436283111599833
2.1598449493429825	3.730641276137879	-0.2758993792829435
2.356194490192345	3.730641276137879	-0.44878617993745623
2.552544031041707	3.730641276137879	-0.6363792902864179
2.748893571891069	3.730641276137879	-0.831469612302546
2.945243112740431	3.730641276137879	-1.026559934318674
3.141592653589793	3.730641276137879	-1.2141530446676359
3.3379421944391554	3.730641276137879	-1.3870398453221484
3.5342917352885173	3.730641276137879	-1.5385763934890933
3.730641276137879	3.730641276137879	-1.662939224605091
3.9269908169872414	3.730641276137879	-1.7553491448138323
4.123340357836604	3.730641276137879	-1.812254892705776
4.319689898685965	3.730641276137879	-1.8314696123025453
4.516039439535327	3.730641276137879	-1.8122548927057758
4.71238898038469	3.730641276137879	-1.7553491448138319
4.908738521234052	3.730641276137879	-1.6629392246050902
5.105088062083414	3.730641276137879	-1.5385763934890924
5.301437602932776	3.730641276137879	-1.3870398453221475
5.497787143782138	3.730641276137879	-1.2141530446676347
5.6941366846315	3.730641276137879	-1.026559934318673
5.890486225480862	3.730641276137879	-0.8314696123025455
6.086835766330224	3.730641276137879	-0.6363792902864169
6.283185307179586	3.730641276137879	-0.4487861799374553

0.0	3.9269908169872414	-0.5411961001461966
0.19634954084936207	3.9269908169872414	-0.368309299491684
0.39269908169872414	3.9269908169872414	-0.2167727513247386
0.5890486225480862	3.9269908169872414	-0.0924099202087415
0.7853981633974483	3.9269908169872414	0.0
0.9817477042468103	3.9269908169872414	0.05690574789194369
1.1780972450961724	3.9269908169872414	0.07612046748871304
1.3744467859455345	3.9269908169872414	0.05690574789194336
1.5707963267948966	3.9269908169872414	-4.440892098500626E-16
1.7671458676442586	3.9269908169872414	-0.09240992020874217
1.9634954084936207	3.9269908169872414	-0.21677275132473983
2.1598449493429825	3.9269908169872414	-0.368309299491685
2.356194490192345	3.9269908169872414	-0.5411961001461978
2.552544031041707	3.9269908169872414	-0.7287892104951594
2.748893571891069	3.9269908169872414	-0.9238795325112875
2.945243112740431	3.9269908169872414	-1.1189698545274156
3.141592653589793	3.9269908169872414	-1.3065629648763772
3.3379421944391554	3.9269908169872414	-1.4794497655308898
3.5342917352885173	3.9269908169872414	-1.6309863136978349
3.730641276137879	3.9269908169872414	-1.7553491448138323
3.9269908169872414	3.9269908169872414	-1.847759065022574
4.123340357836604	3.9269908169872414	-1.9046648129145174
4.319689898685965	3.9269908169872414	-1.923879532511287
4.516039439535327	3.9269908169872414	-1.9046648129145174
4.71238898038469	3.9269908169872414	-1.8477590650225735
4.908738521234052	3.9269908169872414	-1.7553491448138319
5.105088062083414	3.9269908169872414	-1.630986313697834
5.301437602932776	3.9269908169872414	-1.4794497655308891
5.497787143782138	3.9269908169872414	-1.3065629648763764
5.6941366846315	3.9269908169872414	-1.1189698545274145
5.890486225480862	3.9269908169872414	-0.923879532511287
6.086835766330224	3.9269908169872414	-0.7287892104951585
6.283185307179586	3.9269908169872414	-0.5411961001461968

0.0	4.123340357836604	-0.5981018480381401
0.19634954084936207	4.123340357836604	-0.4252150473836276
0.39269908169872414	4.123340357836604	-0.2736784992166822
0.5890486225480862	4.123340357836604	-0.14931566810068508
0.7853981633974483	4.123340357836604	-0.05690574789194358
0.9817477042468103	4.123340357836604	1.1102230246251565E-16
1.1780972450961724	4.123340357836604	0.01921471959676946
1.3744467859455345	4.123340357836604	-2.220446049250313E-16
1.5707963267948966	4.123340357836604	-0.056905747891944025
1.7671458676442586	4.123340357836604	-0.14931566810068575
1.9634954084936207	4.123340357836604	-0.2736784992166834
2.1598449493429825	4.123340357836604	-0.4252150473836286
2.356194490192345	4.123340357836604	-0.5981018480381413
2.552544031041707	4.123340357836604	-0.785694958387103
2.748893571891069	4.123340357836604	-0.9807852804032311
2.945243112740431	4.123340357836604	-1.175875602419359
3.141592653589793	4.123340357836604	-1.363468712768321
3.3379421944391554	4.123340357836604	-1.5363555134228335
3.5342917352885173	4.123340357836604	-1.6878920615897783
3.730641276137879	4.123340357836604	-1.812254892705776
3.9269908169872414	4.123340357836604	-1.9046648129145174
4.123340357836604	4.123340357836604	-1.961570560806461
4.319689898685965	4.123340357836604	-1.9807852804032304
4.516039439535327	4.123340357836604	-1.9615705608064609
4.71238898038469	4.123340357836604	-1.904664812914517
4.908738521234052	4.123340357836604	-1.8122548927057753
5.105088062083414	4.123340357836604	-1.6878920615897774
5.301437602932776	4.123340357836604	-1.5363555134228326
5.497787143782138	4.123340357836604	-1.3634687127683198
5.6941366846315	4.123340357836604	-1.1758756024193582
5.890486225480862	4.123340357836604	-0.9807852804032305
6.086835766330224	4.123340357836604	-0.785694958387102
6.283185307179586	4.123340357836604	-0.5981018480381404

0.0	4.319689898685965	-0.6173165676349096
0.19634954084936207	4.319689898685965	-0.44442976698039705
0.39269908169872414	4.319689898685965	-0.29289321881345165
0.5890486225480862	4.319689898685965	-0.16853038769745454
0.7853981633974483	4.319689898685965	-0.07612046748871304
0.9817477042468103	4.319689898685965	-0.019214719596769347
1.1780972450961724	4.319689898685965	0.0
1.3744467859455345	4.319689898685965	-0.01921471959676968
1.5707963267948966	4.319689898685965	-0.07612046748871348
1.7671458676442586	4.319689898685965	-0.1685303876974552
1.9634954084936207	4.319689898685965	-0.29289321881345287
2.1598449493429825	4.319689898685965	-0.44442976698039804
2.356194490192345	4.319689898685965	-0.6173165676349108
2.552544031041707	4.319689898685965	-0.8049096779838725
2.748893571891069	4.319689898685965	-1.0000000000000007
2.945243112740431	4.319689898685965	-1.1950903220161286
3.141592653589793	4.319689898685965	-1.3826834323650903
3.3379421944391554	4.319689898685965	-1.5555702330196028
3.5342917352885173	4.319689898685965	-1.707106781186548
3.730641276137879	4.319689898685965	-1.8314696123025453
3.9269908169872414	4.319689898685965	-1.923879532511287
4.123340357836604	4.319689898685965	-1.9807852804032304
4.319689898685965	4.319689898685965	-2.0
4.516039439535327	4.319689898685965	-1.9807852804032304
4.71238898038469	4.319689898685965	-1.9238795325112865
4.908738521234052	4.319689898685965	-1.831469612302545
5.105088062083414	4.319689898685965	-1.707106781186547
5.301437602932776	4.319689898685965	-1.5555702330196022
5.497787143782138	4.319689898685965	-1.3826834323650894
5.6941366846315	4.319689898685965	-1.1950903220161275
5.890486225480862	4.319689898685965	-1.0
6.086835766330224	4.319689898685965	-0.8049096779838716
6.283185307179586	4.319689898685965	-0.6173165676349098

0.0	4.516039439535327	-0.59810184803814
0.19634954084936207	4.516039439535327	-0.4252150473836275
0.39269908169872414	4.516039439535327	-0.2736784992166821
0.5890486225480862	4.516039439535327	-0.14931566810068497
0.7853981633974483	4.516039439535327	-0.05690574789194347
0.9817477042468103	4.516039439535327	2.220446049250313E-16
1.1780972450961724	4.516039439535327	0.01921471959676957
1.3744467859455345	4.516039439535327	-1.1102230246251565E-16
1.5707963267948966	4.516039439535327	-0.056905747891943914
1.7671458676442586	4.516039439535327	-0.14931566810068564
1.9634954084936207	4.516039439535327	-0.2736784992166833
2.1598449493429825	4.516039439535327	-0.4252150473836285
2.356194490192345	4.516039439535327	-0.5981018480381413
2.552544031041707	4.516039439535327	-0.7856949583871029
2.748893571891069	4.516039439535327	-0.980785280403231
2.945243112740431	4.516039439535327	-1.175875602419359
3.141592653589793	4.516039439535327	-1.3634687127683207
3.3379421944391554	4.516039439535327	-1.5363555134228333
3.5342917352885173	4.516039439535327	-1.6878920615897783
3.730641276137879	4.516039439535327	-1.8122548927057758
3.9269908169872414	4.516039439535327	-1.9046648129145174
4.123340357836604	4.516039439535327	-1.9615705608064609
4.319689898685965	4.516039439535327	-1.9807852804032304
4.516039439535327	4.516039439535327	-1.9615705608064609
4.71238898038469	4.516039439535327	-1.904664812914517
4.908738521234052	4.516039439535327	-1.8122548927057753
5.105088062083414	4.516039439535327	-1.6878920615897774
5.301437602932776	4.516039439535327	-1.5363555134228326
5.497787143782138	4.516039439535327	-1.3634687127683198
5.6941366846315	4.516039439535327	-1.175875602419358
5.890486225480862	4.516039439535327	-0.9807852804032304
6.086835766330224	4.516039439535327	-0.785694958387102
6.283185307179586	4.516039439535327	-0.5981018480381403

0.0	4.71238898038469	-0.5411961001461961
0.19634954084936207	4.71238898038469	-0.36830929949168356
0.39269908169872414	4.71238898038469	-0.21677275132473817
0.5890486225480862	4.71238898038469	-0.09240992020874106
0.7853981633974483	4.71238898038469	4.440892098500626E-16
0.9817477042468103	4.71238898038469	0.056905747891944136
1.1780972450961724	4.71238898038469	0.07612046748871348
1.3744467859455345	4.71238898038469	0.0569057478919438
1.5707963267948966	4.71238898038469	0.0
1.7671458676442586	4.71238898038469	-0.09240992020874172
1.9634954084936207	4.71238898038469	-0.2167727513247394
2.1598449493429825	4.71238898038469	-0.36830929949168456
2.356194490192345	4.71238898038469	-0.5411961001461973
2.552544031041707	4.71238898038469	-0.728789210495159
2.748893571891069	4.71238898038469	-0.9238795325112871
2.945243112740431	4.71238898038469	-1.1189698545274152
3.141592653589793	4.71238898038469	-1.3065629648763768
3.3379421944391554	4.71238898038469	-1.4794497655308894
3.5342917352885173	4.71238898038469	-1.6309863136978344
3.730641276137879	4.71238898038469	-1.7553491448138319
3.9269908169872414	4.71238898038469	-1.8477590650225735
4.123340357836604	4.71238898038469	-1.904664812914517
4.319689898685965	4.71238898038469	-1.9238795325112865
4.516039439535327	4.71238898038469	-1.904664812914517
4.71238898038469	4.71238898038469	-1.847759065022573
4.908738521234052	4.71238898038469	-1.7553491448138314
5.105088062083414	4.71238898038469	-1.6309863136978335
5.301437602932776	4.71238898038469	-1.4794497655308887
5.497787143782138	4.71238898038469	-1.306562964876376
5.6941366846315	4.71238898038469	-1.118969854527414
5.890486225480862	4.71238898038469	-0.9238795325112865
6.086835766330224	4.71238898038469	-0.7287892104951581
6.283185307179586	4.71238898038469	-0.5411961001461963

0.0	4.908738521234052	-0.4487861799374544
0.19634954084936207	4.908738521234052	-0.27589937928294184
0.39269908169872414	4.908738521234052	-0.12436283111599644
0.5890486225480862	4.908738521234052	6.661338147750939E-16
0.7853981633974483	4.908738521234052	0.09240992020874217
0.9817477042468103	4.908738521234052	0.14931566810068586
1.1780972450961724	4.908738521234052	0.1685303876974552
1.3744467859455345	4.908738521234052	0.14931566810068553
1.5707963267948966	4.908738521234052	0.09240992020874172
1.7671458676442586	4.908738521234052	0.0
1.9634954084936207	4.908738521234052	-0.12436283111599766
2.1598449493429825	4.908738521234052	-0.27589937928294284
2.356194490192345	4.908738521234052	-0.44878617993745556
2.552544031041707	4.908738521234052	-0.6363792902864173
2.748893571891069	4.908738521234052	-0.8314696123025453
2.945243112740431	4.908738521234052	-1.0265599343186733
3.141592653589793	4.908738521234052	-1.214153044667635
3.3379421944391554	4.908738521234052	-1.3870398453221475
3.5342917352885173	4.908738521234052	-1.5385763934890928
3.730641276137879	4.908738521234052	-1.6629392246050902
3.9269908169872414	4.908738521234052	-1.7553491448138319
4.123340357836604	4.908738521234052	-1.8122548927057753
4.319689898685965	4.908738521234052	-1.831469612302545
4.516039439535327	4.908738521234052	-1.8122548927057753
4.71238898038469	4.908738521234052	-1.7553491448138314
4.908738521234052	4.908738521234052	-1.6629392246050896
5.105088062083414	4.908738521234052	-1.5385763934890917
5.301437602932776	4.908738521234052	-1.3870398453221469
5.497787143782138	4.908738521234052	-1.214153044667634
5.6941366846315	4.908738521234052	-1.0265599343186724
5.890486225480862	4.908738521234052	-0.8314696123025448
6.086835766330224	4.908738521234052	-0.6363792902864163
6.283185307179586	4.908738521234052	-0.4487861799374546

0.0	5.105088062083414	-0.3244233488214565
0.19634954084936207	5.105088062083414	-0.15153654816694395
0.39269908169872414	5.105088062083414	1.4432899320127035E-15
0.5890486225480862	5.105088062083414	0.12436283111599855
0.7853981633974483	5.105088062083414	0.21677275132474005
0.9817477042468103	5.105088062083414	0.27367849921668375
1.1780972450961724	5.105088062083414	0.2928932188134531
1.3744467859455345	5.105088062083414	0.2736784992166834
1.5707963267948966	5.105088062083414	0.2167727513247396
1.7671458676442586	5.105088062083414	0.12436283111599788
1.9634954084936207	5.105088062083414	2.220446049250313E-16
2.1598449493429825	5.105088062083414	-0.15153654816694495
2.356194490192345	5.105088062083414	-0.3244233488214577
2.552544031041707	5.105088062083414	-0.5120164591704194
2.748893571891069	5.105088062083414	-0.7071067811865475
2.945243112740431	5.105088062083414	-0.9021971032026755
3.141592653589793	5.105088062083414	-1.089790213551637
3.3379421944391554	5.105088062083414	-1.2626770142061496
3.5342917352885173	5.105088062083414	-1.414213562373095
3.730641276137879	5.105088062083414	-1.5385763934890924
3.9269908169872414	5.105088062083414	-1.630986313697834
4.123340357836604	5.105088062083414	-1.6878920615897774
4.319689898685965	5.105088062083414	-1.707106781186547
4.516039439535327	5.105088062083414	-1.6878920615897774
4.71238898038469	5.105088062083414	-1.6309863136978335
4.908738521234052	5.105088062083414	-1.5385763934890917
5.105088062083414	5.105088062083414	-1.4142135623730938
5.301437602932776	5.105088062083414	-1.262677014206149
5.497787143782138	5.105088062083414	-1.0897902135516362
5.6941366846315	5.105088062083414	-0.9021971032026745
5.890486225480862	5.105088062083414	-0.7071067811865469
6.086835766330224	5.105088062083414	-0.5120164591704184
6.283185307179586	5.105088062083414	-0.32442334882145674

0.0	5.301437602932776	-0.17288680065451167
0.19634954084936207	5.301437602932776	8.881784197001252E-16
0.39269908169872414	5.301437602932776	0.15153654816694628
0.5890486225480862	5.301437602932776	0.2758993792829434
0.7853981633974483	5.301437602932776	0.3683092994916849
0.9817477042468103	5.301437602932776	0.4252150473836286
1.1780972450961724	5.301437602932776	0.44442976698039793
1.3744467859455345	5.301437602932776	0.42521504738362825
1.5707963267948966	5.301437602932776	0.36830929949168445
1.7671458676442586	5.301437602932776	0.2758993792829427
1.9634954084936207	5.301437602932776	0.15153654816694506
2.1598449493429825	5.301437602932776	-1.1102230246251565E-16
2.356194490192345	5.301437602932776	-0.17288680065451284
2.552544031041707	5.301437602932776	-0.36047991100347454
2.748893571891069	5.301437602932776	-0.5555702330196026
2.945243112740431	5.301437602932776	-0.7506605550357307
3.141592653589793	5.301437602932776	-0.9382536653846923
3.3379421944391554	5.301437602932776	-1.1111404660392048
3.5342917352885173	5.301437602932776	-1.26267701420615
3.730641276137879	5.301437602932776	-1.3870398453221475
3.9269908169872414	5.301437602932776	-1.4794497655308891
4.123340357836604	5.301437602932776	-1.5363555134228326
4.319689898685965	5.301437602932776	-1.5555702330196022
4.516039439535327	5.301437602932776	-1.5363555134228326
4.71238898038469	5.301437602932776	-1.4794497655308887
4.908738521234052	5.301437602932776	-1.3870398453221469
5.105088062083414	5.301437602932776	-1.262677014206149
5.301437602932776	5.301437602932776	-1.1111404660392041
5.497787143782138	5.301437602932776	-0.9382536653846913
5.6941366846315	5.301437602932776	-0.7506605550357297
5.890486225480862	5.301437602932776	-0.5555702330196021
6.086835766330224	5.301437602932776	-0.3604799110034736
6.283185307179586	5.301437602932776	-0.1728868006545119

0.0	5.497787143782138	1.0547118733938987E-15
0.19634954084936207	5.497787143782138	0.17288680065451362
0.39269908169872414	5.497787143782138	0.324423348821459
0.5890486225480862	5.497787143782138	0.4487861799374561
0.7853981633974483	5.497787143782138	0.5411961001461976
0.9817477042468103	5.497787143782138	0.5981018480381413
1.1780972450961724	5.497787143782138	0.6173165676349106
1.3744467859455345	5.497787143782138	0.598101848038141
1.5707963267948966	5.497787143782138	0.5411961001461971
1.7671458676442586	5.497787143782138	0.44878617993745545
1.9634954084936207	5.497787143782138	0.3244233488214578
2.1598449493429825	5.497787143782138	0.17288680065451262
2.356194490192345	5.497787143782138	-1.1102230246251565E-16
2.552544031041707	5.497787143782138	-0.18759311034896184
2.748893571891069	5.497787143782138	-0.3826834323650899
2.945243112740431	5.497787143782138	-0.5777737543812179
3.141592653589793	5.497787143782138	-0.7653668647301797
3.3379421944391554	5.497787143782138	-0.9382536653846922
3.5342917352885173	5.497787143782138	-1.0897902135516373
3.730641276137879	5.497787143782138	-1.2141530446676347
3.9269908169872414	5.497787143782138	-1.3065629648763764
4.123340357836604	5.497787143782138	-1.3634687127683198
4.319689898685965	5.497787143782138	-1.3826834323650894
4.516039439535327	5.497787143782138	-1.3634687127683198
4.71238898038469	5.497787143782138	-1.306562964876376
4.908738521234052	5.497787143782138	-1.214153044667634
5.105088062083414	5.497787143782138	-1.0897902135516362
5.301437602932776	5.497787143782138	-0.9382536653846913
5.497787143782138	5.497787143782138	-0.7653668647301787
5.6941366846315	5.497787143782138	-0.5777737543812169
5.890486225480862	5.497787143782138	-0.38268343236508934
6.086835766330224	5.497787143782138	-0.18759311034896087
6.283185307179586	5.497787143782138	8.326672684688674E-16

0.0	5.6941366846315	0.18759311034896278
0.19634954084936207	5.6941366846315	0.3604799110034753
0.39269908169872414	5.6941366846315	0.5120164591704207
0.5890486225480862	5.6941366846315	0.6363792902864178
0.7853981633974483	5.6941366846315	0.7287892104951593
0.9817477042468103	5.6941366846315	0.785694958387103
1.1780972450961724	5.6941366846315	0.8049096779838724
1.3744467859455345	5.6941366846315	0.7856949583871027
1.5707963267948966	5.6941366846315	0.7287892104951589
1.7671458676442586	5.6941366846315	0.6363792902864172
1.9634954084936207	5.6941366846315	0.5120164591704195
2.1598449493429825	5.6941366846315	0.3604799110034743
2.356194490192345	5.6941366846315	0.18759311034896162
2.552544031041707	5.6941366846315	-1.1102230246251565E-16
2.748893571891069	5.6941366846315	-0.19509032201612816
2.945243112740431	5.6941366846315	-0.3901806440322562
3.141592653589793	5.6941366846315	-0.5777737543812179
3.3379421944391554	5.6941366846315	-0.7506605550357305
3.5342917352885173	5.6941366846315	-0.9021971032026755
3.730641276137879	5.6941366846315	-1.026559934318673
3.9269908169872414	5.6941366846315	-1.1189698545274145
4.123340357836604	5.6941366846315	-1.1758756024193582
4.319689898685965	5.6941366846315	-1.1950903220161275
4.516039439535327	5.6941366846315	-1.175875602419358
4.71238898038469	5.6941366846315	-1.118969854527414
4.908738521234052	5.6941366846315	-1.0265599343186724
5.105088062083414	5.6941366846315	-0.9021971032026745
5.301437602932776	5.6941366846315	-0.7506605550357297
5.497787143782138	5.6941366846315	-0.5777737543812169
5.6941366846315	5.6941366846315	-0.3901806440322552
5.890486225480862	5.6941366846315	-0.1950903220161276
6.086835766330224	5.6941366846315	8.604228440844963E-16
6.283185307179586	5.6941366846315	0.18759311034896256

0.0	5.890486225480862	0.3826834323650904
0.19634954084936207	5.890486225480862	0.555570233019603
0.39269908169872414	5.890486225480862	0.7071067811865483
0.5890486225480862	5.890486225480862	0.8314696123025455
0.7853981633974483	5.890486225480862	0.923879532511287
0.9817477042468103	5.890486225480862	0.9807852804032307
1.1780972450961724	5.890486225480862	1.0
1.3744467859455345	5.890486225480862	0.9807852804032303
1.5707963267948966	5.890486225480862	0.9238795325112865
1.7671458676442586	5.890486225480862	0.8314696123025448
1.9634954084936207	5.890486225480862	0.7071067811865471
2.1598449493429825	5.890486225480862	0.555570233019602
2.356194490192345	5.890486225480862	0.3826834323650892
2.552544031041707	5.890486225480862	0.1950903220161275
2.748893571891069	5.890486225480862	-5.66553889764798E-16
2.945243112740431	5.890486225480862	-0.1950903220161286
3.141592653589793	5.890486225480862	-0.3826834323650903
3.3379421944391554	5.890486225480862	-0.5555702330196028
3.5342917352885173	5.890486225480862	-0.7071067811865479
3.730641276137879	5.890486225480862	-0.8314696123025455
3.9269908169872414	5.890486225480862	-0.923879532511287
4.123340357836604	5.890486225480862	-0.9807852804032305
4.319689898685965	5.890486225480862	-1.0
4.516039439535327	5.890486225480862	-0.9807852804032304
4.71238898038469	5.890486225480862	-0.9238795325112865
4.908738521234052	5.890486225480862	-0.8314696123025448
5.105088062083414	5.890486225480862	-0.7071067811865469
5.301437602932776	5.890486225480862	-0.5555702330196021
5.497787143782138	5.890486225480862	-0.38268343236508934
5.6941366846315	5.890486225480862	-0.1950903220161276
5.890486225480862	5.890486225480862	0.0
6.086835766330224	5.890486225480862	0.19509032201612847
6.283185307179586	5.890486225480862	0.38268343236509017

0.0	6.086835766330224	0.5777737543812189
0.19634954084936207	6.086835766330224	0.7506605550357315
0.39269908169872414	6.086835766330224	0.9021971032026768
0.5890486225480862	6.086835766330224	1.026559934318674
0.7853981633974483	6.086835766330224	1.1189698545274154
0.9817477042468103	6.086835766330224	1.175875602419359
1.1780972450961724	6.086835766330224	1.1950903220161284
1.3744467859455345	6.086835766330224	1.1758756024193588
1.5707963267948966	6.086835766330224	1.118969854527415
1.7671458676442586	6.086835766330224	1.0265599343186733
1.9634954084936207	6.086835766330224	0.9021971032026757
2.1598449493429825	6.086835766330224	0.7506605550357304
2.356194490192345	6.086835766330224	0.5777737543812177
2.552544031041707	6.086835766330224	0.39018064403225594
2.748893571891069	6.086835766330224	0.19509032201612792
2.945243112740431	6.086835766330224	-1.3877787807814457E-16
3.141592653589793	6.086835766330224	-0.1875931103489618
3.3379421944391554	6.086835766330224	-0.3604799110034744
3.5342917352885173	6.086835766330224	-0.5120164591704195
3.730641276137879	6.086835766330224	-0.6363792902864169
3.9269908169872414	6.086835766330224	-0.7287892104951585
4.123340357836604	6.086835766330224	-0.785694958387102
4.319689898685965	6.086835766330224	-0.8049096779838716
4.516039439535327	6.086835766330224	-0.785694958387102
4.71238898038469	6.086835766330224	-0.7287892104951581
4.908738521234052	6.086835766330224	-0.6363792902864163
5.105088062083414	6.086835766330224	-0.5120164591704184
5.301437602932776	6.086835766330224	-0.3604799110034736
5.497787143782138	6.086835766330224	-0.18759311034896087
5.6941366846315	6.086835766330224	8.604228440844963E-16
5.890486225480862	6.086835766330224	0.19509032201612847
6.086835766330224	6.086835766330224	0.39018064403225694
6.283185307179586	6.086835766330224	0.5777737543812187

0.0	6.283185307179586	0.7653668647301806
0.19634954084936207	6.283185307179586	0.9382536653846931
0.39269908169872414	6.283185307179586	1.0897902135516384
0.5890486225480862	6.283185307179586	1.2141530446676356
0.7853981633974483	6.283185307179586	1.306562964876377
0.9817477042468103	6.283185307179586	1.363468712768321
1.1780972450961724	6.283185307179586	1.38268343236509
1.3744467859455345	6.283185307179586	1.3634687127683205
1.5707963267948966	6.283185307179586	1.3065629648763766
1.7671458676442586	6.283185307179586	1.214153044667635
1.9634954084936207	6.283185307179586	1.0897902135516373
2.1598449493429825	6.283185307179586	0.9382536653846921
2.356194490192345	6.283185307179586	0.7653668647301795
2.552544031041707	6.283185307179586	0.5777737543812177
2.748893571891069	6.283185307179586	0.3826834323650896
2.945243112740431	6.283185307179586	0.18759311034896156
3.141592653589793	6.283185307179586	-1.1102230246251565E-16
3.3379421944391554	6.283185307179586	-0.17288680065451267
3.5342917352885173	6.283185307179586	-0.32442334882145774
3.730641276137879	6.283185307179586	-0.4487861799374553
3.9269908169872414	6.283185307179586	-0.5411961001461968
4.123340357836604	6.283185307179586	-0.5981018480381404
4.319689898685965	6.283185307179586	-0.6173165676349098
4.516039439535327	6.283185307179586	-0.5981018480381403
4.71238898038469	6.283185307179586	-0.5411961001461963
4.908738521234052	6.283185307179586	-0.4487861799374546
5.105088062083414	6.283185307179586	-0.32442334882145674
5.301437602932776	6.283185307179586	-0.1728868006545119
5.497787143782138	6.283185307179586	8.326672684688674E-16
5.6941366846315	6.283185307179586	0.18759311034896256
5.890486225480862	6.283185307179586	0.38268343236509017
6.086835766330224	6.283185307179586	0.5777737543812187
6.283185307179586	6.283185307179586	0.7653668647301803

