0.0	0.0	0.7653668647301793
0.19634954084936207	0.0	0.577773754381218
0.39269908169872414	0.0	0.38268343236508956
0.5890486225480862	0.0	0.18759311034896106
0.7853981633974483	0.0	-2.220446049250313E-16
0.9817477042468103	0.0	-0.1728868006545125
1.1780972450961724	0.0	-0.3244233488214579
1.3744467859455345	0.0	-0.4487861799374558
1.5707963267948966	0.0	-0.5411961001461971
1.7671458676442586	0.0	-0.5981018480381408
1.9634954084936207	0.0	-0.6173165676349104
2.1598449493429825	0.0	-0.5981018480381408
2.356194490192345	0.0	-0.5411961001461971
2.552544031041707	0.0	-0.44878617993745545
2.748893571891069	0.0	-0.3244233488214578
2.945243112740431	0.0	-0.17288680065451273
3.141592653589793	0.0	-1.1102230246251565E-16
3.3379421944391554	0.0	0.18759311034896162
3.5342917352885173	0.0	0.38268343236508967
3.730641276137879	0.0	0.5777737543812177
3.9269908169872414	0.0	0.7653668647301795
4.123340357836604	0.0	0.938253665384692
4.319689898685965	0.0	1.0897902135516369
4.516039439535327	0.0	1.2141530446676347
4.71238898038469	0.0	1.3065629648763764
4.908738521234052	0.0	1.36346871276832
5.105088062083414	0.0	1.3826834323650896
5.301437602932776	0.0	1.3634687127683203
5.497787143782138	0.0	1.3065629648763764
5.6941366846315	0.0	1.2141530446676347
5.890486225480862	0.0	1.0897902135516375
6.086835766330224	0.0	0.9382536653846922
6.283185307179586	0.0	0.7653668647301796

0.0	0.19634954084936207	0.577773754381218
0.19634954084936207	0.19634954084936207	0.3901806440322567
0.39269908169872414	0.19634954084936207	0.19509032201612825
0.5890486225480862	0.19634954084936207	-2.498001805406602E-16
0.7853981633974483	0.19634954084936207	-0.18759311034896153
0.9817477042468103	0.19634954084936207	-0.3604799110034738
1.1780972450961724	0.19634954084936207	-0.5120164591704193
1.3744467859455345	0.19634954084936207	-0.6363792902864172
1.5707963267948966	0.19634954084936207	-0.7287892104951583
1.7671458676442586	0.19634954084936207	-0.785694958387102
1.9634954084936207	0.19634954084936207	-0.8049096779838716
2.1598449493429825	0.19634954084936207	-0.785694958387102
2.356194490192345	0.19634954084936207	-0.7287892104951583
2.552544031041707	0.19634954084936207	-0.6363792902864167
2.748893571891069	0.19634954084936207	-0.512016459170419
2.945243112740431	0.19634954084936207	-0.36047991100347404
3.141592653589793	0.19634954084936207	-0.18759311034896142
3.3379421944391554	0.19634954084936207	3.0531133177191805E-16
3.5342917352885173	0.19634954084936207	0.19509032201612836
3.730641276137879	0.19634954084936207	0.3901806440322564
3.9269908169872414	0.19634954084936207	0.5777737543812181
4.123340357836604	0.19634954084936207	0.7506605550357308
4.319689898685965	0.19634954084936207	0.9021971032026757
4.516039439535327	0.19634954084936207	1.0265599343186735
4.71238898038469	0.19634954084936207	1.1189698545274152
4.908738521234052	0.19634954084936207	1.1758756024193588
5.105088062083414	0.19634954084936207	1.1950903220161284
5.301437602932776	0.19634954084936207	1.1758756024193588
5.497787143782138	0.19634954084936207	1.1189698545274152
5.6941366846315	0.19634954084936207	1.0265599343186735
5.890486225480862	0.19634954084936207	0.9021971032026763
6.086835766330224	0.19634954084936207	0.7506605550357308
6.283185307179586	0.19634954084936207	0.5777737543812183

0.0	0.39269908169872414	0.38268343236508956
0.19634954084936207	0.39269908169872414	0.19509032201612825
0.39269908169872414	0.39269908169872414	-2.4492935982947064E-16
0.5890486225480862	0.39269908169872414	-0.19509032201612872
0.7853981633974483	0.39269908169872414	-0.38268343236509
0.9817477042468103	0.39269908169872414	-0.5555702330196023
1.1780972450961724	0.39269908169872414	-0.7071067811865477
1.3744467859455345	0.39269908169872414	-0.8314696123025456
1.5707963267948966	0.39269908169872414	-0.9238795325112868
1.7671458676442586	0.39269908169872414	-0.9807852804032305
1.9634954084936207	0.39269908169872414	-1.0000000000000002
2.1598449493429825	0.39269908169872414	-0.9807852804032305
2.356194490192345	0.39269908169872414	-0.9238795325112868
2.552544031041707	0.39269908169872414	-0.8314696123025452
2.748893571891069	0.39269908169872414	-0.7071067811865476
2.945243112740431	0.39269908169872414	-0.5555702330196025
3.141592653589793	0.39269908169872414	-0.3826834323650899
3.3379421944391554	0.39269908169872414	-0.19509032201612816
3.5342917352885173	0.39269908169872414	-1.2246467991473532E-16
3.730641276137879	0.39269908169872414	0.19509032201612794
3.9269908169872414	0.39269908169872414	0.38268343236508967
4.123340357836604	0.39269908169872414	0.5555702330196023
4.319689898685965	0.39269908169872414	0.7071067811865471
4.516039439535327	0.39269908169872414	0.831469612302545
4.71238898038469	0.39269908169872414	0.9238795325112866
4.908738521234052	0.39269908169872414	0.9807852804032303
5.105088062083414	0.39269908169872414	0.9999999999999999
5.301437602932776	0.39269908169872414	0.9807852804032304
5.497787143782138	0.39269908169872414	0.9238795325112866
5.6941366846315	0.39269908169872414	0.831469612302545
5.890486225480862	0.39269908169872414	0.7071067811865478
6.086835766330224	0.39269908169872414	0.5555702330196024
6.283185307179586	0.39269908169872414	0.3826834323650898

0.0	0.5890486225480862	0.18759311034896106
0.19634954084936207	0.5890486225480862	-2.498001805406602E-16
0.39269908169872414	0.5890486225480862	-0.19509032201612872
0.5890486225480862	0.5890486225480862	-0.3901806440322572
0.7853981633974483	0.5890486225480862	-0.5777737543812185
0.9817477042468103	0.5890486225480862	-0.7506605550357308
1.1780972450961724	0.5890486225480862	-0.9021971032026762
1.3744467859455345	0.5890486225480862	-1.026559934318674
1.5707963267948966	0.5890486225480862	-1.1189698545274154
1.7671458676442586	0.5890486225480862	-1.175875602419359
1.9634954084936207	0.5890486225480862	-1.1950903220161286
2.1598449493429825	0.5890486225480862	-1.175875602419359
2.356194490192345	0.5890486225480862	-1.1189698545274154
2.552544031041707	0.5890486225480862	-1.0265599343186738
2.748893571891069	0.5890486225480862	-0.9021971032026761
2.945243112740431	0.5890486225480862	-0.750660555035731
3.141592653589793	0.5890486225480862	-0.5777737543812184
3.3379421944391554	0.5890486225480862	-0.39018064403225666
3.5342917352885173	0.5890486225480862	-0.1950903220161286
3.730641276137879	0.5890486225480862	-5.551115123125783E-16
3.9269908169872414	0.5890486225480862	0.18759311034896117
4.123340357836604	0.5890486225480862	0.36047991100347376
4.319689898685965	0.5890486225480862	0.5120164591704186
4.516039439535327	0.5890486225480862	0.6363792902864165
4.71238898038469	0.5890486225480862	0.7287892104951581
4.908738521234052	0.5890486225480862	0.7856949583871018
5.105088062083414	0.5890486225480862	0.8049096779838714
5.301437602932776	0.5890486225480862	0.7856949583871019
5.497787143782138	0.5890486225480862	0.7287892104951581
5.6941366846315	0.5890486225480862	0.6363792902864165
5.890486225480862	0.5890486225480862	0.5120164591704193
6.086835766330224	0.5890486225480862	0.3604799110034739
6.283185307179586	0.5890486225480862	0.18759311034896128

0.0	0.7853981633974483	-2.220446049250313E-16
0.19634954084936207	0.7853981633974483	-0.18759311034896153
0.39269908169872414	0.7853981633974483	-0.38268343236509
0.5890486225480862	0.7853981633974483	-0.5777737543812185
0.7853981633974483	0.7853981633974483	-0.7653668647301798
0.9817477042468103	0.7853981633974483	-0.938253665384692
1.1780972450961724	0.7853981633974483	-1.0897902135516375
1.3744467859455345	0.7853981633974483	-1.2141530446676354
1.5707963267948966	0.7853981633974483	-1.3065629648763766
1.7671458676442586	0.7853981633974483	-1.3634687127683203
1.9634954084936207	0.7853981633974483	-1.3826834323650898
2.1598449493429825	0.7853981633974483	-1.3634687127683203
2.356194490192345	0.7853981633974483	-1.3065629648763766
2.552544031041707	0.7853981633974483	-1.214153044667635
2.748893571891069	0.7853981633974483	-1.0897902135516373
2.945243112740431	0.7853981633974483	-0.9382536653846922
3.141592653589793	0.7853981633974483	-0.7653668647301797
3.3379421944391554	0.7853981633974483	-0.5777737543812179
3.5342917352885173	0.7853981633974483	-0.3826834323650899
3.730641276137879	0.7853981633974483	-0.18759311034896184
3.9269908169872414	0.7853981633974483	-1.1102230246251565E-16
4.123340357836604	0.7853981633974483	0.1728868006545125
4.319689898685965	0.7853981633974483	0.32442334882145735
4.516039439535327	0.7853981633974483	0.44878617993745523
4.71238898038469	0.7853981633974483	0.5411961001461969
4.908738521234052	0.7853981633974483	0.5981018480381406
5.105088062083414	0.7853981633974483	0.6173165676349102
5.301437602932776	0.7853981633974483	0.5981018480381406
5.497787143782138	0.7853981633974483	0.5411961001461969
5.6941366846315	0.7853981633974483	0.44878617993745523
5.890486225480862	0.7853981633974483	0.324423348821458
6.086835766330224	0.7853981633974483	0.17288680065451262
6.283185307179586	0.7853981633974483	0.0

0.0	0.9817477042468103	-0.1728868006545125
0.19634954084936207	0.9817477042468103	-0.3604799110034738
0.39269908169872414	0.9817477042468103	-0.5555702330196023
0.5890486225480862	0.9817477042468103	-0.7506605550357308
0.7853981633974483	0.9817477042468103	-0.938253665384692
0.9817477042468103	0.9817477042468103	-1.1111404660392044
1.1780972450961724	0.9817477042468103	-1.2626770142061496
1.3744467859455345	0.9817477042468103	-1.3870398453221475
1.5707963267948966	0.9817477042468103	-1.479449765530889
1.7671458676442586	0.9817477042468103	-1.5363555134228326
1.9634954084936207	0.9817477042468103	-1.5555702330196022
2.1598449493429825	0.9817477042468103	-1.5363555134228326
2.356194490192345	0.9817477042468103	-1.479449765530889
2.552544031041707	0.9817477042468103	-1.3870398453221473
2.748893571891069	0.9817477042468103	-1.2626770142061496
2.945243112740431	0.9817477042468103	-1.1111404660392046
3.141592653589793	0.9817477042468103	-0.938253665384692
3.3379421944391554	0.9817477042468103	-0.7506605550357303
3.5342917352885173	0.9817477042468103	-0.5555702330196022
3.730641276137879	0.9817477042468103	-0.3604799110034741
3.9269908169872414	0.9817477042468103	-0.1728868006545124
4.123340357836604	0.9817477042468103	2.220446049250313E-16
4.319689898685965	0.9817477042468103	0.15153654816694506
4.516039439535327	0.9817477042468103	0.27589937928294295
4.71238898038469	0.9817477042468103	0.36830929949168456
4.908738521234052	0.9817477042468103	0.42521504738362825
5.105088062083414	0.9817477042468103	0.4444297669803978
5.301437602932776	0.9817477042468103	0.42521504738362836
5.497787143782138	0.9817477042468103	0.36830929949168456
5.6941366846315	0.9817477042468103	0.27589937928294295
5.890486225480862	0.9817477042468103	0.15153654816694573
6.086835766330224	0.9817477042468103	3.3306690738754696E-16
6.283185307179586	0.9817477042468103	-0.17288680065451228

0.0	1.1780972450961724	-0.3244233488214579
0.19634954084936207	1.1780972450961724	-0.5120164591704193
0.39269908169872414	1.1780972450961724	-0.7071067811865477
0.5890486225480862	1.1780972450961724	-0.9021971032026762
0.7853981633974483	1.1780972450961724	-1.0897902135516375
0.9817477042468103	1.1780972450961724	-1.2626770142061496
1.1780972450961724	1.1780972450961724	-1.4142135623730951
1.3744467859455345	1.1780972450961724	-1.538576393489093
1.5707963267948966	1.1780972450961724	-1.6309863136978344
1.7671458676442586	1.1780972450961724	-1.687892061589778
1.9634954084936207	1.1780972450961724	-1.7071067811865475
2.1598449493429825	1.1780972450961724	-1.687892061589778
2.356194490192345	1.1780972450961724	-1.6309863136978344
2.552544031041707	1.1780972450961724	-1.5385763934890928
2.748893571891069	1.1780972450961724	-1.414213562373095
2.945243112740431	1.1780972450961724	-1.26267701420615
3.141592653589793	1.1780972450961724	-1.0897902135516373
3.3379421944391554	1.1780972450961724	-0.9021971032026757
3.5342917352885173	1.1780972450961724	-0.7071067811865476
3.730641276137879	1.1780972450961724	-0.5120164591704195
3.9269908169872414	1.1780972450961724	-0.3244233488214578
4.123340357836604	1.1780972450961724	-0.15153654816694517
4.319689898685965	1.1780972450961724	-3.3306690738754696E-16
4.516039439535327	1.1780972450961724	0.12436283111599755
4.71238898038469	1.1780972450961724	0.21677275132473917
4.908738521234052	1.1780972450961724	0.27367849921668286
5.105088062083414	1.1780972450961724	0.2928932188134524
5.301437602932776	1.1780972450961724	0.27367849921668297
5.497787143782138	1.1780972450961724	0.21677275132473917
5.6941366846315	1.1780972450961724	0.12436283111599755
5.890486225480862	1.1780972450961724	3.3306690738754696E-16
6.086835766330224	1.1780972450961724	-0.15153654816694506
6.283185307179586	1.1780972450961724	-0.3244233488214577

0.0	1.3744467859455345	-0.4487861799374558
0.19634954084936207	1.3744467859455345	-0.6363792902864172
0.39269908169872414	1.3744467859455345	-0.8314696123025456
0.5890486225480862	1.3744467859455345	-1.026559934318674
0.7853981633974483	1.3744467859455345	-1.2141530446676354
0.9817477042468103	1.3744467859455345	-1.3870398453221475
1.1780972450961724	1.3744467859455345	-1.538576393489093
1.3744467859455345	1.3744467859455345	-1.662939224605091
1.5707963267948966	1.3744467859455345	-1.7553491448138323
1.7671458676442586	1.3744467859455345	-1.8122548927057758
1.9634954084936207	1.3744467859455345	-1.8314696123025453
2.1598449493429825	1.3744467859455345	-1.8122548927057758
2.356194490192345	1.3744467859455345	-1.7553491448138323
2.552544031041707	1.3744467859455345	-1.6629392246050907
2.748893571891069	1.3744467859455345	-1.5385763934890928
2.945243112740431	1.3744467859455345	-1.387039845322148
3.141592653589793	1.3744467859455345	-1.2141530446676352
3.3379421944391554	1.3744467859455345	-1.0265599343186735
3.5342917352885173	1.3744467859455345	-0.8314696123025455
3.730641276137879	1.3744467859455345	-0.6363792902864174
3.9269908169872414	1.3744467859455345	-0.4487861799374557
4.123340357836604	1.3744467859455345	-0.27589937928294306
4.319689898685965	1.3744467859455345	-0.12436283111599822
4.516039439535327	1.3744467859455345	-3.3306690738754696E-16
4.71238898038469	1.3744467859455345	0.09240992020874128
4.908738521234052	1.3744467859455345	0.14931566810068497
5.105088062083414	1.3744467859455345	0.16853038769745454
5.301437602932776	1.3744467859455345	0.14931566810068508
5.497787143782138	1.3744467859455345	0.09240992020874128
5.6941366846315	1.3744467859455345	-3.3306690738754696E-16
5.890486225480862	1.3744467859455345	-0.12436283111599755
6.086835766330224	1.3744467859455345	-0.27589937928294295
6.283185307179586	1.3744467859455345	-0.44878617993745556

0.0	1.5707963267948966	-0.5411961001461971
0.19634954084936207	1.5707963267948966	-0.7287892104951583
0.39269908169872414	1.5707963267948966	-0.9238795325112868
0.5890486225480862	1.5707963267948966	-1.1189698545274154
0.7853981633974483	1.5707963267948966	-1.3065629648763766
0.9817477042468103	1.5707963267948966	-1.479449765530889
1.1780972450961724	1.5707963267948966	-1.6309863136978344
1.3744467859455345	1.5707963267948966	-1.7553491448138323
1.5707963267948966	1.5707963267948966	-1.8477590650225735
1.7671458676442586	1.5707963267948966	-1.9046648129145172
1.9634954084936207	1.5707963267948966	-1.9238795325112867
2.1598449493429825	1.5707963267948966	-1.9046648129145172
2.356194490192345	1.5707963267948966	-1.8477590650225735
2.552544031041707	1.5707963267948966	-1.7553491448138319
2.748893571891069	1.5707963267948966	-1.6309863136978342
2.945243112740431	1.5707963267948966	-1.4794497655308891
3.141592653589793	1.5707963267948966	-1.3065629648763766
3.3379421944391554	1.5707963267948966	-1.1189698545274147
3.5342917352885173	1.5707963267948966	-0.9238795325112867
3.730641276137879	1.5707963267948966	-0.7287892104951587
3.9269908169872414	1.5707963267948966	-0.5411961001461969
4.123340357836604	1.5707963267948966	-0.36830929949168434
4.319689898685965	1.5707963267948966	-0.2167727513247395
4.516039439535327	1.5707963267948966	-0.09240992020874161
4.71238898038469	1.5707963267948966	0.0
4.908738521234052	1.5707963267948966	0.05690574789194369
5.105088062083414	1.5707963267948966	0.07612046748871326
5.301437602932776	1.5707963267948966	0.0569057478919438
5.497787143782138	1.5707963267948966	0.0
5.6941366846315	1.5707963267948966	-0.09240992020874161
5.890486225480862	1.5707963267948966	-0.21677275132473883
6.086835766330224	1.5707963267948966	-0.36830929949168423
6.283185307179586	1.5707963267948966	-0.5411961001461969

0.0	1.7671458676442586	-0.5981018480381408
0.19634954084936207	1.7671458676442586	-0.785694958387102
0.39269908169872414	1.7671458676442586	-0.9807852804032305
0.5890486225480862	1.7671458676442586	-1.175875602419359
0.7853981633974483	1.7671458676442586	-1.3634687127683203
0.9817477042468103	1.7671458676442586	-1.5363555134228326
1.1780972450961724	1.7671458676442586	-1.687892061589778
1.3744467859455345	1.7671458676442586	-1.8122548927057758
1.5707963267948966	1.7671458676442586	-1.9046648129145172
1.7671458676442586	1.7671458676442586	-1.9615705608064609
1.9634954084936207	1.7671458676442586	-1.9807852804032304
2.1598449493429825	1.7671458676442586	-1.9615705608064609
2.356194490192345	1.7671458676442586	-1.9046648129145172
2.552544031041707	1.7671458676442586	-1.8122548927057756
2.748893571891069	1.7671458676442586	-1.687892061589778
2.945243112740431	1.7671458676442586	-1.5363555134228328
3.141592653589793	1.7671458676442586	-1.3634687127683203
3.3379421944391554	1.7671458676442586	-1.1758756024193584
3.5342917352885173	1.7671458676442586	-0.9807852804032304
3.730641276137879	1.7671458676442586	-0.7856949583871023
3.9269908169872414	1.7671458676442586	-0.5981018480381406
4.123340357836604	1.7671458676442586	-0.42521504738362803
4.319689898685965	1.7671458676442586	-0.2736784992166832
4.516039439535327	1.7671458676442586	-0.1493156681006853
4.71238898038469	1.7671458676442586	-0.05690574789194369
4.908738521234052	1.7671458676442586	0.0
5.105088062083414	1.7671458676442586	0.01921471959676957
5.301437602932776	1.7671458676442586	1.1102230246251565E-16
5.497787143782138	1.7671458676442586	-0.05690574789194369
5.6941366846315	1.7671458676442586	-0.1493156681006853
5.890486225480862	1.7671458676442586	-0.2736784992166825
6.086835766330224	1.7671458676442586	-0.4252150473836279
6.283185307179586	1.7671458676442586	-0.5981018480381406

0.0	1.9634954084936207	-0.6173165676349104
0.19634954084936207	1.9634954084936207	-0.8049096779838716
0.39269908169872414	1.9634954084936207	-1.0000000000000002
0.5890486225480862	1.9634954084936207	-1.1950903220161286
0.7853981633974483	1.9634954084936207	-1.3826834323650898
0.9817477042468103	1.9634954084936207	-1.5555702330196022
1.1780972450961724	1.9634954084936207	-1.7071067811865475
1.3744467859455345	1.9634954084936207	-1.8314696123025453
1.5707963267948966	1.9634954084936207	-1.9238795325112867
1.7671458676442586	1.9634954084936207	-1.9807852804032304
1.9634954084936207	1.9634954084936207	-2.0
2.1598449493429825	1.9634954084936207	-1.9807852804032304
2.356194490192345	1.9634954084936207	-1.9238795325112867
2.552544031041707	1.9634954084936207	-1.8314696123025451
2.748893571891069	1.9634954084936207	-1.7071067811865475
2.945243112740431	1.9634954084936207	-1.5555702330196024
3.141592653589793	1.9634954084936207	-1.3826834323650898
3.3379421944391554	1.9634954084936207	-1.195090322016128
3.5342917352885173	1.9634954084936207	-1.0
3.730641276137879	1.9634954084936207	-0.8049096779838719
3.9269908169872414	1.9634954084936207	-0.6173165676349102
4.123340357836604	1.9634954084936207	-0.4444297669803976
4.319689898685965	1.9634954084936207	-0.29289321881345276
4.516039439535327	1.9634954084936207	-0.16853038769745488
4.71238898038469	1.9634954084936207	-0.07612046748871326
4.908738521234052	1.9634954084936207	-0.01921471959676957
5.105088062083414	1.9634954084936207	0.0
5.301437602932776	1.9634954084936207	-0.01921471959676946
5.497787143782138	1.9634954084936207	-0.07612046748871326
5.6941366846315	1.9634954084936207	-0.16853038769745488
5.890486225480862	1.9634954084936207	-0.2928932188134521
6.086835766330224	1.9634954084936207	-0.4444297669803975
6.283185307179586	1.9634954084936207	-0.6173165676349102

0.0	2.1598449493429825	-0.5981018480381408
0.19634954084936207	2.1598449493429825	-0.785694958387102
0.39269908169872414	2.1598449493429825	-0.9807852804032305
0.5890486225480862	2.1598449493429825	-1.175875602419359
0.7853981633974483	2.1598449493429825	-1.3634687127683203
0.9817477042468103	2.1598449493429825	-1.5363555134228326
1.1780972450961724	2.1598449493429825	-1.687892061589778
1.3744467859455345	2.1598449493429825	-1.8122548927057758
1.5707963267948966	2.1598449493429825	-1.9046648129145172
1.7671458676442586	2.1598449493429825	-1.9615705608064609
1.9634954084936207	2.1598449493429825	-1.9807852804032304
2.1598449493429825	2.1598449493429825	-1.9615705608064609
2.356194490192345	2.1598449493429825	-1.9046648129145172
2.552544031041707	2.1598449493429825	-1.8122548927057756
2.748893571891069	2.1598449493429825	-1.687892061589778
2.945243112740431	2.1598449493429825	-1.5363555134228328
3.141592653589793	2.1598449493429825	-1.3634687127683203
3.3379421944391554	2.1598449493429825	-1.1758756024193584
3.5342917352885173	2.1598449493429825	-0.9807852804032304
3.730641276137879	2.1598449493429825	-0.7856949583871023
3.9269908169872414	2.1598449493429825	-0.5981018480381406
4.123340357836604	2.1598449493429825	-0.42521504738362803
4.319689898685965	2.1598449493429825	-0.2736784992166832
4.516039439535327	2.1598449493429825	-0.1493156681006853
4.71238898038469	2.1598449493429825	-0.05690574789194369
4.908738521234052	2.1598449493429825	0.0
5.105088062083414	2.1598449493429825	0.01921471959676957
5.301437602932776	2.1598449493429825	1.1102230246251565E-16
5.497787143782138	2.1598449493429825	-0.05690574789194369
5.6941366846315	2.1598449493429825	-0.1493156681006853
5.890486225480862	2.1598449493429825	-0.2736784992166825
6.086835766330224	2.1598449493429825	-0.4252150473836279
6.283185307179586	2.1598449493429825	-0.5981018480381406

0.0	2.356194490192345	-0.5411961001461971
0.19634954084936207	2.356194490192345	-0.7287892104951583
0.39269908169872414	2.356194490192345	-0.9238795325112868
0.5890486225480862	2.356194490192345	-1.1189698545274154
0.7853981633974483	2.356194490192345	-1.3065629648763766
0.9817477042468103	2.356194490192345	-1.479449765530889
1.1780972450961724	2.356194490192345	-1.6309863136978344
1.3744467859455345	2.356194490192345	-1.7553491448138323
1.5707963267948966	2.356194490192345	-1.8477590650225735
1.7671458676442586	2.356194490192345	-1.9046648129145172
1.9634954084936207	2.356194490192345	-1.9238795325112867
2.1598449493429825	2.356194490192345	-1.9046648129145172
2.356194490192345	2.356194490192345	-1.8477590650225735
2.552544031041707	2.356194490192345	-1.7553491448138319
2.748893571891069	2.356194490192345	-1.6309863136978342
2.945243112740431	2.356194490192345	-1.4794497655308891
3.141592653589793	2.356194490192345	-1.3065629648763766
3.3379421944391554	2.356194490192345	-1.1189698545274147
3.5342917352885173	2.356194490192345	-0.9238795325112867
3.730641276137879	2.356194490192345	-0.7287892104951587
3.9269908169872414	2.356194490192345	-0.5411961001461969
4.123340357836604	2.356194490192345	-0.36830929949168434
4.319689898685965	2.356194490192345	-0.2167727513247395
4.516039439535327	2.356194490192345	-0.09240992020874161
4.71238898038469	2.356194490192345	0.0
4.908738521234052	2.356194490192345	0.05690574789194369
5.105088062083414	2.356194490192345	0.07612046748871326
5.301437602932776	2.356194490192345	0.0569057478919438
5.497787143782138	2.356194490192345	0.0
5.6941366846315	2.356194490192345	-0.09240992020874161
5.890486225480862	2.356194490192345	-0.21677275132473883
6.086835766330224	2.356194490192345	-0.36830929949168423
6.283185307179586	2.356194490192345	-0.5411961001461969

0.0	2.552544031041707	-0.44878617993745545
0.19634954084936207	2.552544031041707	-0.6363792902864167
0.39269908169872414	2.552544031041707	-0.8314696123025452
0.5890486225480862	2.552544031041707	-1.0265599343186738
0.7853981633974483	2.552544031041707	-1.214153044667635
0.9817477042468103	2.552544031041707	-1.3870398453221473
1.1780972450961724	2.552544031041707	-1.5385763934890928
1.3744467859455345	2.552544031041707	-1.6629392246050907
1.5707963267948966	2.552544031041707	-1.7553491448138319
1.7671458676442586	2.552544031041707	-1.8122548927057756
1.9634954084936207	2.552544031041707	-1.8314696123025451
2.1598449493429825	2.552544031041707	-1.8122548927057756
2.356194490192345	2.552544031041707	-1.7553491448138319
2.552544031041707	2.552544031041707	-1.6629392246050902
2.748893571891069	2.552544031041707	-1.5385763934890926
2.945243112740431	2.552544031041707	-1.3870398453221475
3.141592653589793	2.552544031041707	-1.214153044667635
3.3379421944391554	2.552544031041707	-1.026559934318673
3.5342917352885173	2.552544031041707	-0.8314696123025451
3.730641276137879	2.552544031041707	-0.636379290286417
3.9269908169872414	2.552544031041707	-0.44878617993745534
4.123340357836604	2.552544031041707	-0.2758993792829427
4.319689898685965	2.552544031041707	-0.12436283111599788
4.516039439535327	2.552544031041707	0.0
4.71238898038469	2.552544031041707	0.09240992020874161
4.908738521234052	2.552544031041707	0.1493156681006853
5.105088062083414	2.552544031041707	0.16853038769745488
5.301437602932776	2.552544031041707	0.14931566810068542
5.497787143782138	2.552544031041707	0.09240992020874161
5.6941366846315	2.552544031041707	0.0
5.890486225480862	2.552544031041707	-0.12436283111599722
6.086835766330224	2.552544031041707	-0.2758993792829426
6.283185307179586	2.552544031041707	-0.44878617993745523

0.0	2.748893571891069	-0.3244233488214578
0.19634954084936207	2.748893571891069	-0.512016459170419
0.39269908169872414	2.748893571891069	-0.7071067811865476
0.5890486225480862	2.748893571891069	-0.9021971032026761
0.7853981633974483	2.748893571891069	-1.0897902135516373
0.9817477042468103	2.748893571891069	-1.2626770142061496
1.1780972450961724	2.748893571891069	-1.414213562373095
1.3744467859455345	2.748893571891069	-1.5385763934890928
1.5707963267948966	2.748893571891069	-1.6309863136978342
1.7671458676442586	2.748893571891069	-1.687892061589778
1.9634954084936207	2.748893571891069	-1.7071067811865475
2.1598449493429825	2.748893571891069	-1.687892061589778
2.356194490192345	2.748893571891069	-1.6309863136978342
2.552544031041707	2.748893571891069	-1.5385763934890926
2.748893571891069	2.748893571891069	-1.414213562373095
2.945243112740431	2.748893571891069	-1.2626770142061499
3.141592653589793	2.748893571891069	-1.0897902135516373
3.3379421944391554	2.748893571891069	-0.9021971032026755
3.5342917352885173	2.748893571891069	-0.7071067811865475
3.730641276137879	2.748893571891069	-0.5120164591704194
3.9269908169872414	2.748893571891069	-0.3244233488214577
4.123340357836604	2.748893571891069	-0.15153654816694506
4.319689898685965	2.748893571891069	-2.220446049250313E-16
4.516039439535327	2.748893571891069	0.12436283111599766
4.71238898038469	2.748893571891069	0.21677275132473928
4.908738521234052	2.748893571891069	0.27367849921668297
5.105088062083414	2.748893571891069	0.29289321881345254
5.301437602932776	2.748893571891069	0.2736784992166831
5.497787143782138	2.748893571891069	0.21677275132473928
5.6941366846315	2.748893571891069	0.12436283111599766
5.890486225480862	2.748893571891069	4.440892098500626E-16
6.086835766330224	2.748893571891069	-0.15153654816694495
6.283185307179586	2.748893571891069	-0.32442334882145757

0.0	2.945243112740431	-0.17288680065451273
0.19634954084936207	2.945243112740431	-0.36047991100347404
0.39269908169872414	2.945243112740431	-0.5555702330196025
0.5890486225480862	2.945243112740431	-0.750660555035731
0.7853981633974483	2.945243112740431	-0.9382536653846922
0.9817477042468103	2.945243112740431	-1.1111404660392046
1.1780972450961724	2.945243112740431	-1.26267701420615
1.3744467859455345	2.945243112740431	-1.387039845322148
1.5707963267948966	2.945243112740431	-1.4794497655308891
1.7671458676442586	2.945243112740431	-1.5363555134228328
1.9634954084936207	2.945243112740431	-1.5555702330196024
2.1598449493429825	2.945243112740431	-1.5363555134228328
2.356194490192345	2.945243112740431	-1.4794497655308891
2.552544031041707	2.945243112740431	-1.3870398453221475
2.748893571891069	2.945243112740431	-1.2626770142061499
2.945243112740431	2.945243112740431	-1.1111404660392048
3.141592653589793	2.945243112740431	-0.9382536653846922
3.3379421944391554	2.945243112740431	-0.7506605550357305
3.5342917352885173	2.945243112740431	-0.5555702330196024
3.730641276137879	2.945243112740431	-0.3604799110034743
3.9269908169872414	2.945243112740431	-0.17288680065451262
4.123340357836604	2.945243112740431	0.0
4.319689898685965	2.945243112740431	0.15153654816694484
4.516039439535327	2.945243112740431	0.2758993792829427
4.71238898038469	2.945243112740431	0.36830929949168434
4.908738521234052	2.945243112740431	0.42521504738362803
5.105088062083414	2.945243112740431	0.4444297669803976
5.301437602932776	2.945243112740431	0.42521504738362814
5.497787143782138	2.945243112740431	0.36830929949168434
5.6941366846315	2.945243112740431	0.2758993792829427
5.890486225480862	2.945243112740431	0.1515365481669455
6.086835766330224	2.945243112740431	1.1102230246251565E-16
6.283185307179586	2.945243112740431	-0.1728868006545125

0.0	3.141592653589793	-1.1102230246251565E-16
0.19634954084936207	3.141592653589793	-0.18759311034896142
0.39269908169872414	3.141592653589793	-0.3826834323650899
0.5890486225480862	3.141592653589793	-0.5777737543812184
0.7853981633974483	3.141592653589793	-0.7653668647301797
0.9817477042468103	3.141592653589793	-0.938253665384692
1.1780972450961724	3.141592653589793	-1.0897902135516373
1.3744467859455345	3.141592653589793	-1.2141530446676352
1.5707963267948966	3.141592653589793	-1.3065629648763766
1.7671458676442586	3.141592653589793	-1.3634687127683203
1.9634954084936207	3.141592653589793	-1.3826834323650898
2.1598449493429825	3.141592653589793	-1.3634687127683203
2.356194490192345	3.141592653589793	-1.3065629648763766
2.552544031041707	3.141592653589793	-1.214153044667635
2.748893571891069	3.141592653589793	-1.0897902135516373
2.945243112740431	3.141592653589793	-0.9382536653846922
3.141592653589793	3.141592653589793	-0.7653668647301796
3.3379421944391554	3.141592653589793	-0.5777737543812178
3.5342917352885173	3.141592653589793	-0.3826834323650898
3.730641276137879	3.141592653589793	-0.18759311034896173
3.9269908169872414	3.141592653589793	0.0
4.123340357836604	3.141592653589793	0.17288680065451262
4.319689898685965	3.141592653589793	0.32442334882145746
4.516039439535327	3.141592653589793	0.44878617993745534
4.71238898038469	3.141592653589793	0.5411961001461969
4.908738521234052	3.141592653589793	0.5981018480381406
5.105088062083414	3.141592653589793	0.6173165676349102
5.301437602932776	3.141592653589793	0.5981018480381408
5.497787143782138	3.141592653589793	0.5411961001461969
5.6941366846315	3.141592653589793	0.44878617993745534
5.890486225480862	3.141592653589793	0.3244233488214581
6.086835766330224	3.141592653589793	0.17288680065451273
6.283185307179586	3.141592653589793	1.1102230246251565E-16

0.0	3.3379421944391554	0.18759311034896162
0.19634954084936207	3.3379421944391554	3.0531133177191805E-16
0.39269908169872414	3.3379421944391554	-0.19509032201612816
0.5890486225480862	3.3379421944391554	-0.39018064403225666
0.7853981633974483	3.3379421944391554	-0.5777737543812179
0.9817477042468103	3.3379421944391554	-0.7506605550357303
1.1780972450961724	3.3379421944391554	-0.9021971032026757
1.3744467859455345	3.3379421944391554	-1.0265599343186735
1.5707963267948966	3.3379421944391554	-1.1189698545274147
1.7671458676442586	3.3379421944391554	-1.1758756024193584
1.9634954084936207	3.3379421944391554	-1.195090322016128
2.1598449493429825	3.3379421944391554	-1.1758756024193584
2.356194490192345	3.3379421944391554	-1.1189698545274147
2.552544031041707	3.3379421944391554	-1.026559934318673
2.748893571891069	3.3379421944391554	-0.9021971032026755
2.945243112740431	3.3379421944391554	-0.7506605550357305
3.141592653589793	3.3379421944391554	-0.5777737543812178
3.3379421944391554	3.3379421944391554	-0.3901806440322561
3.5342917352885173	3.3379421944391554	-0.19509032201612805
3.730641276137879	3.3379421944391554	0.0
3.9269908169872414	3.3379421944391554	0.18759311034896173
4.123340357836604	3.3379421944391554	0.3604799110034743
4.319689898685965	3.3379421944391554	0.5120164591704192
4.516039439535327	3.3379421944391554	0.636379290286417
4.71238898038469	3.3379421944391554	0.7287892104951587
4.908738521234052	3.3379421944391554	0.7856949583871023
5.105088062083414	3.3379421944391554	0.8049096779838719
5.301437602932776	3.3379421944391554	0.7856949583871025
5.497787143782138	3.3379421944391554	0.7287892104951587
5.6941366846315	3.3379421944391554	0.636379290286417
5.890486225480862	3.3379421944391554	0.5120164591704198
6.086835766330224	3.3379421944391554	0.36047991100347443
6.283185307179586	3.3379421944391554	0.18759311034896184

0.0	3.5342917352885173	0.38268343236508967
0.19634954084936207	3.5342917352885173	0.19509032201612836
0.39269908169872414	3.5342917352885173	-1.2246467991473532E-16
0.5890486225480862	3.5342917352885173	-0.1950903220161286
0.7853981633974483	3.5342917352885173	-0.3826834323650899
0.9817477042468103	3.5342917352885173	-0.5555702330196022
1.1780972450961724	3.5342917352885173	-0.7071067811865476
1.3744467859455345	3.5342917352885173	-0.8314696123025455
1.5707963267948966	3.5342917352885173	-0.9238795325112867
1.7671458676442586	3.5342917352885173	-0.9807852804032304
1.9634954084936207	3.5342917352885173	-1.0
2.1598449493429825	3.5342917352885173	-0.9807852804032304
2.356194490192345	3.5342917352885173	-0.9238795325112867
2.552544031041707	3.5342917352885173	-0.8314696123025451
2.748893571891069	3.5342917352885173	-0.7071067811865475
2.945243112740431	3.5342917352885173	-0.5555702330196024
3.141592653589793	3.5342917352885173	-0.3826834323650898
3.3379421944391554	3.5342917352885173	-0.19509032201612805
3.5342917352885173	3.5342917352885173	0.0
3.730641276137879	3.5342917352885173	0.19509032201612805
3.9269908169872414	3.5342917352885173	0.3826834323650898
4.123340357836604	3.5342917352885173	0.5555702330196024
4.319689898685965	3.5342917352885173	0.7071067811865472
4.516039439535327	3.5342917352885173	0.8314696123025451
4.71238898038469	3.5342917352885173	0.9238795325112867
4.908738521234052	3.5342917352885173	0.9807852804032304
5.105088062083414	3.5342917352885173	1.0
5.301437602932776	3.5342917352885173	0.9807852804032305
5.497787143782138	3.5342917352885173	0.9238795325112867
5.6941366846315	3.5342917352885173	0.8314696123025451
5.890486225480862	3.5342917352885173	0.7071067811865479
6.086835766330224	3.5342917352885173	0.5555702330196025
6.283185307179586	3.5342917352885173	0.3826834323650899

0.0	3.730641276137879	0.5777737543812177
0.19634954084936207	3.730641276137879	0.3901806440322564
0.39269908169872414	3.730641276137879	0.19509032201612794
0.5890486225480862	3.730641276137879	-5.551115123125783E-16
0.7853981633974483	3.730641276137879	-0.18759311034896184
0.9817477042468103	3.730641276137879	-0.3604799110034741
1.1780972450961724	3.730641276137879	-0.5120164591704195
1.3744467859455345	3.730641276137879	-0.6363792902864174
1.5707963267948966	3.730641276137879	-0.7287892104951587
1.7671458676442586	3.730641276137879	-0.7856949583871023
1.9634954084936207	3.730641276137879	-0.8049096779838719
2.1598449493429825	3.730641276137879	-0.7856949583871023
2.356194490192345	3.730641276137879	-0.7287892104951587
2.552544031041707	3.730641276137879	-0.636379290286417
2.748893571891069	3.730641276137879	-0.5120164591704194
2.945243112740431	3.730641276137879	-0.3604799110034743
3.141592653589793	3.730641276137879	-0.18759311034896173
3.3379421944391554	3.730641276137879	0.0
3.5342917352885173	3.730641276137879	0.19509032201612805
3.730641276137879	3.730641276137879	0.3901806440322561
3.9269908169872414	3.730641276137879	0.5777737543812178
4.123340357836604	3.730641276137879	0.7506605550357305
4.319689898685965	3.730641276137879	0.9021971032026753
4.516039439535327	3.730641276137879	1.026559934318673
4.71238898038469	3.730641276137879	1.1189698545274147
4.908738521234052	3.730641276137879	1.1758756024193584
5.105088062083414	3.730641276137879	1.195090322016128
5.301437602932776	3.730641276137879	1.1758756024193586
5.497787143782138	3.730641276137879	1.1189698545274147
5.6941366846315	3.730641276137879	1.026559934318673
5.890486225480862	3.730641276137879	0.902197103202676
6.086835766330224	3.730641276137879	0.7506605550357306
6.283185307179586	3.730641276137879	0.5777737543812179

0.0	3.9269908169872414	0.7653668647301795
0.19634954084936207	3.9269908169872414	0.5777737543812181
0.39269908169872414	3.9269908169872414	0.38268343236508967
0.5890486225480862	3.9269908169872414	0.18759311034896117
0.7853981633974483	3.9269908169872414	-1.1102230246251565E-16
0.9817477042468103	3.9269908169872414	-0.1728868006545124
1.1780972450961724	3.9269908169872414	-0.3244233488214578
1.3744467859455345	3.9269908169872414	-0.4487861799374557
1.5707963267948966	3.9269908169872414	-0.5411961001461969
1.7671458676442586	3.9269908169872414	-0.5981018480381406
1.9634954084936207	3.9269908169872414	-0.6173165676349102
2.1598449493429825	3.9269908169872414	-0.5981018480381406
2.356194490192345	3.9269908169872414	-0.5411961001461969
2.552544031041707	3.9269908169872414	-0.44878617993745534
2.748893571891069	3.9269908169872414	-0.3244233488214577
2.945243112740431	3.9269908169872414	-0.17288680065451262
3.141592653589793	3.9269908169872414	0.0
3.3379421944391554	3.9269908169872414	0.18759311034896173
3.5342917352885173	3.9269908169872414	0.3826834323650898
3.730641276137879	3.9269908169872414	0.5777737543812178
3.9269908169872414	3.9269908169872414	0.7653668647301796
4.123340357836604	3.9269908169872414	0.9382536653846922
4.319689898685965	3.9269908169872414	1.089790213551637
4.516039439535327	3.9269908169872414	1.214153044667635
4.71238898038469	3.9269908169872414	1.3065629648763766
4.908738521234052	3.9269908169872414	1.3634687127683203
5.105088062083414	3.9269908169872414	1.3826834323650898
5.301437602932776	3.9269908169872414	1.3634687127683203
5.497787143782138	3.9269908169872414	1.3065629648763766
5.6941366846315	3.9269908169872414	1.214153044667635
5.890486225480862	3.9269908169872414	1.0897902135516377
6.086835766330224	3.9269908169872414	0.9382536653846922
6.283185307179586	3.9269908169872414	0.7653668647301797

0.0	4.123340357836604	0.938253665384692
0.19634954084936207	4.123340357836604	0.7506605550357308
0.39269908169872414	4.123340357836604	0.5555702330196023
0.5890486225480862	4.123340357836604	0.36047991100347376
0.7853981633974483	4.123340357836604	0.1728868006545125
0.9817477042468103	4.123340357836604	2.220446049250313E-16
1.1780972450961724	4.123340357836604	-0.15153654816694517
1.3744467859455345	4.123340357836604	-0.27589937928294306
1.5707963267948966	4.123340357836604	-0.36830929949168434
1.7671458676442586	4.123340357836604	-0.42521504738362803
1.9634954084936207	4.123340357836604	-0.4444297669803976
2.1598449493429825	4.123340357836604	-0.42521504738362803
2.356194490192345	4.123340357836604	-0.36830929949168434
2.552544031041707	4.123340357836604	-0.2758993792829427
2.748893571891069	4.123340357836604	-0.15153654816694506
2.945243112740431	4.123340357836604	0.0
3.141592653589793	4.123340357836604	0.17288680065451262
3.3379421944391554	4.123340357836604	0.3604799110034743
3.5342917352885173	4.123340357836604	0.5555702330196024
3.730641276137879	4.123340357836604	0.7506605550357305
3.9269908169872414	4.123340357836604	0.9382536653846922
4.123340357836604	4.123340357836604	1.1111404660392048
4.319689898685965	4.123340357836604	1.2626770142061496
4.516039439535327	4.123340357836604	1.3870398453221475
4.71238898038469	4.123340357836604	1.4794497655308891
4.908738521234052	4.123340357836604	1.5363555134228328
5.105088062083414	4.123340357836604	1.5555702330196024
5.301437602932776	4.123340357836604	1.536355513422833
5.497787143782138	4.123340357836604	1.4794497655308891
5.6941366846315	4.123340357836604	1.3870398453221475
5.890486225480862	4.123340357836604	1.2626770142061503
6.086835766330224	4.123340357836604	1.1111404660392048
6.283185307179586	4.123340357836604	0.9382536653846922

0.0	4.319689898685965	1.0897902135516369
0.19634954084936207	4.319689898685965	0.9021971032026757
0.39269908169872414	4.319689898685965	0.7071067811865471
0.5890486225480862	4.319689898685965	0.5120164591704186
0.7853981633974483	4.319689898685965	0.32442334882145735
0.9817477042468103	4.319689898685965	0.15153654816694506
1.1780972450961724	4.319689898685965	-3.3306690738754696E-16
1.3744467859455345	4.319689898685965	-0.12436283111599822
1.5707963267948966	4.319689898685965	-0.2167727513247395
1.7671458676442586	4.319689898685965	-0.2736784992166832
1.9634954084936207	4.319689898685965	-0.29289321881345276
2.1598449493429825	4.319689898685965	-0.2736784992166832
2.356194490192345	4.319689898685965	-0.2167727513247395
2.552544031041707	4.319689898685965	-0.12436283111599788
2.748893571891069	4.319689898685965	-2.220446049250313E-16
2.945243112740431	4.319689898685965	0.15153654816694484
3.141592653589793	4.319689898685965	0.32442334882145746
3.3379421944391554	4.319689898685965	0.5120164591704192
3.5342917352885173	4.319689898685965	0.7071067811865472
3.730641276137879	4.319689898685965	0.9021971032026753
3.9269908169872414	4.319689898685965	1.089790213551637
4.123340357836604	4.319689898685965	1.2626770142061496
4.319689898685965	4.319689898685965	1.4142135623730945
4.516039439535327	4.319689898685965	1.5385763934890924
4.71238898038469	4.319689898685965	1.630986313697834
4.908738521234052	4.319689898685965	1.6878920615897777
5.105088062083414	4.319689898685965	1.7071067811865472
5.301437602932776	4.319689898685965	1.687892061589778
5.497787143782138	4.319689898685965	1.630986313697834
5.6941366846315	4.319689898685965	1.5385763934890924
5.890486225480862	4.319689898685965	1.4142135623730951
6.086835766330224	4.319689898685965	1.2626770142061496
6.283185307179586	4.319689898685965	1.089790213551637

0.0	4.516039439535327	1.2141530446676347
0.19634954084936207	4.516039439535327	1.0265599343186735
0.39269908169872414	4.516039439535327	0.831469612302545
0.5890486225480862	4.516039439535327	0.6363792902864165
0.7853981633974483	4.516039439535327	0.44878617993745523
0.9817477042468103	4.516039439535327	0.27589937928294295
1.1780972450961724	4.516039439535327	0.12436283111599755
1.3744467859455345	4.516039439535327	-3.3306690738754696E-16
1.5707963267948966	4.516039439535327	-0.09240992020874161
1.7671458676442586	4.516039439535327	-0.1493156681006853
1.9634954084936207	4.516039439535327	-0.16853038769745488
2.1598449493429825	4.516039439535327	-0.1493156681006853
2.356194490192345	4.516039439535327	-0.09240992020874161
2.552544031041707	4.516039439535327	0.0
2.748893571891069	4.516039439535327	0.12436283111599766
2.945243112740431	4.516039439535327	0.2758993792829427
3.141592653589793	4.516039439535327	0.44878617993745534
3.3379421944391554	4.516039439535327	0.636379290286417
3.5342917352885173	4.516039439535327	0.8314696123025451
3.730641276137879	4.516039439535327	1.026559934318673
3.9269908169872414	4.516039439535327	1.214153044667635
4.123340357836604	4.516039439535327	1.3870398453221475
4.319689898685965	4.516039439535327	1.5385763934890924
4.516039439535327	4.516039439535327	1.6629392246050902
4.71238898038469	4.516039439535327	1.7553491448138319
4.908738521234052	4.516039439535327	1.8122548927057756
5.105088062083414	4.516039439535327	1.8314696123025451
5.301437602932776	4.516039439535327	1.8122548927057758
5.497787143782138	4.516039439535327	1.7553491448138319
5.6941366846315	4.516039439535327	1.6629392246050902
5.890486225480862	4.516039439535327	1.538576393489093
6.086835766330224	4.516039439535327	1.3870398453221475
6.283185307179586	4.516039439535327	1.214153044667635

0.0	4.71238898038469	1.3065629648763764
0.19634954084936207	4.71238898038469	1.1189698545274152
0.39269908169872414	4.71238898038469	0.9238795325112866
0.5890486225480862	4.71238898038469	0.7287892104951581
0.7853981633974483	4.71238898038469	0.5411961001461969
0.9817477042468103	4.71238898038469	0.36830929949168456
1.1780972450961724	4.71238898038469	0.21677275132473917
1.3744467859455345	4.71238898038469	0.09240992020874128
1.5707963267948966	4.71238898038469	0.0
1.7671458676442586	4.71238898038469	-0.05690574789194369
1.9634954084936207	4.71238898038469	-0.07612046748871326
2.1598449493429825	4.71238898038469	-0.05690574789194369
2.356194490192345	4.71238898038469	0.0
2.552544031041707	4.71238898038469	0.09240992020874161
2.748893571891069	4.71238898038469	0.21677275132473928
2.945243112740431	4.71238898038469	0.36830929949168434
3.141592653589793	4.71238898038469	0.5411961001461969
3.3379421944391554	4.71238898038469	0.7287892104951587
3.5342917352885173	4.71238898038469	0.9238795325112867
3.730641276137879	4.71238898038469	1.1189698545274147
3.9269908169872414	4.71238898038469	1.3065629648763766
4.123340357836604	4.71238898038469	1.4794497655308891
4.319689898685965	4.71238898038469	1.630986313697834
4.516039439535327	4.71238898038469	1.7553491448138319
4.71238898038469	4.71238898038469	1.8477590650225735
4.908738521234052	4.71238898038469	1.9046648129145172
5.105088062083414	4.71238898038469	1.9238795325112867
5.301437602932776	4.71238898038469	1.9046648129145174
5.497787143782138	4.71238898038469	1.8477590650225735
5.6941366846315	4.71238898038469	1.7553491448138319
5.890486225480862	4.71238898038469	1.6309863136978346
6.086835766330224	4.71238898038469	1.4794497655308891
6.283185307179586	4.71238898038469	1.3065629648763766

0.0	4.908738521234052	1.36346871276832
0.19634954084936207	4.908738521234052	1.1758756024193588
0.39269908169872414	4.908738521234052	0.9807852804032303
0.5890486225480862	4.908738521234052	0.7856949583871018
0.7853981633974483	4.908738521234052	0.5981018480381406
0.9817477042468103	4.908738521234052	0.42521504738362825
1.1780972450961724	4.908738521234052	0.27367849921668286
1.3744467859455345	4.908738521234052	0.14931566810068497
1.5707963267948966	4.908738521234052	0.05690574789194369
1.7671458676442586	4.908738521234052	0.0
1.9634954084936207	4.908738521234052	-0.01921471959676957
2.1598449493429825	4.908738521234052	0.0
2.356194490192345	4.908738521234052	0.05690574789194369
2.552544031041707	4.908738521234052	0.1493156681006853
2.748893571891069	4.908738521234052	0.27367849921668297
2.945243112740431	4.908738521234052	0.42521504738362803
3.141592653589793	4.908738521234052	0.5981018480381406
3.3379421944391554	4.908738521234052	0.7856949583871023
3.5342917352885173	4.908738521234052	0.9807852804032304
3.730641276137879	4.908738521234052	1.1758756024193584
3.9269908169872414	4.908738521234052	1.3634687127683203
4.123340357836604	4.908738521234052	1.5363555134228328
4.319689898685965	4.908738521234052	1.6878920615897777
4.516039439535327	4.908738521234052	1.8122548927057756
4.71238898038469	4.908738521234052	1.9046648129145172
4.908738521234052	4.908738521234052	1.9615705608064609
5.105088062083414	4.908738521234052	1.9807852804032304
5.301437602932776	4.908738521234052	1.9615705608064609
5.497787143782138	4.908738521234052	1.9046648129145172
5.6941366846315	4.908738521234052	1.8122548927057756
5.890486225480862	4.908738521234052	1.6878920615897783
6.086835766330224	4.908738521234052	1.536355513422833
6.283185307179586	4.908738521234052	1.3634687127683203

0.0	5.105088062083414	1.3826834323650896
0.19634954084936207	5.105088062083414	1.1950903220161284
0.39269908169872414	5.105088062083414	0.9999999999999999
0.5890486225480862	5.105088062083414	0.8049096779838714
0.7853981633974483	5.105088062083414	0.6173165676349102
0.9817477042468103	5.105088062083414	0.4444297669803978
1.1780972450961724	5.105088062083414	0.2928932188134524
1.3744467859455345	5.105088062083414	0.16853038769745454
1.5707963267948966	5.105088062083414	0.07612046748871326
1.7671458676442586	5.105088062083414	0.01921471959676957
1.9634954084936207	5.105088062083414	0.0
2.1598449493429825	5.105088062083414	0.01921471959676957
2.356194490192345	5.105088062083414	0.07612046748871326
2.552544031041707	5.105088062083414	0.16853038769745488
2.748893571891069	5.105088062083414	0.29289321881345254
2.945243112740431	5.105088062083414	0.4444297669803976
3.141592653589793	5.105088062083414	0.6173165676349102
3.3379421944391554	5.105088062083414	0.8049096779838719
3.5342917352885173	5.105088062083414	1.0
3.730641276137879	5.105088062083414	1.195090322016128
3.9269908169872414	5.105088062083414	1.3826834323650898
4.123340357836604	5.105088062083414	1.5555702330196024
4.319689898685965	5.105088062083414	1.7071067811865472
4.516039439535327	5.105088062083414	1.8314696123025451
4.71238898038469	5.105088062083414	1.9238795325112867
4.908738521234052	5.105088062083414	1.9807852804032304
5.105088062083414	5.105088062083414	2.0
5.301437602932776	5.105088062083414	1.9807852804032304
5.497787143782138	5.105088062083414	1.9238795325112867
5.6941366846315	5.105088062083414	1.8314696123025451
5.890486225480862	5.105088062083414	1.707106781186548
6.086835766330224	5.105088062083414	1.5555702330196026
6.283185307179586	5.105088062083414	1.3826834323650898

0.0	5.301437602932776	1.3634687127683203
0.19634954084936207	5.301437602932776	1.1758756024193588
0.39269908169872414	5.301437602932776	0.9807852804032304
0.5890486225480862	5.301437602932776	0.7856949583871019
0.7853981633974483	5.301437602932776	0.5981018480381406
0.9817477042468103	5.301437602932776	0.42521504738362836
1.1780972450961724	5.301437602932776	0.27367849921668297
1.3744467859455345	5.301437602932776	0.14931566810068508
1.5707963267948966	5.301437602932776	0.0569057478919438
1.7671458676442586	5.301437602932776	1.1102230246251565E-16
1.9634954084936207	5.301437602932776	-0.01921471959676946
2.1598449493429825	5.301437602932776	1.1102230246251565E-16
2.356194490192345	5.301437602932776	0.0569057478919438
2.552544031041707	5.301437602932776	0.14931566810068542
2.748893571891069	5.301437602932776	0.2736784992166831
2.945243112740431	5.301437602932776	0.42521504738362814
3.141592653589793	5.301437602932776	0.5981018480381408
3.3379421944391554	5.301437602932776	0.7856949583871025
3.5342917352885173	5.301437602932776	0.9807852804032305
3.730641276137879	5.301437602932776	1.1758756024193586
3.9269908169872414	5.301437602932776	1.3634687127683203
4.123340357836604	5.301437602932776	1.536355513422833
4.319689898685965	5.301437602932776	1.687892061589778
4.516039439535327	5.301437602932776	1.8122548927057758
4.71238898038469	5.301437602932776	1.9046648129145174
4.908738521234052	5.301437602932776	1.9615705608064609
5.105088062083414	5.301437602932776	1.9807852804032304
5.301437602932776	5.301437602932776	1.961570560806461
5.497787143782138	5.301437602932776	1.9046648129145174
5.6941366846315	5.301437602932776	1.8122548927057758
5.890486225480862	5.301437602932776	1.6878920615897783
6.086835766330224	5.301437602932776	1.536355513422833
6.283185307179586	5.301437602932776	1.3634687127683205

0.0	5.497787143782138	1.3065629648763764
0.19634954084936207	5.497787143782138	1.1189698545274152
0.39269908169872414	5.497787143782138	0.9238795325112866
0.5890486225480862	5.497787143782138	0.7287892104951581
0.7853981633974483	5.497787143782138	0.5411961001461969
0.9817477042468103	5.497787143782138	0.36830929949168456
1.1780972450961724	5.497787143782138	0.21677275132473917
1.3744467859455345	5.497787143782138	0.09240992020874128
1.5707963267948966	5.497787143782138	0.0
1.7671458676442586	5.497787143782138	-0.05690574789194369
1.9634954084936207	5.497787143782138	-0.07612046748871326
2.1598449493429825	5.497787143782138	-0.05690574789194369
2.356194490192345	5.497787143782138	0.0
2.552544031041707	5.497787143782138	0.09240992020874161
2.748893571891069	5.497787143782138	0.21677275132473928
2.945243112740431	5.497787143782138	0.36830929949168434
3.141592653589793	5.497787143782138	0.5411961001461969
3.3379421944391554	5.497787143782138	0.7287892104951587
3.5342917352885173	5.497787143782138	0.9238795325112867
3.730641276137879	5.497787143782138	1.1189698545274147
3.9269908169872414	5.497787143782138	1.3065629648763766
4.123340357836604	5.497787143782138	1.4794497655308891
4.319689898685965	5.497787143782138	1.630986313697834
4.516039439535327	5.497787143782138	1.7553491448138319
4.71238898038469	5.497787143782138	1.8477590650225735
4.908738521234052	5.497787143782138	1.9046648129145172
5.105088062083414	5.497787143782138	1.9238795325112867
5.301437602932776	5.497787143782138	1.9046648129145174
5.497787143782138	5.497787143782138	1.8477590650225735
5.6941366846315	5.497787143782138	1.7553491448138319
5.890486225480862	5.497787143782138	1.6309863136978346
6.086835766330224	5.497787143782138	1.4794497655308891
6.283185307179586	5.497787143782138	1.3065629648763766

0.0	5.6941366846315	1.2141530446676347
0.19634954084936207	5.6941366846315	1.0265599343186735
0.39269908169872414	5.6941366846315	0.831469612302545
0.5890486225480862	5.6941366846315	0.6363792902864165
0.7853981633974483	5.6941366846315	0.44878617993745523
0.9817477042468103	5.6941366846315	0.27589937928294295
1.1780972450961724	5.6941366846315	0.12436283111599755
1.3744467859455345	5.6941366846315	-3.3306690738754696E-16
1.5707963267948966	5.6941366846315	-0.09240992020874161
1.7671458676442586	5.6941366846315	-0.1493156681006853
1.9634954084936207	5.6941366846315	-0.16853038769745488
2.1598449493429825	5.6941366846315	-0.1493156681006853
2.356194490192345	5.6941366846315	-0.09240992020874161
2.552544031041707	5.6941366846315	0.0
2.748893571891069	5.6941366846315	0.12436283111599766
2.945243112740431	5.6941366846315	0.2758993792829427
3.141592653589793	5.6941366846315	0.44878617993745534
3.3379421944391554	5.6941366846315	0.636379290286417
3.5342917352885173	5.6941366846315	0.8314696123025451
3.730641276137879	5.6941366846315	1.026559934318673
3.9269908169872414	5.6941366846315	1.214153044667635
4.123340357836604	5.6941366846315	1.3870398453221475
4.319689898685965	5.6941366846315	1.5385763934890924
4.516039439535327	5.6941366846315	1.6629392246050902
4.71238898038469	5.6941366846315	1.7553491448138319
4.908738521234052	5.6941366846315	1.8122548927057756
5.105088062083414	5.6941366846315	1.8314696123025451
5.301437602932776	5.6941366846315	1.8122548927057758
5.497787143782138	5.6941366846315	1.7553491448138319
5.6941366846315	5.6941366846315	1.6629392246050902
5.890486225480862	5.6941366846315	1.538576393489093
6.086835766330224	5.6941366846315	1.3870398453221475
6.283185307179586	5.6941366846315	1.214153044667635

0.0	5.890486225480862	1.0897902135516375
0.19634954084936207	5.890486225480862	0.9021971032026763
0.39269908169872414	5.890486225480862	0.7071067811865478
0.5890486225480862	5.890486225480862	0.5120164591704193
0.7853981633974483	5.890486225480862	0.324423348821458
0.9817477042468103	5.890486225480862	0.15153654816694573
1.1780972450961724	5.890486225480862	3.3306690738754696E-16
1.3744467859455345	5.890486225480862	-0.12436283111599755
1.5707963267948966	5.890486225480862	-0.21677275132473883
1.7671458676442586	5.890486225480862	-0.2736784992166825
1.9634954084936207	5.890486225480862	-0.2928932188134521
2.1598449493429825	5.890486225480862	-0.2736784992166825
2.356194490192345	5.890486225480862	-0.21677275132473883
2.552544031041707	5.890486225480862	-0.12436283111599722
2.748893571891069	5.890486225480862	4.440892098500626E-16
2.945243112740431	5.890486225480862	0.1515365481669455
3.141592653589793	5.890486225480862	0.3244233488214581
3.3379421944391554	5.890486225480862	0.5120164591704198
3.5342917352885173	5.890486225480862	0.7071067811865479
3.730641276137879	5.890486225480862	0.902197103202676
3.9269908169872414	5.890486225480862	1.0897902135516377
4.123340357836604	5.890486225480862	1.2626770142061503
4.319689898685965	5.890486225480862	1.4142135623730951
4.516039439535327	5.890486225480862	1.538576393489093
4.71238898038469	5.890486225480862	1.6309863136978346
4.908738521234052	5.890486225480862	1.6878920615897783
5.105088062083414	5.890486225480862	1.707106781186548
5.301437602932776	5.890486225480862	1.6878920615897783
5.497787143782138	5.890486225480862	1.6309863136978346
5.6941366846315	5.890486225480862	1.538576393489093
5.890486225480862	5.890486225480862	1.4142135623730958
6.086835766330224	5.890486225480862	1.2626770142061505
6.283185307179586	5.890486225480862	1.0897902135516377

0.0	6.086835766330224	0.9382536653846922
0.19634954084936207	6.086835766330224	0.7506605550357308
0.39269908169872414	6.086835766330224	0.5555702330196024
0.5890486225480862	6.086835766330224	0.3604799110034739
0.7853981633974483	6.086835766330224	0.17288680065451262
0.9817477042468103	6.086835766330224	3.3306690738754696E-16
1.1780972450961724	6.086835766330224	-0.15153654816694506
1.3744467859455345	6.086835766330224	-0.27589937928294295
1.5707963267948966	6.086835766330224	-0.36830929949168423
1.7671458676442586	6.086835766330224	-0.4252150473836279
1.9634954084936207	6.086835766330224	-0.4444297669803975
2.1598449493429825	6.086835766330224	-0.4252150473836279
2.356194490192345	6.086835766330224	-0.36830929949168423
2.552544031041707	6.086835766330224	-0.2758993792829426
2.748893571891069	6.086835766330224	-0.15153654816694495
2.945243112740431	6.086835766330224	1.1102230246251565E-16
3.141592653589793	6.086835766330224	0.17288680065451273
3.3379421944391554	6.086835766330224	0.36047991100347443
3.5342917352885173	6.086835766330224	0.5555702330196025
3.730641276137879	6.086835766330224	0.7506605550357306
3.9269908169872414	6.086835766330224	0.9382536653846922
4.123340357836604	6.086835766330224	1.1111404660392048
4.319689898685965	6.086835766330224	1.2626770142061496
4.516039439535327	6.086835766330224	1.3870398453221475
4.71238898038469	6.086835766330224	1.4794497655308891
4.908738521234052	6.086835766330224	1.536355513422833
5.105088062083414	6.086835766330224	1.5555702330196026
5.301437602932776	6.086835766330224	1.536355513422833
5.497787143782138	6.086835766330224	1.4794497655308891
5.6941366846315	6.086835766330224	1.3870398453221475
5.890486225480862	6.086835766330224	1.2626770142061505
6.086835766330224	6.086835766330224	1.111140466039205
6.283185307179586	6.086835766330224	0.9382536653846925

0.0	6.283185307179586	0.7653668647301796
0.19634954084936207	6.283185307179586	0.5777737543812183
0.39269908169872414	6.283185307179586	0.3826834323650898
0.5890486225480862	6.283185307179586	0.18759311034896128
0.7853981633974483	6.283185307179586	0.0
0.9817477042468103	6.283185307179586	-0.17288680065451228
1.1780972450961724	6.283185307179586	-0.3244233488214577
1.3744467859455345	6.283185307179586	-0.44878617993745556
1.5707963267948966	6.283185307179586	-0.5411961001461969
1.7671458676442586	6.283185307179586	-0.5981018480381406
1.9634954084936207	6.283185307179586	-0.6173165676349102
2.1598449493429825	6.283185307179586	-0.5981018480381406
2.356194490192345	6.283185307179586	-0.5411961001461969
2.552544031041707	6.283185307179586	-0.44878617993745523
2.748893571891069	6.283185307179586	-0.32442334882145757
2.945243112740431	6.283185307179586	-0.1728868006545125
3.141592653589793	6.283185307179586	1.1102230246251565E-16
3.3379421944391554	6.283185307179586	0.18759311034896184
3.5342917352885173	6.283185307179586	0.3826834323650899
3.730641276137879	6.283185307179586	0.5777737543812179
3.9269908169872414	6.283185307179586	0.7653668647301797
4.123340357836604	6.283185307179586	0.9382536653846922
4.319689898685965	6.283185307179586	1.089790213551637
4.516039439535327	6.283185307179586	1.214153044667635
4.71238898038469	6.283185307179586	1.3065629648763766
4.908738521234052	6.283185307179586	1.3634687127683203
5.105088062083414	6.283185307179586	1.3826834323650898
5.301437602932776	6.283185307179586	1.3634687127683205
5.497787143782138	6.283185307179586	1.3065629648763766
5.6941366846315	6.283185307179586	1.214153044667635
5.890486225480862	6.283185307179586	1.0897902135516377
6.086835766330224	6.283185307179586	0.9382536653846925
6.283185307179586	6.283185307179586	0.7653668647301798

