0.0	0.0	-1.9615705608064609
0.19634954084936207	0.0	-1.9807852804032304
0.39269908169872414	0.0	-1.9615705608064609
0.5890486225480862	0.0	-1.9046648129145172
0.7853981633974483	0.0	-1.8122548927057758
0.9817477042468103	0.0	-1.687892061589778
1.1780972450961724	0.0	-1.5363555134228326
1.3744467859455345	0.0	-1.3634687127683203
1.5707963267948966	0.0	-1.1758756024193586
1.7671458676442586	0.0	-0.9807852804032304
1.9634954084936207	0.0	-0.7856949583871022
2.1598449493429825	0.0	-0.5981018480381408
2.356194490192345	0.0	-0.42521504738362825
2.552544031041707	0.0	-0.27367849921668275
2.748893571891069	0.0	-0.1493156681006852
2.945243112740431	0.0	-0.0569057478919438
3.141592653589793	0.0	0.0
3.3379421944391554	0.0	0.01921471959676957
3.5342917352885173	0.0	0.0
3.730641276137879	0.0	-0.05690574789194358
3.9269908169872414	0.0	-0.14931566810068497
4.123340357836604	0.0	-0.27367849921668286
4.319689898685965	0.0	-0.4252150473836276
4.516039439535327	0.0	-0.5981018480381401
4.71238898038469	0.0	-0.7856949583871018
4.908738521234052	0.0	-0.9807852804032303
5.105088062083414	0.0	-1.1758756024193588
5.301437602932776	0.0	-1.3634687127683196
5.497787143782138	0.0	-1.5363555134228324
5.6941366846315	0.0	-1.687892061589778
5.890486225480862	0.0	-1.8122548927057753
6.086835766330224	0.0	-1.904664812914517
6.283185307179586	0.0	-1.9615705608064609

0.0	0.19634954084936207	-1.9807852804032304
0.19634954084936207	0.19634954084936207	-2.0
0.39269908169872414	0.19634954084936207	-1.9807852804032304
0.5890486225480862	0.19634954084936207	-1.9238795325112867
0.7853981633974483	0.19634954084936207	-1.8314696123025453
0.9817477042468103	0.19634954084936207	-1.7071067811865475
1.1780972450961724	0.19634954084936207	-1.5555702330196022
1.3744467859455345	0.19634954084936207	-1.3826834323650898
1.5707963267948966	0.19634954084936207	-1.1950903220161282
1.7671458676442586	0.19634954084936207	-1.0
1.9634954084936207	0.19634954084936207	-0.8049096779838718
2.1598449493429825	0.19634954084936207	-0.6173165676349104
2.356194490192345	0.19634954084936207	-0.4444297669803978
2.552544031041707	0.19634954084936207	-0.2928932188134523
2.748893571891069	0.19634954084936207	-0.16853038769745476
2.945243112740431	0.19634954084936207	-0.07612046748871337
3.141592653589793	0.19634954084936207	-0.01921471959676957
3.3379421944391554	0.19634954084936207	0.0
3.5342917352885173	0.19634954084936207	-0.01921471959676957
3.730641276137879	0.19634954084936207	-0.07612046748871315
3.9269908169872414	0.19634954084936207	-0.16853038769745454
4.123340357836604	0.19634954084936207	-0.2928932188134524
4.319689898685965	0.19634954084936207	-0.44442976698039716
4.516039439535327	0.19634954084936207	-0.6173165676349097
4.71238898038469	0.19634954084936207	-0.8049096779838714
4.908738521234052	0.19634954084936207	-0.9999999999999999
5.105088062083414	0.19634954084936207	-1.1950903220161284
5.301437602932776	0.19634954084936207	-1.3826834323650892
5.497787143782138	0.19634954084936207	-1.555570233019602
5.6941366846315	0.19634954084936207	-1.7071067811865475
5.890486225480862	0.19634954084936207	-1.831469612302545
6.086835766330224	0.19634954084936207	-1.9238795325112865
6.283185307179586	0.19634954084936207	-1.9807852804032304

0.0	0.39269908169872414	-1.9615705608064609
0.19634954084936207	0.39269908169872414	-1.9807852804032304
0.39269908169872414	0.39269908169872414	-1.9615705608064609
0.5890486225480862	0.39269908169872414	-1.9046648129145172
0.7853981633974483	0.39269908169872414	-1.8122548927057758
0.9817477042468103	0.39269908169872414	-1.687892061589778
1.1780972450961724	0.39269908169872414	-1.5363555134228326
1.3744467859455345	0.39269908169872414	-1.3634687127683203
1.5707963267948966	0.39269908169872414	-1.1758756024193586
1.7671458676442586	0.39269908169872414	-0.9807852804032304
1.9634954084936207	0.39269908169872414	-0.7856949583871022
2.1598449493429825	0.39269908169872414	-0.5981018480381408
2.356194490192345	0.39269908169872414	-0.42521504738362825
2.552544031041707	0.39269908169872414	-0.27367849921668275
2.748893571891069	0.39269908169872414	-0.1493156681006852
2.945243112740431	0.39269908169872414	-0.0569057478919438
3.141592653589793	0.39269908169872414	0.0
3.3379421944391554	0.39269908169872414	0.01921471959676957
3.5342917352885173	0.39269908169872414	0.0
3.730641276137879	0.39269908169872414	-0.05690574789194358
3.9269908169872414	0.39269908169872414	-0.14931566810068497
4.123340357836604	0.39269908169872414	-0.27367849921668286
4.319689898685965	0.39269908169872414	-0.4252150473836276
4.516039439535327	0.39269908169872414	-0.5981018480381401
4.71238898038469	0.39269908169872414	-0.7856949583871018
4.908738521234052	0.39269908169872414	-0.9807852804032303
5.105088062083414	0.39269908169872414	-1.1758756024193588
5.301437602932776	0.39269908169872414	-1.3634687127683196
5.497787143782138	0.39269908169872414	-1.5363555134228324
5.6941366846315	0.39269908169872414	-1.687892061589778
5.890486225480862	0.39269908169872414	-1.8122548927057753
6.086835766330224	0.39269908169872414	-1.904664812914517
6.283185307179586	0.39269908169872414	-1.9615705608064609

0.0	0.5890486225480862	-1.9046648129145172
0.19634954084936207	0.5890486225480862	-1.9238795325112867
0.39269908169872414	0.5890486225480862	-1.9046648129145172
0.5890486225480862	0.5890486225480862	-1.8477590650225735
0.7853981633974483	0.5890486225480862	-1.7553491448138319
0.9817477042468103	0.5890486225480862	-1.6309863136978342
1.1780972450961724	0.5890486225480862	-1.479449765530889
1.3744467859455345	0.5890486225480862	-1.3065629648763766
1.5707963267948966	0.5890486225480862	-1.118969854527415
1.7671458676442586	0.5890486225480862	-0.9238795325112867
1.9634954084936207	0.5890486225480862	-0.7287892104951585
2.1598449493429825	0.5890486225480862	-0.5411961001461971
2.356194490192345	0.5890486225480862	-0.36830929949168456
2.552544031041707	0.5890486225480862	-0.21677275132473905
2.748893571891069	0.5890486225480862	-0.0924099202087415
2.945243112740431	0.5890486225480862	-1.1102230246251565E-16
3.141592653589793	0.5890486225480862	0.05690574789194369
3.3379421944391554	0.5890486225480862	0.07612046748871326
3.5342917352885173	0.5890486225480862	0.05690574789194369
3.730641276137879	0.5890486225480862	1.1102230246251565E-16
3.9269908169872414	0.5890486225480862	-0.09240992020874128
4.123340357836604	0.5890486225480862	-0.21677275132473917
4.319689898685965	0.5890486225480862	-0.3683092994916839
4.516039439535327	0.5890486225480862	-0.5411961001461965
4.71238898038469	0.5890486225480862	-0.7287892104951581
4.908738521234052	0.5890486225480862	-0.9238795325112866
5.105088062083414	0.5890486225480862	-1.1189698545274152
5.301437602932776	0.5890486225480862	-1.306562964876376
5.497787143782138	0.5890486225480862	-1.4794497655308887
5.6941366846315	0.5890486225480862	-1.6309863136978342
5.890486225480862	0.5890486225480862	-1.7553491448138314
6.086835766330224	0.5890486225480862	-1.8477590650225733
6.283185307179586	0.5890486225480862	-1.904664812914517

0.0	0.7853981633974483	-1.8122548927057758
0.19634954084936207	0.7853981633974483	-1.8314696123025453
0.39269908169872414	0.7853981633974483	-1.8122548927057758
0.5890486225480862	0.7853981633974483	-1.7553491448138319
0.7853981633974483	0.7853981633974483	-1.6629392246050905
0.9817477042468103	0.7853981633974483	-1.5385763934890928
1.1780972450961724	0.7853981633974483	-1.3870398453221475
1.3744467859455345	0.7853981633974483	-1.214153044667635
1.5707963267948966	0.7853981633974483	-1.0265599343186735
1.7671458676442586	0.7853981633974483	-0.8314696123025452
1.9634954084936207	0.7853981633974483	-0.6363792902864169
2.1598449493429825	0.7853981633974483	-0.4487861799374557
2.356194490192345	0.7853981633974483	-0.27589937928294306
2.552544031041707	0.7853981633974483	-0.12436283111599755
2.748893571891069	0.7853981633974483	0.0
2.945243112740431	0.7853981633974483	0.09240992020874139
3.141592653589793	0.7853981633974483	0.1493156681006852
3.3379421944391554	0.7853981633974483	0.16853038769745476
3.5342917352885173	0.7853981633974483	0.1493156681006852
3.730641276137879	0.7853981633974483	0.09240992020874161
3.9269908169872414	0.7853981633974483	2.220446049250313E-16
4.123340357836604	0.7853981633974483	-0.12436283111599766
4.319689898685965	0.7853981633974483	-0.2758993792829424
4.516039439535327	0.7853981633974483	-0.44878617993745495
4.71238898038469	0.7853981633974483	-0.6363792902864166
4.908738521234052	0.7853981633974483	-0.8314696123025451
5.105088062083414	0.7853981633974483	-1.0265599343186735
5.301437602932776	0.7853981633974483	-1.2141530446676345
5.497787143782138	0.7853981633974483	-1.387039845322147
5.6941366846315	0.7853981633974483	-1.5385763934890928
5.890486225480862	0.7853981633974483	-1.66293922460509
6.086835766330224	0.7853981633974483	-1.7553491448138319
6.283185307179586	0.7853981633974483	-1.8122548927057756

0.0	0.9817477042468103	-1.687892061589778
0.19634954084936207	0.9817477042468103	-1.7071067811865475
0.39269908169872414	0.9817477042468103	-1.687892061589778
0.5890486225480862	0.9817477042468103	-1.6309863136978342
0.7853981633974483	0.9817477042468103	-1.5385763934890928
0.9817477042468103	0.9817477042468103	-1.414213562373095
1.1780972450961724	0.9817477042468103	-1.2626770142061496
1.3744467859455345	0.9817477042468103	-1.0897902135516373
1.5707963267948966	0.9817477042468103	-0.9021971032026757
1.7671458676442586	0.9817477042468103	-0.7071067811865475
1.9634954084936207	0.9817477042468103	-0.5120164591704193
2.1598449493429825	0.9817477042468103	-0.3244233488214579
2.356194490192345	0.9817477042468103	-0.15153654816694528
2.552544031041707	0.9817477042468103	2.220446049250313E-16
2.748893571891069	0.9817477042468103	0.12436283111599777
2.945243112740431	0.9817477042468103	0.21677275132473917
3.141592653589793	0.9817477042468103	0.27367849921668297
3.3379421944391554	0.9817477042468103	0.29289321881345254
3.5342917352885173	0.9817477042468103	0.27367849921668297
3.730641276137879	0.9817477042468103	0.2167727513247394
3.9269908169872414	0.9817477042468103	0.124362831115998
4.123340357836604	0.9817477042468103	1.1102230246251565E-16
4.319689898685965	0.9817477042468103	-0.15153654816694462
4.516039439535327	0.9817477042468103	-0.3244233488214572
4.71238898038469	0.9817477042468103	-0.5120164591704188
4.908738521234052	0.9817477042468103	-0.7071067811865474
5.105088062083414	0.9817477042468103	-0.9021971032026759
5.301437602932776	0.9817477042468103	-1.0897902135516366
5.497787143782138	0.9817477042468103	-1.2626770142061494
5.6941366846315	0.9817477042468103	-1.414213562373095
5.890486225480862	0.9817477042468103	-1.5385763934890924
6.086835766330224	0.9817477042468103	-1.630986313697834
6.283185307179586	0.9817477042468103	-1.687892061589778

0.0	1.1780972450961724	-1.5363555134228326
0.19634954084936207	1.1780972450961724	-1.5555702330196022
0.39269908169872414	1.1780972450961724	-1.5363555134228326
0.5890486225480862	1.1780972450961724	-1.479449765530889
0.7853981633974483	1.1780972450961724	-1.3870398453221475
0.9817477042468103	1.1780972450961724	-1.2626770142061496
1.1780972450961724	1.1780972450961724	-1.1111404660392044
1.3744467859455345	1.1780972450961724	-0.938253665384692
1.5707963267948966	1.1780972450961724	-0.7506605550357304
1.7671458676442586	1.1780972450961724	-0.5555702330196022
1.9634954084936207	1.1780972450961724	-0.36047991100347393
2.1598449493429825	1.1780972450961724	-0.17288680065451262
2.356194490192345	1.1780972450961724	0.0
2.552544031041707	1.1780972450961724	0.1515365481669455
2.748893571891069	1.1780972450961724	0.27589937928294306
2.945243112740431	1.1780972450961724	0.36830929949168445
3.141592653589793	1.1780972450961724	0.42521504738362825
3.3379421944391554	1.1780972450961724	0.4444297669803978
3.5342917352885173	1.1780972450961724	0.42521504738362825
3.730641276137879	1.1780972450961724	0.36830929949168467
3.9269908169872414	1.1780972450961724	0.2758993792829433
4.123340357836604	1.1780972450961724	0.1515365481669454
4.319689898685965	1.1780972450961724	6.661338147750939E-16
4.516039439535327	1.1780972450961724	-0.1728868006545119
4.71238898038469	1.1780972450961724	-0.36047991100347354
4.908738521234052	1.1780972450961724	-0.5555702330196021
5.105088062083414	1.1780972450961724	-0.7506605550357306
5.301437602932776	1.1780972450961724	-0.9382536653846913
5.497787143782138	1.1780972450961724	-1.1111404660392041
5.6941366846315	1.1780972450961724	-1.2626770142061496
5.890486225480862	1.1780972450961724	-1.387039845322147
6.086835766330224	1.1780972450961724	-1.4794497655308887
6.283185307179586	1.1780972450961724	-1.5363555134228326

0.0	1.3744467859455345	-1.3634687127683203
0.19634954084936207	1.3744467859455345	-1.3826834323650898
0.39269908169872414	1.3744467859455345	-1.3634687127683203
0.5890486225480862	1.3744467859455345	-1.3065629648763766
0.7853981633974483	1.3744467859455345	-1.214153044667635
0.9817477042468103	1.3744467859455345	-1.0897902135516373
1.1780972450961724	1.3744467859455345	-0.938253665384692
1.3744467859455345	1.3744467859455345	-0.7653668647301796
1.5707963267948966	1.3744467859455345	-0.577773754381218
1.7671458676442586	1.3744467859455345	-0.3826834323650898
1.9634954084936207	1.3744467859455345	-0.18759311034896153
2.1598449493429825	1.3744467859455345	-2.220446049250313E-16
2.356194490192345	1.3744467859455345	0.1728868006545124
2.552544031041707	1.3744467859455345	0.3244233488214579
2.748893571891069	1.3744467859455345	0.44878617993745545
2.945243112740431	1.3744467859455345	0.5411961001461969
3.141592653589793	1.3744467859455345	0.5981018480381406
3.3379421944391554	1.3744467859455345	0.6173165676349102
3.5342917352885173	1.3744467859455345	0.5981018480381406
3.730641276137879	1.3744467859455345	0.5411961001461971
3.9269908169872414	1.3744467859455345	0.4487861799374557
4.123340357836604	1.3744467859455345	0.3244233488214578
4.319689898685965	1.3744467859455345	0.17288680065451306
4.516039439535327	1.3744467859455345	4.996003610813204E-16
4.71238898038469	1.3744467859455345	-0.18759311034896117
4.908738521234052	1.3744467859455345	-0.38268343236508967
5.105088062083414	1.3744467859455345	-0.5777737543812181
5.301437602932776	1.3744467859455345	-0.765366864730179
5.497787143782138	1.3744467859455345	-0.9382536653846918
5.6941366846315	1.3744467859455345	-1.0897902135516373
5.890486225480862	1.3744467859455345	-1.2141530446676345
6.086835766330224	1.3744467859455345	-1.3065629648763764
6.283185307179586	1.3744467859455345	-1.36346871276832

0.0	1.5707963267948966	-1.1758756024193586
0.19634954084936207	1.5707963267948966	-1.1950903220161282
0.39269908169872414	1.5707963267948966	-1.1758756024193586
0.5890486225480862	1.5707963267948966	-1.118969854527415
0.7853981633974483	1.5707963267948966	-1.0265599343186735
0.9817477042468103	1.5707963267948966	-0.9021971032026757
1.1780972450961724	1.5707963267948966	-0.7506605550357304
1.3744467859455345	1.5707963267948966	-0.577773754381218
1.5707963267948966	1.5707963267948966	-0.3901806440322565
1.7671458676442586	1.5707963267948966	-0.19509032201612825
1.9634954084936207	1.5707963267948966	0.0
2.1598449493429825	1.5707963267948966	0.1875931103489613
2.356194490192345	1.5707963267948966	0.36047991100347393
2.552544031041707	1.5707963267948966	0.5120164591704195
2.748893571891069	1.5707963267948966	0.6363792902864169
2.945243112740431	1.5707963267948966	0.7287892104951583
3.141592653589793	1.5707963267948966	0.7856949583871022
3.3379421944391554	1.5707963267948966	0.8049096779838718
3.5342917352885173	1.5707963267948966	0.7856949583871022
3.730641276137879	1.5707963267948966	0.7287892104951585
3.9269908169872414	1.5707963267948966	0.6363792902864172
4.123340357836604	1.5707963267948966	0.5120164591704193
4.319689898685965	1.5707963267948966	0.3604799110034746
4.516039439535327	1.5707963267948966	0.18759311034896203
4.71238898038469	1.5707963267948966	3.608224830031759E-16
4.908738521234052	1.5707963267948966	-0.19509032201612814
5.105088062083414	1.5707963267948966	-0.3901806440322566
5.301437602932776	1.5707963267948966	-0.5777737543812175
5.497787143782138	1.5707963267948966	-0.7506605550357301
5.6941366846315	1.5707963267948966	-0.9021971032026757
5.890486225480862	1.5707963267948966	-1.026559934318673
6.086835766330224	1.5707963267948966	-1.1189698545274147
6.283185307179586	1.5707963267948966	-1.1758756024193586

0.0	1.7671458676442586	-0.9807852804032304
0.19634954084936207	1.7671458676442586	-1.0
0.39269908169872414	1.7671458676442586	-0.9807852804032304
0.5890486225480862	1.7671458676442586	-0.9238795325112867
0.7853981633974483	1.7671458676442586	-0.8314696123025452
0.9817477042468103	1.7671458676442586	-0.7071067811865475
1.1780972450961724	1.7671458676442586	-0.5555702330196022
1.3744467859455345	1.7671458676442586	-0.3826834323650898
1.5707963267948966	1.7671458676442586	-0.19509032201612825
1.7671458676442586	1.7671458676442586	0.0
1.9634954084936207	1.7671458676442586	0.19509032201612825
2.1598449493429825	1.7671458676442586	0.38268343236508956
2.356194490192345	1.7671458676442586	0.5555702330196022
2.552544031041707	1.7671458676442586	0.7071067811865477
2.748893571891069	1.7671458676442586	0.8314696123025452
2.945243112740431	1.7671458676442586	0.9238795325112866
3.141592653589793	1.7671458676442586	0.9807852804032304
3.3379421944391554	1.7671458676442586	1.0
3.5342917352885173	1.7671458676442586	0.9807852804032304
3.730641276137879	1.7671458676442586	0.9238795325112868
3.9269908169872414	1.7671458676442586	0.8314696123025455
4.123340357836604	1.7671458676442586	0.7071067811865476
4.319689898685965	1.7671458676442586	0.5555702330196028
4.516039439535327	1.7671458676442586	0.3826834323650903
4.71238898038469	1.7671458676442586	0.1950903220161286
4.908738521234052	1.7671458676442586	1.2246467991473532E-16
5.105088062083414	1.7671458676442586	-0.19509032201612836
5.301437602932776	1.7671458676442586	-0.3826834323650892
5.497787143782138	1.7671458676442586	-0.555570233019602
5.6941366846315	1.7671458676442586	-0.7071067811865475
5.890486225480862	1.7671458676442586	-0.8314696123025448
6.086835766330224	1.7671458676442586	-0.9238795325112865
6.283185307179586	1.7671458676442586	-0.9807852804032303

0.0	1.9634954084936207	-0.7856949583871022
0.19634954084936207	1.9634954084936207	-0.8049096779838718
0.39269908169872414	1.9634954084936207	-0.7856949583871022
0.5890486225480862	1.9634954084936207	-0.7287892104951585
0.7853981633974483	1.9634954084936207	-0.6363792902864169
0.9817477042468103	1.9634954084936207	-0.5120164591704193
1.1780972450961724	1.9634954084936207	-0.36047991100347393
1.3744467859455345	1.9634954084936207	-0.18759311034896153
1.5707963267948966	1.9634954084936207	0.0
1.7671458676442586	1.9634954084936207	0.19509032201612825
1.9634954084936207	1.9634954084936207	0.3901806440322565
2.1598449493429825	1.9634954084936207	0.5777737543812178
2.356194490192345	1.9634954084936207	0.7506605550357304
2.552544031041707	1.9634954084936207	0.9021971032026759
2.748893571891069	1.9634954084936207	1.0265599343186735
2.945243112740431	1.9634954084936207	1.118969854527415
3.141592653589793	1.9634954084936207	1.1758756024193586
3.3379421944391554	1.9634954084936207	1.1950903220161282
3.5342917352885173	1.9634954084936207	1.1758756024193586
3.730641276137879	1.9634954084936207	1.1189698545274152
3.9269908169872414	1.9634954084936207	1.0265599343186738
4.123340357836604	1.9634954084936207	0.9021971032026759
4.319689898685965	1.9634954084936207	0.750660555035731
4.516039439535327	1.9634954084936207	0.5777737543812185
4.71238898038469	1.9634954084936207	0.39018064403225683
4.908738521234052	1.9634954084936207	0.19509032201612836
5.105088062083414	1.9634954084936207	-1.1102230246251565E-16
5.301437602932776	1.9634954084936207	-0.18759311034896098
5.497787143782138	1.9634954084936207	-0.3604799110034737
5.6941366846315	1.9634954084936207	-0.5120164591704193
5.890486225480862	1.9634954084936207	-0.6363792902864165
6.086835766330224	1.9634954084936207	-0.7287892104951583
6.283185307179586	1.9634954084936207	-0.785694958387102

0.0	2.1598449493429825	-0.5981018480381408
0.19634954084936207	2.1598449493429825	-0.6173165676349104
0.39269908169872414	2.1598449493429825	-0.5981018480381408
0.5890486225480862	2.1598449493429825	-0.5411961001461971
0.7853981633974483	2.1598449493429825	-0.4487861799374557
0.9817477042468103	2.1598449493429825	-0.3244233488214579
1.1780972450961724	2.1598449493429825	-0.17288680065451262
1.3744467859455345	2.1598449493429825	-2.220446049250313E-16
1.5707963267948966	2.1598449493429825	0.1875931103489613
1.7671458676442586	2.1598449493429825	0.38268343236508956
1.9634954084936207	2.1598449493429825	0.5777737543812178
2.1598449493429825	2.1598449493429825	0.7653668647301791
2.356194490192345	2.1598449493429825	0.9382536653846918
2.552544031041707	2.1598449493429825	1.0897902135516373
2.748893571891069	2.1598449493429825	1.2141530446676347
2.945243112740431	2.1598449493429825	1.3065629648763761
3.141592653589793	2.1598449493429825	1.36346871276832
3.3379421944391554	2.1598449493429825	1.3826834323650896
3.5342917352885173	2.1598449493429825	1.36346871276832
3.730641276137879	2.1598449493429825	1.3065629648763764
3.9269908169872414	2.1598449493429825	1.214153044667635
4.123340357836604	2.1598449493429825	1.089790213551637
4.319689898685965	2.1598449493429825	0.9382536653846925
4.516039439535327	2.1598449493429825	0.7653668647301799
4.71238898038469	2.1598449493429825	0.5777737543812181
4.908738521234052	2.1598449493429825	0.38268343236508967
5.105088062083414	2.1598449493429825	0.1875931103489612
5.301437602932776	2.1598449493429825	3.3306690738754696E-16
5.497787143782138	2.1598449493429825	-0.1728868006545124
5.6941366846315	2.1598449493429825	-0.3244233488214579
5.890486225480862	2.1598449493429825	-0.44878617993745523
6.086835766330224	2.1598449493429825	-0.5411961001461969
6.283185307179586	2.1598449493429825	-0.5981018480381408

0.0	2.356194490192345	-0.42521504738362825
0.19634954084936207	2.356194490192345	-0.4444297669803978
0.39269908169872414	2.356194490192345	-0.42521504738362825
0.5890486225480862	2.356194490192345	-0.36830929949168456
0.7853981633974483	2.356194490192345	-0.27589937928294306
0.9817477042468103	2.356194490192345	-0.15153654816694528
1.1780972450961724	2.356194490192345	0.0
1.3744467859455345	2.356194490192345	0.1728868006545124
1.5707963267948966	2.356194490192345	0.36047991100347393
1.7671458676442586	2.356194490192345	0.5555702330196022
1.9634954084936207	2.356194490192345	0.7506605550357304
2.1598449493429825	2.356194490192345	0.9382536653846918
2.356194490192345	2.356194490192345	1.1111404660392044
2.552544031041707	2.356194490192345	1.2626770142061499
2.748893571891069	2.356194490192345	1.3870398453221475
2.945243112740431	2.356194490192345	1.4794497655308887
3.141592653589793	2.356194490192345	1.5363555134228326
3.3379421944391554	2.356194490192345	1.5555702330196022
3.5342917352885173	2.356194490192345	1.5363555134228326
3.730641276137879	2.356194490192345	1.4794497655308891
3.9269908169872414	2.356194490192345	1.3870398453221475
4.123340357836604	2.356194490192345	1.2626770142061496
4.319689898685965	2.356194490192345	1.111140466039205
4.516039439535327	2.356194490192345	0.9382536653846925
4.71238898038469	2.356194490192345	0.7506605550357308
4.908738521234052	2.356194490192345	0.5555702330196023
5.105088062083414	2.356194490192345	0.3604799110034738
5.301437602932776	2.356194490192345	0.17288680065451295
5.497787143782138	2.356194490192345	2.220446049250313E-16
5.6941366846315	2.356194490192345	-0.15153654816694528
5.890486225480862	2.356194490192345	-0.2758993792829426
6.086835766330224	2.356194490192345	-0.36830929949168434
6.283185307179586	2.356194490192345	-0.42521504738362814

0.0	2.552544031041707	-0.27367849921668275
0.19634954084936207	2.552544031041707	-0.2928932188134523
0.39269908169872414	2.552544031041707	-0.27367849921668275
0.5890486225480862	2.552544031041707	-0.21677275132473905
0.7853981633974483	2.552544031041707	-0.12436283111599755
0.9817477042468103	2.552544031041707	2.220446049250313E-16
1.1780972450961724	2.552544031041707	0.1515365481669455
1.3744467859455345	2.552544031041707	0.3244233488214579
1.5707963267948966	2.552544031041707	0.5120164591704195
1.7671458676442586	2.552544031041707	0.7071067811865477
1.9634954084936207	2.552544031041707	0.9021971032026759
2.1598449493429825	2.552544031041707	1.0897902135516373
2.356194490192345	2.552544031041707	1.2626770142061499
2.552544031041707	2.552544031041707	1.4142135623730954
2.748893571891069	2.552544031041707	1.5385763934890928
2.945243112740431	2.552544031041707	1.6309863136978344
3.141592653589793	2.552544031041707	1.6878920615897781
3.3379421944391554	2.552544031041707	1.7071067811865477
3.5342917352885173	2.552544031041707	1.6878920615897781
3.730641276137879	2.552544031041707	1.6309863136978344
3.9269908169872414	2.552544031041707	1.5385763934890933
4.123340357836604	2.552544031041707	1.4142135623730954
4.319689898685965	2.552544031041707	1.2626770142061505
4.516039439535327	2.552544031041707	1.089790213551638
4.71238898038469	2.552544031041707	0.9021971032026763
4.908738521234052	2.552544031041707	0.7071067811865478
5.105088062083414	2.552544031041707	0.5120164591704193
5.301437602932776	2.552544031041707	0.32442334882145846
5.497787143782138	2.552544031041707	0.15153654816694573
5.6941366846315	2.552544031041707	2.220446049250313E-16
5.890486225480862	2.552544031041707	-0.12436283111599711
6.086835766330224	2.552544031041707	-0.21677275132473883
6.283185307179586	2.552544031041707	-0.27367849921668264

0.0	2.748893571891069	-0.1493156681006852
0.19634954084936207	2.748893571891069	-0.16853038769745476
0.39269908169872414	2.748893571891069	-0.1493156681006852
0.5890486225480862	2.748893571891069	-0.0924099202087415
0.7853981633974483	2.748893571891069	0.0
0.9817477042468103	2.748893571891069	0.12436283111599777
1.1780972450961724	2.748893571891069	0.27589937928294306
1.3744467859455345	2.748893571891069	0.44878617993745545
1.5707963267948966	2.748893571891069	0.6363792902864169
1.7671458676442586	2.748893571891069	0.8314696123025452
1.9634954084936207	2.748893571891069	1.0265599343186735
2.1598449493429825	2.748893571891069	1.2141530446676347
2.356194490192345	2.748893571891069	1.3870398453221475
2.552544031041707	2.748893571891069	1.5385763934890928
2.748893571891069	2.748893571891069	1.6629392246050905
2.945243112740431	2.748893571891069	1.7553491448138319
3.141592653589793	2.748893571891069	1.8122548927057758
3.3379421944391554	2.748893571891069	1.8314696123025453
3.5342917352885173	2.748893571891069	1.8122548927057758
3.730641276137879	2.748893571891069	1.755349144813832
3.9269908169872414	2.748893571891069	1.6629392246050907
4.123340357836604	2.748893571891069	1.5385763934890928
4.319689898685965	2.748893571891069	1.387039845322148
4.516039439535327	2.748893571891069	1.2141530446676354
4.71238898038469	2.748893571891069	1.0265599343186738
4.908738521234052	2.748893571891069	0.8314696123025453
5.105088062083414	2.748893571891069	0.6363792902864169
5.301437602932776	2.748893571891069	0.448786179937456
5.497787143782138	2.748893571891069	0.2758993792829433
5.6941366846315	2.748893571891069	0.12436283111599777
5.890486225480862	2.748893571891069	4.440892098500626E-16
6.086835766330224	2.748893571891069	-0.09240992020874128
6.283185307179586	2.748893571891069	-0.14931566810068508

0.0	2.945243112740431	-0.0569057478919438
0.19634954084936207	2.945243112740431	-0.07612046748871337
0.39269908169872414	2.945243112740431	-0.0569057478919438
0.5890486225480862	2.945243112740431	-1.1102230246251565E-16
0.7853981633974483	2.945243112740431	0.09240992020874139
0.9817477042468103	2.945243112740431	0.21677275132473917
1.1780972450961724	2.945243112740431	0.36830929949168445
1.3744467859455345	2.945243112740431	0.5411961001461969
1.5707963267948966	2.945243112740431	0.7287892104951583
1.7671458676442586	2.945243112740431	0.9238795325112866
1.9634954084936207	2.945243112740431	1.118969854527415
2.1598449493429825	2.945243112740431	1.3065629648763761
2.356194490192345	2.945243112740431	1.4794497655308887
2.552544031041707	2.945243112740431	1.6309863136978344
2.748893571891069	2.945243112740431	1.7553491448138319
2.945243112740431	2.945243112740431	1.8477590650225733
3.141592653589793	2.945243112740431	1.904664812914517
3.3379421944391554	2.945243112740431	1.9238795325112865
3.5342917352885173	2.945243112740431	1.904664812914517
3.730641276137879	2.945243112740431	1.8477590650225735
3.9269908169872414	2.945243112740431	1.755349144813832
4.123340357836604	2.945243112740431	1.6309863136978342
4.319689898685965	2.945243112740431	1.4794497655308896
4.516039439535327	2.945243112740431	1.306562964876377
4.71238898038469	2.945243112740431	1.1189698545274152
4.908738521234052	2.945243112740431	0.9238795325112867
5.105088062083414	2.945243112740431	0.7287892104951583
5.301437602932776	2.945243112740431	0.5411961001461973
5.497787143782138	2.945243112740431	0.36830929949168467
5.6941366846315	2.945243112740431	0.21677275132473917
5.890486225480862	2.945243112740431	0.09240992020874184
6.086835766330224	2.945243112740431	1.1102230246251565E-16
6.283185307179586	2.945243112740431	-0.05690574789194369

0.0	3.141592653589793	0.0
0.19634954084936207	3.141592653589793	-0.01921471959676957
0.39269908169872414	3.141592653589793	0.0
0.5890486225480862	3.141592653589793	0.05690574789194369
0.7853981633974483	3.141592653589793	0.1493156681006852
0.9817477042468103	3.141592653589793	0.27367849921668297
1.1780972450961724	3.141592653589793	0.42521504738362825
1.3744467859455345	3.141592653589793	0.5981018480381406
1.5707963267948966	3.141592653589793	0.7856949583871022
1.7671458676442586	3.141592653589793	0.9807852804032304
1.9634954084936207	3.141592653589793	1.1758756024193586
2.1598449493429825	3.141592653589793	1.36346871276832
2.356194490192345	3.141592653589793	1.5363555134228326
2.552544031041707	3.141592653589793	1.6878920615897781
2.748893571891069	3.141592653589793	1.8122548927057758
2.945243112740431	3.141592653589793	1.904664812914517
3.141592653589793	3.141592653589793	1.9615705608064609
3.3379421944391554	3.141592653589793	1.9807852804032304
3.5342917352885173	3.141592653589793	1.9615705608064609
3.730641276137879	3.141592653589793	1.9046648129145174
3.9269908169872414	3.141592653589793	1.8122548927057758
4.123340357836604	3.141592653589793	1.687892061589778
4.319689898685965	3.141592653589793	1.5363555134228333
4.516039439535327	3.141592653589793	1.3634687127683207
4.71238898038469	3.141592653589793	1.175875602419359
4.908738521234052	3.141592653589793	0.9807852804032305
5.105088062083414	3.141592653589793	0.785694958387102
5.301437602932776	3.141592653589793	0.5981018480381413
5.497787143782138	3.141592653589793	0.4252150473836285
5.6941366846315	3.141592653589793	0.27367849921668297
5.890486225480862	3.141592653589793	0.14931566810068564
6.086835766330224	3.141592653589793	0.056905747891943914
6.283185307179586	3.141592653589793	1.1102230246251565E-16

0.0	3.3379421944391554	0.01921471959676957
0.19634954084936207	3.3379421944391554	0.0
0.39269908169872414	3.3379421944391554	0.01921471959676957
0.5890486225480862	3.3379421944391554	0.07612046748871326
0.7853981633974483	3.3379421944391554	0.16853038769745476
0.9817477042468103	3.3379421944391554	0.29289321881345254
1.1780972450961724	3.3379421944391554	0.4444297669803978
1.3744467859455345	3.3379421944391554	0.6173165676349102
1.5707963267948966	3.3379421944391554	0.8049096779838718
1.7671458676442586	3.3379421944391554	1.0
1.9634954084936207	3.3379421944391554	1.1950903220161282
2.1598449493429825	3.3379421944391554	1.3826834323650896
2.356194490192345	3.3379421944391554	1.5555702330196022
2.552544031041707	3.3379421944391554	1.7071067811865477
2.748893571891069	3.3379421944391554	1.8314696123025453
2.945243112740431	3.3379421944391554	1.9238795325112865
3.141592653589793	3.3379421944391554	1.9807852804032304
3.3379421944391554	3.3379421944391554	2.0
3.5342917352885173	3.3379421944391554	1.9807852804032304
3.730641276137879	3.3379421944391554	1.923879532511287
3.9269908169872414	3.3379421944391554	1.8314696123025453
4.123340357836604	3.3379421944391554	1.7071067811865475
4.319689898685965	3.3379421944391554	1.5555702330196028
4.516039439535327	3.3379421944391554	1.3826834323650903
4.71238898038469	3.3379421944391554	1.1950903220161286
4.908738521234052	3.3379421944391554	1.0000000000000002
5.105088062083414	3.3379421944391554	0.8049096779838716
5.301437602932776	3.3379421944391554	0.6173165676349108
5.497787143782138	3.3379421944391554	0.44442976698039804
5.6941366846315	3.3379421944391554	0.29289321881345254
5.890486225480862	3.3379421944391554	0.1685303876974552
6.086835766330224	3.3379421944391554	0.07612046748871348
6.283185307179586	3.3379421944391554	0.01921471959676968

0.0	3.5342917352885173	0.0
0.19634954084936207	3.5342917352885173	-0.01921471959676957
0.39269908169872414	3.5342917352885173	0.0
0.5890486225480862	3.5342917352885173	0.05690574789194369
0.7853981633974483	3.5342917352885173	0.1493156681006852
0.9817477042468103	3.5342917352885173	0.27367849921668297
1.1780972450961724	3.5342917352885173	0.42521504738362825
1.3744467859455345	3.5342917352885173	0.5981018480381406
1.5707963267948966	3.5342917352885173	0.7856949583871022
1.7671458676442586	3.5342917352885173	0.9807852804032304
1.9634954084936207	3.5342917352885173	1.1758756024193586
2.1598449493429825	3.5342917352885173	1.36346871276832
2.356194490192345	3.5342917352885173	1.5363555134228326
2.552544031041707	3.5342917352885173	1.6878920615897781
2.748893571891069	3.5342917352885173	1.8122548927057758
2.945243112740431	3.5342917352885173	1.904664812914517
3.141592653589793	3.5342917352885173	1.9615705608064609
3.3379421944391554	3.5342917352885173	1.9807852804032304
3.5342917352885173	3.5342917352885173	1.9615705608064609
3.730641276137879	3.5342917352885173	1.9046648129145174
3.9269908169872414	3.5342917352885173	1.8122548927057758
4.123340357836604	3.5342917352885173	1.687892061589778
4.319689898685965	3.5342917352885173	1.5363555134228333
4.516039439535327	3.5342917352885173	1.3634687127683207
4.71238898038469	3.5342917352885173	1.175875602419359
4.908738521234052	3.5342917352885173	0.9807852804032305
5.105088062083414	3.5342917352885173	0.785694958387102
5.301437602932776	3.5342917352885173	0.5981018480381413
5.497787143782138	3.5342917352885173	0.4252150473836285
5.6941366846315	3.5342917352885173	0.27367849921668297
5.890486225480862	3.5342917352885173	0.14931566810068564
6.086835766330224	3.5342917352885173	0.056905747891943914
6.283185307179586	3.5342917352885173	1.1102230246251565E-16

0.0	3.730641276137879	-0.05690574789194358
0.19634954084936207	3.730641276137879	-0.07612046748871315
0.39269908169872414	3.730641276137879	-0.05690574789194358
0.5890486225480862	3.730641276137879	1.1102230246251565E-16
0.7853981633974483	3.730641276137879	0.09240992020874161
0.9817477042468103	3.730641276137879	0.2167727513247394
1.1780972450961724	3.730641276137879	0.36830929949168467
1.3744467859455345	3.730641276137879	0.5411961001461971
1.5707963267948966	3.730641276137879	0.7287892104951585
1.7671458676442586	3.730641276137879	0.9238795325112868
1.9634954084936207	3.730641276137879	1.1189698545274152
2.1598449493429825	3.730641276137879	1.3065629648763764
2.356194490192345	3.730641276137879	1.4794497655308891
2.552544031041707	3.730641276137879	1.6309863136978344
2.748893571891069	3.730641276137879	1.755349144813832
2.945243112740431	3.730641276137879	1.8477590650225735
3.141592653589793	3.730641276137879	1.9046648129145174
3.3379421944391554	3.730641276137879	1.923879532511287
3.5342917352885173	3.730641276137879	1.9046648129145174
3.730641276137879	3.730641276137879	1.8477590650225737
3.9269908169872414	3.730641276137879	1.7553491448138323
4.123340357836604	3.730641276137879	1.6309863136978344
4.319689898685965	3.730641276137879	1.4794497655308896
4.516039439535327	3.730641276137879	1.306562964876377
4.71238898038469	3.730641276137879	1.1189698545274154
4.908738521234052	3.730641276137879	0.923879532511287
5.105088062083414	3.730641276137879	0.7287892104951585
5.301437602932776	3.730641276137879	0.5411961001461976
5.497787143782138	3.730641276137879	0.3683092994916849
5.6941366846315	3.730641276137879	0.2167727513247394
5.890486225480862	3.730641276137879	0.09240992020874206
6.086835766330224	3.730641276137879	3.3306690738754696E-16
6.283185307179586	3.730641276137879	-0.05690574789194347

0.0	3.9269908169872414	-0.14931566810068497
0.19634954084936207	3.9269908169872414	-0.16853038769745454
0.39269908169872414	3.9269908169872414	-0.14931566810068497
0.5890486225480862	3.9269908169872414	-0.09240992020874128
0.7853981633974483	3.9269908169872414	2.220446049250313E-16
0.9817477042468103	3.9269908169872414	0.124362831115998
1.1780972450961724	3.9269908169872414	0.2758993792829433
1.3744467859455345	3.9269908169872414	0.4487861799374557
1.5707963267948966	3.9269908169872414	0.6363792902864172
1.7671458676442586	3.9269908169872414	0.8314696123025455
1.9634954084936207	3.9269908169872414	1.0265599343186738
2.1598449493429825	3.9269908169872414	1.214153044667635
2.356194490192345	3.9269908169872414	1.3870398453221475
2.552544031041707	3.9269908169872414	1.5385763934890933
2.748893571891069	3.9269908169872414	1.6629392246050907
2.945243112740431	3.9269908169872414	1.755349144813832
3.141592653589793	3.9269908169872414	1.8122548927057758
3.3379421944391554	3.9269908169872414	1.8314696123025453
3.5342917352885173	3.9269908169872414	1.8122548927057758
3.730641276137879	3.9269908169872414	1.7553491448138323
3.9269908169872414	3.9269908169872414	1.662939224605091
4.123340357836604	3.9269908169872414	1.538576393489093
4.319689898685965	3.9269908169872414	1.3870398453221484
4.516039439535327	3.9269908169872414	1.2141530446676359
4.71238898038469	3.9269908169872414	1.026559934318674
4.908738521234052	3.9269908169872414	0.8314696123025456
5.105088062083414	3.9269908169872414	0.6363792902864172
5.301437602932776	3.9269908169872414	0.44878617993745623
5.497787143782138	3.9269908169872414	0.2758993792829435
5.6941366846315	3.9269908169872414	0.124362831115998
5.890486225480862	3.9269908169872414	6.661338147750939E-16
6.086835766330224	3.9269908169872414	-0.09240992020874106
6.283185307179586	3.9269908169872414	-0.14931566810068486

0.0	4.123340357836604	-0.27367849921668286
0.19634954084936207	4.123340357836604	-0.2928932188134524
0.39269908169872414	4.123340357836604	-0.27367849921668286
0.5890486225480862	4.123340357836604	-0.21677275132473917
0.7853981633974483	4.123340357836604	-0.12436283111599766
0.9817477042468103	4.123340357836604	1.1102230246251565E-16
1.1780972450961724	4.123340357836604	0.1515365481669454
1.3744467859455345	4.123340357836604	0.3244233488214578
1.5707963267948966	4.123340357836604	0.5120164591704193
1.7671458676442586	4.123340357836604	0.7071067811865476
1.9634954084936207	4.123340357836604	0.9021971032026759
2.1598449493429825	4.123340357836604	1.089790213551637
2.356194490192345	4.123340357836604	1.2626770142061496
2.552544031041707	4.123340357836604	1.4142135623730954
2.748893571891069	4.123340357836604	1.5385763934890928
2.945243112740431	4.123340357836604	1.6309863136978342
3.141592653589793	4.123340357836604	1.687892061589778
3.3379421944391554	4.123340357836604	1.7071067811865475
3.5342917352885173	4.123340357836604	1.687892061589778
3.730641276137879	4.123340357836604	1.6309863136978344
3.9269908169872414	4.123340357836604	1.538576393489093
4.123340357836604	4.123340357836604	1.4142135623730951
4.319689898685965	4.123340357836604	1.2626770142061505
4.516039439535327	4.123340357836604	1.089790213551638
4.71238898038469	4.123340357836604	0.9021971032026762
4.908738521234052	4.123340357836604	0.7071067811865477
5.105088062083414	4.123340357836604	0.5120164591704193
5.301437602932776	4.123340357836604	0.32442334882145835
5.497787143782138	4.123340357836604	0.15153654816694562
5.6941366846315	4.123340357836604	1.1102230246251565E-16
5.890486225480862	4.123340357836604	-0.12436283111599722
6.086835766330224	4.123340357836604	-0.21677275132473894
6.283185307179586	4.123340357836604	-0.27367849921668275

0.0	4.319689898685965	-0.4252150473836276
0.19634954084936207	4.319689898685965	-0.44442976698039716
0.39269908169872414	4.319689898685965	-0.4252150473836276
0.5890486225480862	4.319689898685965	-0.3683092994916839
0.7853981633974483	4.319689898685965	-0.2758993792829424
0.9817477042468103	4.319689898685965	-0.15153654816694462
1.1780972450961724	4.319689898685965	6.661338147750939E-16
1.3744467859455345	4.319689898685965	0.17288680065451306
1.5707963267948966	4.319689898685965	0.3604799110034746
1.7671458676442586	4.319689898685965	0.5555702330196028
1.9634954084936207	4.319689898685965	0.750660555035731
2.1598449493429825	4.319689898685965	0.9382536653846925
2.356194490192345	4.319689898685965	1.111140466039205
2.552544031041707	4.319689898685965	1.2626770142061505
2.748893571891069	4.319689898685965	1.387039845322148
2.945243112740431	4.319689898685965	1.4794497655308896
3.141592653589793	4.319689898685965	1.5363555134228333
3.3379421944391554	4.319689898685965	1.5555702330196028
3.5342917352885173	4.319689898685965	1.5363555134228333
3.730641276137879	4.319689898685965	1.4794497655308896
3.9269908169872414	4.319689898685965	1.3870398453221484
4.123340357836604	4.319689898685965	1.2626770142061505
4.319689898685965	4.319689898685965	1.1111404660392057
4.516039439535327	4.319689898685965	0.9382536653846931
4.71238898038469	4.319689898685965	0.7506605550357315
4.908738521234052	4.319689898685965	0.555570233019603
5.105088062083414	4.319689898685965	0.3604799110034745
5.301437602932776	4.319689898685965	0.17288680065451362
5.497787143782138	4.319689898685965	8.881784197001252E-16
5.6941366846315	4.319689898685965	-0.15153654816694462
5.890486225480862	4.319689898685965	-0.27589937928294195
6.086835766330224	4.319689898685965	-0.3683092994916837
6.283185307179586	4.319689898685965	-0.4252150473836275

0.0	4.516039439535327	-0.5981018480381401
0.19634954084936207	4.516039439535327	-0.6173165676349097
0.39269908169872414	4.516039439535327	-0.5981018480381401
0.5890486225480862	4.516039439535327	-0.5411961001461965
0.7853981633974483	4.516039439535327	-0.44878617993745495
0.9817477042468103	4.516039439535327	-0.3244233488214572
1.1780972450961724	4.516039439535327	-0.1728868006545119
1.3744467859455345	4.516039439535327	4.996003610813204E-16
1.5707963267948966	4.516039439535327	0.18759311034896203
1.7671458676442586	4.516039439535327	0.3826834323650903
1.9634954084936207	4.516039439535327	0.5777737543812185
2.1598449493429825	4.516039439535327	0.7653668647301799
2.356194490192345	4.516039439535327	0.9382536653846925
2.552544031041707	4.516039439535327	1.089790213551638
2.748893571891069	4.516039439535327	1.2141530446676354
2.945243112740431	4.516039439535327	1.306562964876377
3.141592653589793	4.516039439535327	1.3634687127683207
3.3379421944391554	4.516039439535327	1.3826834323650903
3.5342917352885173	4.516039439535327	1.3634687127683207
3.730641276137879	4.516039439535327	1.306562964876377
3.9269908169872414	4.516039439535327	1.2141530446676359
4.123340357836604	4.516039439535327	1.089790213551638
4.319689898685965	4.516039439535327	0.9382536653846931
4.516039439535327	4.516039439535327	0.7653668647301806
4.71238898038469	4.516039439535327	0.5777737543812189
4.908738521234052	4.516039439535327	0.3826834323650904
5.105088062083414	4.516039439535327	0.18759311034896192
5.301437602932776	4.516039439535327	1.0547118733938987E-15
5.497787143782138	4.516039439535327	-0.17288680065451167
5.6941366846315	4.516039439535327	-0.3244233488214572
5.890486225480862	4.516039439535327	-0.4487861799374545
6.086835766330224	4.516039439535327	-0.5411961001461962
6.283185307179586	4.516039439535327	-0.59810184803814

0.0	4.71238898038469	-0.7856949583871018
0.19634954084936207	4.71238898038469	-0.8049096779838714
0.39269908169872414	4.71238898038469	-0.7856949583871018
0.5890486225480862	4.71238898038469	-0.7287892104951581
0.7853981633974483	4.71238898038469	-0.6363792902864166
0.9817477042468103	4.71238898038469	-0.5120164591704188
1.1780972450961724	4.71238898038469	-0.36047991100347354
1.3744467859455345	4.71238898038469	-0.18759311034896117
1.5707963267948966	4.71238898038469	3.608224830031759E-16
1.7671458676442586	4.71238898038469	0.1950903220161286
1.9634954084936207	4.71238898038469	0.39018064403225683
2.1598449493429825	4.71238898038469	0.5777737543812181
2.356194490192345	4.71238898038469	0.7506605550357308
2.552544031041707	4.71238898038469	0.9021971032026763
2.748893571891069	4.71238898038469	1.0265599343186738
2.945243112740431	4.71238898038469	1.1189698545274152
3.141592653589793	4.71238898038469	1.175875602419359
3.3379421944391554	4.71238898038469	1.1950903220161286
3.5342917352885173	4.71238898038469	1.175875602419359
3.730641276137879	4.71238898038469	1.1189698545274154
3.9269908169872414	4.71238898038469	1.026559934318674
4.123340357836604	4.71238898038469	0.9021971032026762
4.319689898685965	4.71238898038469	0.7506605550357315
4.516039439535327	4.71238898038469	0.5777737543812189
4.71238898038469	4.71238898038469	0.3901806440322572
4.908738521234052	4.71238898038469	0.19509032201612872
5.105088062083414	4.71238898038469	2.498001805406602E-16
5.301437602932776	4.71238898038469	-0.18759311034896062
5.497787143782138	4.71238898038469	-0.3604799110034733
5.6941366846315	4.71238898038469	-0.5120164591704188
5.890486225480862	4.71238898038469	-0.6363792902864162
6.086835766330224	4.71238898038469	-0.7287892104951579
6.283185307179586	4.71238898038469	-0.7856949583871017

0.0	4.908738521234052	-0.9807852804032303
0.19634954084936207	4.908738521234052	-0.9999999999999999
0.39269908169872414	4.908738521234052	-0.9807852804032303
0.5890486225480862	4.908738521234052	-0.9238795325112866
0.7853981633974483	4.908738521234052	-0.8314696123025451
0.9817477042468103	4.908738521234052	-0.7071067811865474
1.1780972450961724	4.908738521234052	-0.5555702330196021
1.3744467859455345	4.908738521234052	-0.38268343236508967
1.5707963267948966	4.908738521234052	-0.19509032201612814
1.7671458676442586	4.908738521234052	1.2246467991473532E-16
1.9634954084936207	4.908738521234052	0.19509032201612836
2.1598449493429825	4.908738521234052	0.38268343236508967
2.356194490192345	4.908738521234052	0.5555702330196023
2.552544031041707	4.908738521234052	0.7071067811865478
2.748893571891069	4.908738521234052	0.8314696123025453
2.945243112740431	4.908738521234052	0.9238795325112867
3.141592653589793	4.908738521234052	0.9807852804032305
3.3379421944391554	4.908738521234052	1.0000000000000002
3.5342917352885173	4.908738521234052	0.9807852804032305
3.730641276137879	4.908738521234052	0.923879532511287
3.9269908169872414	4.908738521234052	0.8314696123025456
4.123340357836604	4.908738521234052	0.7071067811865477
4.319689898685965	4.908738521234052	0.555570233019603
4.516039439535327	4.908738521234052	0.3826834323650904
4.71238898038469	4.908738521234052	0.19509032201612872
4.908738521234052	4.908738521234052	2.4492935982947064E-16
5.105088062083414	4.908738521234052	-0.19509032201612825
5.301437602932776	4.908738521234052	-0.3826834323650891
5.497787143782138	4.908738521234052	-0.5555702330196018
5.6941366846315	4.908738521234052	-0.7071067811865474
5.890486225480862	4.908738521234052	-0.8314696123025447
6.086835766330224	4.908738521234052	-0.9238795325112864
6.283185307179586	4.908738521234052	-0.9807852804032302

0.0	5.105088062083414	-1.1758756024193588
0.19634954084936207	5.105088062083414	-1.1950903220161284
0.39269908169872414	5.105088062083414	-1.1758756024193588
0.5890486225480862	5.105088062083414	-1.1189698545274152
0.7853981633974483	5.105088062083414	-1.0265599343186735
0.9817477042468103	5.105088062083414	-0.9021971032026759
1.1780972450961724	5.105088062083414	-0.7506605550357306
1.3744467859455345	5.105088062083414	-0.5777737543812181
1.5707963267948966	5.105088062083414	-0.3901806440322566
1.7671458676442586	5.105088062083414	-0.19509032201612836
1.9634954084936207	5.105088062083414	-1.1102230246251565E-16
2.1598449493429825	5.105088062083414	0.1875931103489612
2.356194490192345	5.105088062083414	0.3604799110034738
2.552544031041707	5.105088062083414	0.5120164591704193
2.748893571891069	5.105088062083414	0.6363792902864169
2.945243112740431	5.105088062083414	0.7287892104951583
3.141592653589793	5.105088062083414	0.785694958387102
3.3379421944391554	5.105088062083414	0.8049096779838716
3.5342917352885173	5.105088062083414	0.785694958387102
3.730641276137879	5.105088062083414	0.7287892104951585
3.9269908169872414	5.105088062083414	0.6363792902864172
4.123340357836604	5.105088062083414	0.5120164591704193
4.319689898685965	5.105088062083414	0.3604799110034745
4.516039439535327	5.105088062083414	0.18759311034896192
4.71238898038469	5.105088062083414	2.498001805406602E-16
4.908738521234052	5.105088062083414	-0.19509032201612825
5.105088062083414	5.105088062083414	-0.3901806440322567
5.301437602932776	5.105088062083414	-0.5777737543812176
5.497787143782138	5.105088062083414	-0.7506605550357304
5.6941366846315	5.105088062083414	-0.9021971032026759
5.890486225480862	5.105088062083414	-1.026559934318673
6.086835766330224	5.105088062083414	-1.118969854527415
6.283185307179586	5.105088062083414	-1.1758756024193586

0.0	5.301437602932776	-1.3634687127683196
0.19634954084936207	5.301437602932776	-1.3826834323650892
0.39269908169872414	5.301437602932776	-1.3634687127683196
0.5890486225480862	5.301437602932776	-1.306562964876376
0.7853981633974483	5.301437602932776	-1.2141530446676345
0.9817477042468103	5.301437602932776	-1.0897902135516366
1.1780972450961724	5.301437602932776	-0.9382536653846913
1.3744467859455345	5.301437602932776	-0.765366864730179
1.5707963267948966	5.301437602932776	-0.5777737543812175
1.7671458676442586	5.301437602932776	-0.3826834323650892
1.9634954084936207	5.301437602932776	-0.18759311034896098
2.1598449493429825	5.301437602932776	3.3306690738754696E-16
2.356194490192345	5.301437602932776	0.17288680065451295
2.552544031041707	5.301437602932776	0.32442334882145846
2.748893571891069	5.301437602932776	0.448786179937456
2.945243112740431	5.301437602932776	0.5411961001461973
3.141592653589793	5.301437602932776	0.5981018480381413
3.3379421944391554	5.301437602932776	0.6173165676349108
3.5342917352885173	5.301437602932776	0.5981018480381413
3.730641276137879	5.301437602932776	0.5411961001461976
3.9269908169872414	5.301437602932776	0.44878617993745623
4.123340357836604	5.301437602932776	0.32442334882145835
4.319689898685965	5.301437602932776	0.17288680065451362
4.516039439535327	5.301437602932776	1.0547118733938987E-15
4.71238898038469	5.301437602932776	-0.18759311034896062
4.908738521234052	5.301437602932776	-0.3826834323650891
5.105088062083414	5.301437602932776	-0.5777737543812176
5.301437602932776	5.301437602932776	-0.7653668647301785
5.497787143782138	5.301437602932776	-0.9382536653846911
5.6941366846315	5.301437602932776	-1.0897902135516366
5.890486225480862	5.301437602932776	-1.214153044667634
6.086835766330224	5.301437602932776	-1.3065629648763757
6.283185307179586	5.301437602932776	-1.3634687127683196

0.0	5.497787143782138	-1.5363555134228324
0.19634954084936207	5.497787143782138	-1.555570233019602
0.39269908169872414	5.497787143782138	-1.5363555134228324
0.5890486225480862	5.497787143782138	-1.4794497655308887
0.7853981633974483	5.497787143782138	-1.387039845322147
0.9817477042468103	5.497787143782138	-1.2626770142061494
1.1780972450961724	5.497787143782138	-1.1111404660392041
1.3744467859455345	5.497787143782138	-0.9382536653846918
1.5707963267948966	5.497787143782138	-0.7506605550357301
1.7671458676442586	5.497787143782138	-0.555570233019602
1.9634954084936207	5.497787143782138	-0.3604799110034737
2.1598449493429825	5.497787143782138	-0.1728868006545124
2.356194490192345	5.497787143782138	2.220446049250313E-16
2.552544031041707	5.497787143782138	0.15153654816694573
2.748893571891069	5.497787143782138	0.2758993792829433
2.945243112740431	5.497787143782138	0.36830929949168467
3.141592653589793	5.497787143782138	0.4252150473836285
3.3379421944391554	5.497787143782138	0.44442976698039804
3.5342917352885173	5.497787143782138	0.4252150473836285
3.730641276137879	5.497787143782138	0.3683092994916849
3.9269908169872414	5.497787143782138	0.2758993792829435
4.123340357836604	5.497787143782138	0.15153654816694562
4.319689898685965	5.497787143782138	8.881784197001252E-16
4.516039439535327	5.497787143782138	-0.17288680065451167
4.71238898038469	5.497787143782138	-0.3604799110034733
4.908738521234052	5.497787143782138	-0.5555702330196018
5.105088062083414	5.497787143782138	-0.7506605550357304
5.301437602932776	5.497787143782138	-0.9382536653846911
5.497787143782138	5.497787143782138	-1.111140466039204
5.6941366846315	5.497787143782138	-1.2626770142061494
5.890486225480862	5.497787143782138	-1.3870398453221466
6.086835766330224	5.497787143782138	-1.4794497655308885
6.283185307179586	5.497787143782138	-1.5363555134228322

0.0	5.6941366846315	-1.687892061589778
0.19634954084936207	5.6941366846315	-1.7071067811865475
0.39269908169872414	5.6941366846315	-1.687892061589778
0.5890486225480862	5.6941366846315	-1.6309863136978342
0.7853981633974483	5.6941366846315	-1.5385763934890928
0.9817477042468103	5.6941366846315	-1.414213562373095
1.1780972450961724	5.6941366846315	-1.2626770142061496
1.3744467859455345	5.6941366846315	-1.0897902135516373
1.5707963267948966	5.6941366846315	-0.9021971032026757
1.7671458676442586	5.6941366846315	-0.7071067811865475
1.9634954084936207	5.6941366846315	-0.5120164591704193
2.1598449493429825	5.6941366846315	-0.3244233488214579
2.356194490192345	5.6941366846315	-0.15153654816694528
2.552544031041707	5.6941366846315	2.220446049250313E-16
2.748893571891069	5.6941366846315	0.12436283111599777
2.945243112740431	5.6941366846315	0.21677275132473917
3.141592653589793	5.6941366846315	0.27367849921668297
3.3379421944391554	5.6941366846315	0.29289321881345254
3.5342917352885173	5.6941366846315	0.27367849921668297
3.730641276137879	5.6941366846315	0.2167727513247394
3.9269908169872414	5.6941366846315	0.124362831115998
4.123340357836604	5.6941366846315	1.1102230246251565E-16
4.319689898685965	5.6941366846315	-0.15153654816694462
4.516039439535327	5.6941366846315	-0.3244233488214572
4.71238898038469	5.6941366846315	-0.5120164591704188
4.908738521234052	5.6941366846315	-0.7071067811865474
5.105088062083414	5.6941366846315	-0.9021971032026759
5.301437602932776	5.6941366846315	-1.0897902135516366
5.497787143782138	5.6941366846315	-1.2626770142061494
5.6941366846315	5.6941366846315	-1.414213562373095
5.890486225480862	5.6941366846315	-1.5385763934890924
6.086835766330224	5.6941366846315	-1.630986313697834
6.283185307179586	5.6941366846315	-1.687892061589778

0.0	5.890486225480862	-1.8122548927057753
0.19634954084936207	5.890486225480862	-1.831469612302545
0.39269908169872414	5.890486225480862	-1.8122548927057753
0.5890486225480862	5.890486225480862	-1.7553491448138314
0.7853981633974483	5.890486225480862	-1.66293922460509
0.9817477042468103	5.890486225480862	-1.5385763934890924
1.1780972450961724	5.890486225480862	-1.387039845322147
1.3744467859455345	5.890486225480862	-1.2141530446676345
1.5707963267948966	5.890486225480862	-1.026559934318673
1.7671458676442586	5.890486225480862	-0.8314696123025448
1.9634954084936207	5.890486225480862	-0.6363792902864165
2.1598449493429825	5.890486225480862	-0.44878617993745523
2.356194490192345	5.890486225480862	-0.2758993792829426
2.552544031041707	5.890486225480862	-0.12436283111599711
2.748893571891069	5.890486225480862	4.440892098500626E-16
2.945243112740431	5.890486225480862	0.09240992020874184
3.141592653589793	5.890486225480862	0.14931566810068564
3.3379421944391554	5.890486225480862	0.1685303876974552
3.5342917352885173	5.890486225480862	0.14931566810068564
3.730641276137879	5.890486225480862	0.09240992020874206
3.9269908169872414	5.890486225480862	6.661338147750939E-16
4.123340357836604	5.890486225480862	-0.12436283111599722
4.319689898685965	5.890486225480862	-0.27589937928294195
4.516039439535327	5.890486225480862	-0.4487861799374545
4.71238898038469	5.890486225480862	-0.6363792902864162
4.908738521234052	5.890486225480862	-0.8314696123025447
5.105088062083414	5.890486225480862	-1.026559934318673
5.301437602932776	5.890486225480862	-1.214153044667634
5.497787143782138	5.890486225480862	-1.3870398453221466
5.6941366846315	5.890486225480862	-1.5385763934890924
5.890486225480862	5.890486225480862	-1.6629392246050896
6.086835766330224	5.890486225480862	-1.7553491448138314
6.283185307179586	5.890486225480862	-1.8122548927057751

0.0	6.086835766330224	-1.904664812914517
0.19634954084936207	6.086835766330224	-1.9238795325112865
0.39269908169872414	6.086835766330224	-1.904664812914517
0.5890486225480862	6.086835766330224	-1.8477590650225733
0.7853981633974483	6.086835766330224	-1.7553491448138319
0.9817477042468103	6.086835766330224	-1.630986313697834
1.1780972450961724	6.086835766330224	-1.4794497655308887
1.3744467859455345	6.086835766330224	-1.3065629648763764
1.5707963267948966	6.086835766330224	-1.1189698545274147
1.7671458676442586	6.086835766330224	-0.9238795325112865
1.9634954084936207	6.086835766330224	-0.7287892104951583
2.1598449493429825	6.086835766330224	-0.5411961001461969
2.356194490192345	6.086835766330224	-0.36830929949168434
2.552544031041707	6.086835766330224	-0.21677275132473883
2.748893571891069	6.086835766330224	-0.09240992020874128
2.945243112740431	6.086835766330224	1.1102230246251565E-16
3.141592653589793	6.086835766330224	0.056905747891943914
3.3379421944391554	6.086835766330224	0.07612046748871348
3.5342917352885173	6.086835766330224	0.056905747891943914
3.730641276137879	6.086835766330224	3.3306690738754696E-16
3.9269908169872414	6.086835766330224	-0.09240992020874106
4.123340357836604	6.086835766330224	-0.21677275132473894
4.319689898685965	6.086835766330224	-0.3683092994916837
4.516039439535327	6.086835766330224	-0.5411961001461962
4.71238898038469	6.086835766330224	-0.7287892104951579
4.908738521234052	6.086835766330224	-0.9238795325112864
5.105088062083414	6.086835766330224	-1.118969854527415
5.301437602932776	6.086835766330224	-1.3065629648763757
5.497787143782138	6.086835766330224	-1.4794497655308885
5.6941366846315	6.086835766330224	-1.630986313697834
5.890486225480862	6.086835766330224	-1.7553491448138314
6.086835766330224	6.086835766330224	-1.847759065022573
6.283185307179586	6.086835766330224	-1.904664812914517

0.0	6.283185307179586	-1.9615705608064609
0.19634954084936207	6.283185307179586	-1.9807852804032304
0.39269908169872414	6.283185307179586	-1.9615705608064609
0.5890486225480862	6.283185307179586	-1.904664812914517
0.7853981633974483	6.283185307179586	-1.8122548927057756
0.9817477042468103	6.283185307179586	-1.687892061589778
1.1780972450961724	6.283185307179586	-1.5363555134228326
1.3744467859455345	6.283185307179586	-1.36346871276832
1.5707963267948966	6.283185307179586	-1.1758756024193586
1.7671458676442586	6.283185307179586	-0.9807852804032303
1.9634954084936207	6.283185307179586	-0.785694958387102
2.1598449493429825	6.283185307179586	-0.5981018480381408
2.356194490192345	6.283185307179586	-0.42521504738362814
2.552544031041707	6.283185307179586	-0.27367849921668264
2.748893571891069	6.283185307179586	-0.14931566810068508
2.945243112740431	6.283185307179586	-0.05690574789194369
3.141592653589793	6.283185307179586	1.1102230246251565E-16
3.3379421944391554	6.283185307179586	0.01921471959676968
3.5342917352885173	6.283185307179586	1.1102230246251565E-16
3.730641276137879	6.283185307179586	-0.05690574789194347
3.9269908169872414	6.283185307179586	-0.14931566810068486
4.123340357836604	6.283185307179586	-0.27367849921668275
4.319689898685965	6.283185307179586	-0.4252150473836275
4.516039439535327	6.283185307179586	-0.59810184803814
4.71238898038469	6.283185307179586	-0.7856949583871017
4.908738521234052	6.283185307179586	-0.9807852804032302
5.105088062083414	6.283185307179586	-1.1758756024193586
5.301437602932776	6.283185307179586	-1.3634687127683196
5.497787143782138	6.283185307179586	-1.5363555134228322
5.6941366846315	6.283185307179586	-1.687892061589778
5.890486225480862	6.283185307179586	-1.8122548927057751
6.086835766330224	6.283185307179586	-1.904664812914517
6.283185307179586	6.283185307179586	-1.9615705608064606

