0.0	0.0	0.0
0.19634954084936207	0.0	0.19509032201612825
0.39269908169872414	0.0	0.3826834323650898
0.5890486225480862	0.0	0.5555702330196022
0.7853981633974483	0.0	0.7071067811865475
0.9817477042468103	0.0	0.8314696123025452
1.1780972450961724	0.0	0.9238795325112867
1.3744467859455345	0.0	0.9807852804032304
1.5707963267948966	0.0	1.0
1.7671458676442586	0.0	0.9807852804032304
1.9634954084936207	0.0	0.9238795325112867
2.1598449493429825	0.0	0.8314696123025455
2.356194490192345	0.0	0.7071067811865476
2.552544031041707	0.0	0.5555702330196022
2.748893571891069	0.0	0.3826834323650899
2.945243112740431	0.0	0.1950903220161286
3.141592653589793	0.0	1.2246467991473532E-16
3.3379421944391554	0.0	-0.19509032201612836
3.5342917352885173	0.0	-0.38268343236508967
3.730641276137879	0.0	-0.555570233019602
3.9269908169872414	0.0	-0.7071067811865475
4.123340357836604	0.0	-0.8314696123025452
4.319689898685965	0.0	-0.9238795325112865
4.516039439535327	0.0	-0.9807852804032303
4.71238898038469	0.0	-1.0
4.908738521234052	0.0	-0.9807852804032304
5.105088062083414	0.0	-0.9238795325112866
5.301437602932776	0.0	-0.8314696123025455
5.497787143782138	0.0	-0.7071067811865477
5.6941366846315	0.0	-0.5555702330196022
5.890486225480862	0.0	-0.3826834323650904
6.086835766330224	0.0	-0.19509032201612872
6.283185307179586	0.0	-2.4492935982947064E-16

0.0	0.19634954084936207	0.19509032201612825
0.19634954084936207	0.19634954084936207	0.3901806440322565
0.39269908169872414	0.19634954084936207	0.577773754381218
0.5890486225480862	0.19634954084936207	0.7506605550357304
0.7853981633974483	0.19634954084936207	0.9021971032026757
0.9817477042468103	0.19634954084936207	1.0265599343186735
1.1780972450961724	0.19634954084936207	1.118969854527415
1.3744467859455345	0.19634954084936207	1.1758756024193586
1.5707963267948966	0.19634954084936207	1.1950903220161282
1.7671458676442586	0.19634954084936207	1.1758756024193586
1.9634954084936207	0.19634954084936207	1.118969854527415
2.1598449493429825	0.19634954084936207	1.0265599343186738
2.356194490192345	0.19634954084936207	0.9021971032026759
2.552544031041707	0.19634954084936207	0.7506605550357304
2.748893571891069	0.19634954084936207	0.5777737543812181
2.945243112740431	0.19634954084936207	0.39018064403225683
3.141592653589793	0.19634954084936207	0.19509032201612836
3.3379421944391554	0.19634954084936207	-1.1102230246251565E-16
3.5342917352885173	0.19634954084936207	-0.18759311034896142
3.730641276137879	0.19634954084936207	-0.3604799110034737
3.9269908169872414	0.19634954084936207	-0.5120164591704193
4.123340357836604	0.19634954084936207	-0.6363792902864169
4.319689898685965	0.19634954084936207	-0.7287892104951583
4.516039439535327	0.19634954084936207	-0.785694958387102
4.71238898038469	0.19634954084936207	-0.8049096779838718
4.908738521234052	0.19634954084936207	-0.7856949583871022
5.105088062083414	0.19634954084936207	-0.7287892104951583
5.301437602932776	0.19634954084936207	-0.6363792902864172
5.497787143782138	0.19634954084936207	-0.5120164591704195
5.6941366846315	0.19634954084936207	-0.36047991100347393
5.890486225480862	0.19634954084936207	-0.18759311034896214
6.086835766330224	0.19634954084936207	-4.718447854656915E-16
6.283185307179586	0.19634954084936207	0.195090322016128

0.0	0.39269908169872414	0.3826834323650898
0.19634954084936207	0.39269908169872414	0.577773754381218
0.39269908169872414	0.39269908169872414	0.7653668647301796
0.5890486225480862	0.39269908169872414	0.938253665384692
0.7853981633974483	0.39269908169872414	1.0897902135516373
0.9817477042468103	0.39269908169872414	1.214153044667635
1.1780972450961724	0.39269908169872414	1.3065629648763766
1.3744467859455345	0.39269908169872414	1.3634687127683203
1.5707963267948966	0.39269908169872414	1.3826834323650898
1.7671458676442586	0.39269908169872414	1.3634687127683203
1.9634954084936207	0.39269908169872414	1.3065629648763766
2.1598449493429825	0.39269908169872414	1.2141530446676352
2.356194490192345	0.39269908169872414	1.0897902135516373
2.552544031041707	0.39269908169872414	0.938253665384692
2.748893571891069	0.39269908169872414	0.7653668647301797
2.945243112740431	0.39269908169872414	0.5777737543812184
3.141592653589793	0.39269908169872414	0.3826834323650899
3.3379421944391554	0.39269908169872414	0.18759311034896142
3.5342917352885173	0.39269908169872414	1.1102230246251565E-16
3.730641276137879	0.39269908169872414	-0.17288680065451217
3.9269908169872414	0.39269908169872414	-0.3244233488214577
4.123340357836604	0.39269908169872414	-0.44878617993745545
4.319689898685965	0.39269908169872414	-0.5411961001461967
4.516039439535327	0.39269908169872414	-0.5981018480381406
4.71238898038469	0.39269908169872414	-0.6173165676349102
4.908738521234052	0.39269908169872414	-0.5981018480381406
5.105088062083414	0.39269908169872414	-0.5411961001461969
5.301437602932776	0.39269908169872414	-0.4487861799374557
5.497787143782138	0.39269908169872414	-0.3244233488214579
5.6941366846315	0.39269908169872414	-0.1728868006545124
5.890486225480862	0.39269908169872414	-6.106226635438361E-16
6.086835766330224	0.39269908169872414	0.18759311034896106
6.283185307179586	0.39269908169872414	0.38268343236508956

0.0	0.5890486225480862	0.5555702330196022
0.19634954084936207	0.5890486225480862	0.7506605550357304
0.39269908169872414	0.5890486225480862	0.938253665384692
0.5890486225480862	0.5890486225480862	1.1111404660392044
0.7853981633974483	0.5890486225480862	1.2626770142061496
0.9817477042468103	0.5890486225480862	1.3870398453221475
1.1780972450961724	0.5890486225480862	1.479449765530889
1.3744467859455345	0.5890486225480862	1.5363555134228326
1.5707963267948966	0.5890486225480862	1.5555702330196022
1.7671458676442586	0.5890486225480862	1.5363555134228326
1.9634954084936207	0.5890486225480862	1.479449765530889
2.1598449493429825	0.5890486225480862	1.3870398453221475
2.356194490192345	0.5890486225480862	1.2626770142061496
2.552544031041707	0.5890486225480862	1.1111404660392044
2.748893571891069	0.5890486225480862	0.938253665384692
2.945243112740431	0.5890486225480862	0.7506605550357308
3.141592653589793	0.5890486225480862	0.5555702330196023
3.3379421944391554	0.5890486225480862	0.3604799110034738
3.5342917352885173	0.5890486225480862	0.1728868006545125
3.730641276137879	0.5890486225480862	2.220446049250313E-16
3.9269908169872414	0.5890486225480862	-0.15153654816694528
4.123340357836604	0.5890486225480862	-0.27589937928294306
4.319689898685965	0.5890486225480862	-0.36830929949168434
4.516039439535327	0.5890486225480862	-0.42521504738362814
4.71238898038469	0.5890486225480862	-0.4444297669803978
4.908738521234052	0.5890486225480862	-0.42521504738362825
5.105088062083414	0.5890486225480862	-0.36830929949168445
5.301437602932776	0.5890486225480862	-0.2758993792829433
5.497787143782138	0.5890486225480862	-0.1515365481669455
5.6941366846315	0.5890486225480862	0.0
5.890486225480862	0.5890486225480862	0.17288680065451179
6.086835766330224	0.5890486225480862	0.36047991100347343
6.283185307179586	0.5890486225480862	0.555570233019602

0.0	0.7853981633974483	0.7071067811865475
0.19634954084936207	0.7853981633974483	0.9021971032026757
0.39269908169872414	0.7853981633974483	1.0897902135516373
0.5890486225480862	0.7853981633974483	1.2626770142061496
0.7853981633974483	0.7853981633974483	1.414213562373095
0.9817477042468103	0.7853981633974483	1.5385763934890928
1.1780972450961724	0.7853981633974483	1.6309863136978342
1.3744467859455345	0.7853981633974483	1.687892061589778
1.5707963267948966	0.7853981633974483	1.7071067811865475
1.7671458676442586	0.7853981633974483	1.687892061589778
1.9634954084936207	0.7853981633974483	1.6309863136978342
2.1598449493429825	0.7853981633974483	1.5385763934890928
2.356194490192345	0.7853981633974483	1.414213562373095
2.552544031041707	0.7853981633974483	1.2626770142061496
2.748893571891069	0.7853981633974483	1.0897902135516373
2.945243112740431	0.7853981633974483	0.9021971032026761
3.141592653589793	0.7853981633974483	0.7071067811865476
3.3379421944391554	0.7853981633974483	0.512016459170419
3.5342917352885173	0.7853981633974483	0.3244233488214578
3.730641276137879	0.7853981633974483	0.1515365481669455
3.9269908169872414	0.7853981633974483	0.0
4.123340357836604	0.7853981633974483	-0.12436283111599777
4.319689898685965	0.7853981633974483	-0.21677275132473905
4.516039439535327	0.7853981633974483	-0.27367849921668286
4.71238898038469	0.7853981633974483	-0.29289321881345254
4.908738521234052	0.7853981633974483	-0.27367849921668297
5.105088062083414	0.7853981633974483	-0.21677275132473917
5.301437602932776	0.7853981633974483	-0.124362831115998
5.497787143782138	0.7853981633974483	-2.220446049250313E-16
5.6941366846315	0.7853981633974483	0.15153654816694528
5.890486225480862	0.7853981633974483	0.32442334882145707
6.086835766330224	0.7853981633974483	0.5120164591704187
6.283185307179586	0.7853981633974483	0.7071067811865472

0.0	0.9817477042468103	0.8314696123025452
0.19634954084936207	0.9817477042468103	1.0265599343186735
0.39269908169872414	0.9817477042468103	1.214153044667635
0.5890486225480862	0.9817477042468103	1.3870398453221475
0.7853981633974483	0.9817477042468103	1.5385763934890928
0.9817477042468103	0.9817477042468103	1.6629392246050905
1.1780972450961724	0.9817477042468103	1.7553491448138319
1.3744467859455345	0.9817477042468103	1.8122548927057758
1.5707963267948966	0.9817477042468103	1.8314696123025453
1.7671458676442586	0.9817477042468103	1.8122548927057758
1.9634954084936207	0.9817477042468103	1.7553491448138319
2.1598449493429825	0.9817477042468103	1.6629392246050907
2.356194490192345	0.9817477042468103	1.5385763934890928
2.552544031041707	0.9817477042468103	1.3870398453221475
2.748893571891069	0.9817477042468103	1.2141530446676352
2.945243112740431	0.9817477042468103	1.0265599343186738
3.141592653589793	0.9817477042468103	0.8314696123025453
3.3379421944391554	0.9817477042468103	0.6363792902864169
3.5342917352885173	0.9817477042468103	0.44878617993745556
3.730641276137879	0.9817477042468103	0.2758993792829433
3.9269908169872414	0.9817477042468103	0.12436283111599777
4.123340357836604	0.9817477042468103	0.0
4.319689898685965	0.9817477042468103	-0.09240992020874128
4.516039439535327	0.9817477042468103	-0.14931566810068508
4.71238898038469	0.9817477042468103	-0.16853038769745476
4.908738521234052	0.9817477042468103	-0.1493156681006852
5.105088062083414	0.9817477042468103	-0.09240992020874139
5.301437602932776	0.9817477042468103	-2.220446049250313E-16
5.497787143782138	0.9817477042468103	0.12436283111599755
5.6941366846315	0.9817477042468103	0.27589937928294306
5.890486225480862	0.9817477042468103	0.44878617993745484
6.086835766330224	0.9817477042468103	0.6363792902864165
6.283185307179586	0.9817477042468103	0.831469612302545

0.0	1.1780972450961724	0.9238795325112867
0.19634954084936207	1.1780972450961724	1.118969854527415
0.39269908169872414	1.1780972450961724	1.3065629648763766
0.5890486225480862	1.1780972450961724	1.479449765530889
0.7853981633974483	1.1780972450961724	1.6309863136978342
0.9817477042468103	1.1780972450961724	1.7553491448138319
1.1780972450961724	1.1780972450961724	1.8477590650225735
1.3744467859455345	1.1780972450961724	1.9046648129145172
1.5707963267948966	1.1780972450961724	1.9238795325112867
1.7671458676442586	1.1780972450961724	1.9046648129145172
1.9634954084936207	1.1780972450961724	1.8477590650225735
2.1598449493429825	1.1780972450961724	1.7553491448138323
2.356194490192345	1.1780972450961724	1.6309863136978344
2.552544031041707	1.1780972450961724	1.479449765530889
2.748893571891069	1.1780972450961724	1.3065629648763766
2.945243112740431	1.1780972450961724	1.1189698545274154
3.141592653589793	1.1780972450961724	0.9238795325112868
3.3379421944391554	1.1780972450961724	0.7287892104951583
3.5342917352885173	1.1780972450961724	0.5411961001461971
3.730641276137879	1.1780972450961724	0.3683092994916848
3.9269908169872414	1.1780972450961724	0.21677275132473928
4.123340357836604	1.1780972450961724	0.0924099202087415
4.319689898685965	1.1780972450961724	2.220446049250313E-16
4.516039439535327	1.1780972450961724	-0.05690574789194358
4.71238898038469	1.1780972450961724	-0.07612046748871326
4.908738521234052	1.1780972450961724	-0.05690574789194369
5.105088062083414	1.1780972450961724	1.1102230246251565E-16
5.301437602932776	1.1780972450961724	0.09240992020874128
5.497787143782138	1.1780972450961724	0.21677275132473905
5.6941366846315	1.1780972450961724	0.36830929949168456
5.890486225480862	1.1780972450961724	0.5411961001461963
6.086835766330224	1.1780972450961724	0.728789210495158
6.283185307179586	1.1780972450961724	0.9238795325112865

0.0	1.3744467859455345	0.9807852804032304
0.19634954084936207	1.3744467859455345	1.1758756024193586
0.39269908169872414	1.3744467859455345	1.3634687127683203
0.5890486225480862	1.3744467859455345	1.5363555134228326
0.7853981633974483	1.3744467859455345	1.687892061589778
0.9817477042468103	1.3744467859455345	1.8122548927057758
1.1780972450961724	1.3744467859455345	1.9046648129145172
1.3744467859455345	1.3744467859455345	1.9615705608064609
1.5707963267948966	1.3744467859455345	1.9807852804032304
1.7671458676442586	1.3744467859455345	1.9615705608064609
1.9634954084936207	1.3744467859455345	1.9046648129145172
2.1598449493429825	1.3744467859455345	1.8122548927057758
2.356194490192345	1.3744467859455345	1.687892061589778
2.552544031041707	1.3744467859455345	1.5363555134228326
2.748893571891069	1.3744467859455345	1.3634687127683203
2.945243112740431	1.3744467859455345	1.175875602419359
3.141592653589793	1.3744467859455345	0.9807852804032305
3.3379421944391554	1.3744467859455345	0.785694958387102
3.5342917352885173	1.3744467859455345	0.5981018480381408
3.730641276137879	1.3744467859455345	0.4252150473836285
3.9269908169872414	1.3744467859455345	0.27367849921668297
4.123340357836604	1.3744467859455345	0.1493156681006852
4.319689898685965	1.3744467859455345	0.056905747891943914
4.516039439535327	1.3744467859455345	1.1102230246251565E-16
4.71238898038469	1.3744467859455345	-0.01921471959676957
4.908738521234052	1.3744467859455345	0.0
5.105088062083414	1.3744467859455345	0.0569057478919438
5.301437602932776	1.3744467859455345	0.14931566810068497
5.497787143782138	1.3744467859455345	0.27367849921668275
5.6941366846315	1.3744467859455345	0.42521504738362825
5.890486225480862	1.3744467859455345	0.59810184803814
6.086835766330224	1.3744467859455345	0.7856949583871017
6.283185307179586	1.3744467859455345	0.9807852804032302

0.0	1.5707963267948966	1.0
0.19634954084936207	1.5707963267948966	1.1950903220161282
0.39269908169872414	1.5707963267948966	1.3826834323650898
0.5890486225480862	1.5707963267948966	1.5555702330196022
0.7853981633974483	1.5707963267948966	1.7071067811865475
0.9817477042468103	1.5707963267948966	1.8314696123025453
1.1780972450961724	1.5707963267948966	1.9238795325112867
1.3744467859455345	1.5707963267948966	1.9807852804032304
1.5707963267948966	1.5707963267948966	2.0
1.7671458676442586	1.5707963267948966	1.9807852804032304
1.9634954084936207	1.5707963267948966	1.9238795325112867
2.1598449493429825	1.5707963267948966	1.8314696123025453
2.356194490192345	1.5707963267948966	1.7071067811865475
2.552544031041707	1.5707963267948966	1.5555702330196022
2.748893571891069	1.5707963267948966	1.3826834323650898
2.945243112740431	1.5707963267948966	1.1950903220161286
3.141592653589793	1.5707963267948966	1.0000000000000002
3.3379421944391554	1.5707963267948966	0.8049096779838716
3.5342917352885173	1.5707963267948966	0.6173165676349104
3.730641276137879	1.5707963267948966	0.44442976698039804
3.9269908169872414	1.5707963267948966	0.29289321881345254
4.123340357836604	1.5707963267948966	0.16853038769745476
4.319689898685965	1.5707963267948966	0.07612046748871348
4.516039439535327	1.5707963267948966	0.01921471959676968
4.71238898038469	1.5707963267948966	0.0
4.908738521234052	1.5707963267948966	0.01921471959676957
5.105088062083414	1.5707963267948966	0.07612046748871337
5.301437602932776	1.5707963267948966	0.16853038769745454
5.497787143782138	1.5707963267948966	0.2928932188134523
5.6941366846315	1.5707963267948966	0.4444297669803978
5.890486225480862	1.5707963267948966	0.6173165676349096
6.086835766330224	1.5707963267948966	0.8049096779838713
6.283185307179586	1.5707963267948966	0.9999999999999998

0.0	1.7671458676442586	0.9807852804032304
0.19634954084936207	1.7671458676442586	1.1758756024193586
0.39269908169872414	1.7671458676442586	1.3634687127683203
0.5890486225480862	1.7671458676442586	1.5363555134228326
0.7853981633974483	1.7671458676442586	1.687892061589778
0.9817477042468103	1.7671458676442586	1.8122548927057758
1.1780972450961724	1.7671458676442586	1.9046648129145172
1.3744467859455345	1.7671458676442586	1.9615705608064609
1.5707963267948966	1.7671458676442586	1.9807852804032304
1.7671458676442586	1.7671458676442586	1.9615705608064609
1.9634954084936207	1.7671458676442586	1.9046648129145172
2.1598449493429825	1.7671458676442586	1.8122548927057758
2.356194490192345	1.7671458676442586	1.687892061589778
2.552544031041707	1.7671458676442586	1.5363555134228326
2.748893571891069	1.7671458676442586	1.3634687127683203
2.945243112740431	1.7671458676442586	1.175875602419359
3.141592653589793	1.7671458676442586	0.9807852804032305
3.3379421944391554	1.7671458676442586	0.785694958387102
3.5342917352885173	1.7671458676442586	0.5981018480381408
3.730641276137879	1.7671458676442586	0.4252150473836285
3.9269908169872414	1.7671458676442586	0.27367849921668297
4.123340357836604	1.7671458676442586	0.1493156681006852
4.319689898685965	1.7671458676442586	0.056905747891943914
4.516039439535327	1.7671458676442586	1.1102230246251565E-16
4.71238898038469	1.7671458676442586	-0.01921471959676957
4.908738521234052	1.7671458676442586	0.0
5.105088062083414	1.7671458676442586	0.0569057478919438
5.301437602932776	1.7671458676442586	0.14931566810068497
5.497787143782138	1.7671458676442586	0.27367849921668275
5.6941366846315	1.7671458676442586	0.42521504738362825
5.890486225480862	1.7671458676442586	0.59810184803814
6.086835766330224	1.7671458676442586	0.7856949583871017
6.283185307179586	1.7671458676442586	0.9807852804032302

0.0	1.9634954084936207	0.9238795325112867
0.19634954084936207	1.9634954084936207	1.118969854527415
0.39269908169872414	1.9634954084936207	1.3065629648763766
0.5890486225480862	1.9634954084936207	1.479449765530889
0.7853981633974483	1.9634954084936207	1.6309863136978342
0.9817477042468103	1.9634954084936207	1.7553491448138319
1.1780972450961724	1.9634954084936207	1.8477590650225735
1.3744467859455345	1.9634954084936207	1.9046648129145172
1.5707963267948966	1.9634954084936207	1.9238795325112867
1.7671458676442586	1.9634954084936207	1.9046648129145172
1.9634954084936207	1.9634954084936207	1.8477590650225735
2.1598449493429825	1.9634954084936207	1.7553491448138323
2.356194490192345	1.9634954084936207	1.6309863136978344
2.552544031041707	1.9634954084936207	1.479449765530889
2.748893571891069	1.9634954084936207	1.3065629648763766
2.945243112740431	1.9634954084936207	1.1189698545274154
3.141592653589793	1.9634954084936207	0.9238795325112868
3.3379421944391554	1.9634954084936207	0.7287892104951583
3.5342917352885173	1.9634954084936207	0.5411961001461971
3.730641276137879	1.9634954084936207	0.3683092994916848
3.9269908169872414	1.9634954084936207	0.21677275132473928
4.123340357836604	1.9634954084936207	0.0924099202087415
4.319689898685965	1.9634954084936207	2.220446049250313E-16
4.516039439535327	1.9634954084936207	-0.05690574789194358
4.71238898038469	1.9634954084936207	-0.07612046748871326
4.908738521234052	1.9634954084936207	-0.05690574789194369
5.105088062083414	1.9634954084936207	1.1102230246251565E-16
5.301437602932776	1.9634954084936207	0.09240992020874128
5.497787143782138	1.9634954084936207	0.21677275132473905
5.6941366846315	1.9634954084936207	0.36830929949168456
5.890486225480862	1.9634954084936207	0.5411961001461963
6.086835766330224	1.9634954084936207	0.728789210495158
6.283185307179586	1.9634954084936207	0.9238795325112865

0.0	2.1598449493429825	0.8314696123025455
0.19634954084936207	2.1598449493429825	1.0265599343186738
0.39269908169872414	2.1598449493429825	1.2141530446676352
0.5890486225480862	2.1598449493429825	1.3870398453221475
0.7853981633974483	2.1598449493429825	1.5385763934890928
0.9817477042468103	2.1598449493429825	1.6629392246050907
1.1780972450961724	2.1598449493429825	1.7553491448138323
1.3744467859455345	2.1598449493429825	1.8122548927057758
1.5707963267948966	2.1598449493429825	1.8314696123025453
1.7671458676442586	2.1598449493429825	1.8122548927057758
1.9634954084936207	2.1598449493429825	1.7553491448138323
2.1598449493429825	2.1598449493429825	1.662939224605091
2.356194490192345	2.1598449493429825	1.538576393489093
2.552544031041707	2.1598449493429825	1.3870398453221475
2.748893571891069	2.1598449493429825	1.2141530446676354
2.945243112740431	2.1598449493429825	1.026559934318674
3.141592653589793	2.1598449493429825	0.8314696123025456
3.3379421944391554	2.1598449493429825	0.6363792902864172
3.5342917352885173	2.1598449493429825	0.4487861799374558
3.730641276137879	2.1598449493429825	0.2758993792829435
3.9269908169872414	2.1598449493429825	0.124362831115998
4.123340357836604	2.1598449493429825	2.220446049250313E-16
4.319689898685965	2.1598449493429825	-0.09240992020874106
4.516039439535327	2.1598449493429825	-0.14931566810068486
4.71238898038469	2.1598449493429825	-0.16853038769745454
4.908738521234052	2.1598449493429825	-0.14931566810068497
5.105088062083414	2.1598449493429825	-0.09240992020874117
5.301437602932776	2.1598449493429825	0.0
5.497787143782138	2.1598449493429825	0.12436283111599777
5.6941366846315	2.1598449493429825	0.2758993792829433
5.890486225480862	2.1598449493429825	0.44878617993745507
6.086835766330224	2.1598449493429825	0.6363792902864167
6.283185307179586	2.1598449493429825	0.8314696123025452

0.0	2.356194490192345	0.7071067811865476
0.19634954084936207	2.356194490192345	0.9021971032026759
0.39269908169872414	2.356194490192345	1.0897902135516373
0.5890486225480862	2.356194490192345	1.2626770142061496
0.7853981633974483	2.356194490192345	1.414213562373095
0.9817477042468103	2.356194490192345	1.5385763934890928
1.1780972450961724	2.356194490192345	1.6309863136978344
1.3744467859455345	2.356194490192345	1.687892061589778
1.5707963267948966	2.356194490192345	1.7071067811865475
1.7671458676442586	2.356194490192345	1.687892061589778
1.9634954084936207	2.356194490192345	1.6309863136978344
2.1598449493429825	2.356194490192345	1.538576393489093
2.356194490192345	2.356194490192345	1.4142135623730951
2.552544031041707	2.356194490192345	1.2626770142061496
2.748893571891069	2.356194490192345	1.0897902135516375
2.945243112740431	2.356194490192345	0.9021971032026762
3.141592653589793	2.356194490192345	0.7071067811865477
3.3379421944391554	2.356194490192345	0.5120164591704193
3.5342917352885173	2.356194490192345	0.3244233488214579
3.730641276137879	2.356194490192345	0.15153654816694562
3.9269908169872414	2.356194490192345	1.1102230246251565E-16
4.123340357836604	2.356194490192345	-0.12436283111599766
4.319689898685965	2.356194490192345	-0.21677275132473894
4.516039439535327	2.356194490192345	-0.27367849921668275
4.71238898038469	2.356194490192345	-0.2928932188134524
4.908738521234052	2.356194490192345	-0.27367849921668286
5.105088062083414	2.356194490192345	-0.21677275132473905
5.301437602932776	2.356194490192345	-0.12436283111599788
5.497787143782138	2.356194490192345	-1.1102230246251565E-16
5.6941366846315	2.356194490192345	0.1515365481669454
5.890486225480862	2.356194490192345	0.3244233488214572
6.086835766330224	2.356194490192345	0.5120164591704188
6.283185307179586	2.356194490192345	0.7071067811865474

0.0	2.552544031041707	0.5555702330196022
0.19634954084936207	2.552544031041707	0.7506605550357304
0.39269908169872414	2.552544031041707	0.938253665384692
0.5890486225480862	2.552544031041707	1.1111404660392044
0.7853981633974483	2.552544031041707	1.2626770142061496
0.9817477042468103	2.552544031041707	1.3870398453221475
1.1780972450961724	2.552544031041707	1.479449765530889
1.3744467859455345	2.552544031041707	1.5363555134228326
1.5707963267948966	2.552544031041707	1.5555702330196022
1.7671458676442586	2.552544031041707	1.5363555134228326
1.9634954084936207	2.552544031041707	1.479449765530889
2.1598449493429825	2.552544031041707	1.3870398453221475
2.356194490192345	2.552544031041707	1.2626770142061496
2.552544031041707	2.552544031041707	1.1111404660392044
2.748893571891069	2.552544031041707	0.938253665384692
2.945243112740431	2.552544031041707	0.7506605550357308
3.141592653589793	2.552544031041707	0.5555702330196023
3.3379421944391554	2.552544031041707	0.3604799110034738
3.5342917352885173	2.552544031041707	0.1728868006545125
3.730641276137879	2.552544031041707	2.220446049250313E-16
3.9269908169872414	2.552544031041707	-0.15153654816694528
4.123340357836604	2.552544031041707	-0.27589937928294306
4.319689898685965	2.552544031041707	-0.36830929949168434
4.516039439535327	2.552544031041707	-0.42521504738362814
4.71238898038469	2.552544031041707	-0.4444297669803978
4.908738521234052	2.552544031041707	-0.42521504738362825
5.105088062083414	2.552544031041707	-0.36830929949168445
5.301437602932776	2.552544031041707	-0.2758993792829433
5.497787143782138	2.552544031041707	-0.1515365481669455
5.6941366846315	2.552544031041707	0.0
5.890486225480862	2.552544031041707	0.17288680065451179
6.086835766330224	2.552544031041707	0.36047991100347343
6.283185307179586	2.552544031041707	0.555570233019602

0.0	2.748893571891069	0.3826834323650899
0.19634954084936207	2.748893571891069	0.5777737543812181
0.39269908169872414	2.748893571891069	0.7653668647301797
0.5890486225480862	2.748893571891069	0.938253665384692
0.7853981633974483	2.748893571891069	1.0897902135516373
0.9817477042468103	2.748893571891069	1.2141530446676352
1.1780972450961724	2.748893571891069	1.3065629648763766
1.3744467859455345	2.748893571891069	1.3634687127683203
1.5707963267948966	2.748893571891069	1.3826834323650898
1.7671458676442586	2.748893571891069	1.3634687127683203
1.9634954084936207	2.748893571891069	1.3065629648763766
2.1598449493429825	2.748893571891069	1.2141530446676354
2.356194490192345	2.748893571891069	1.0897902135516375
2.552544031041707	2.748893571891069	0.938253665384692
2.748893571891069	2.748893571891069	0.7653668647301798
2.945243112740431	2.748893571891069	0.5777737543812185
3.141592653589793	2.748893571891069	0.38268343236509
3.3379421944391554	2.748893571891069	0.18759311034896153
3.5342917352885173	2.748893571891069	2.220446049250313E-16
3.730641276137879	2.748893571891069	-0.17288680065451206
3.9269908169872414	2.748893571891069	-0.32442334882145757
4.123340357836604	2.748893571891069	-0.44878617993745534
4.319689898685965	2.748893571891069	-0.5411961001461967
4.516039439535327	2.748893571891069	-0.5981018480381404
4.71238898038469	2.748893571891069	-0.6173165676349102
4.908738521234052	2.748893571891069	-0.5981018480381406
5.105088062083414	2.748893571891069	-0.5411961001461967
5.301437602932776	2.748893571891069	-0.44878617993745556
5.497787143782138	2.748893571891069	-0.3244233488214578
5.6941366846315	2.748893571891069	-0.17288680065451228
5.890486225480862	2.748893571891069	-4.996003610813204E-16
6.086835766330224	2.748893571891069	0.18759311034896117
6.283185307179586	2.748893571891069	0.38268343236508967

0.0	2.945243112740431	0.1950903220161286
0.19634954084936207	2.945243112740431	0.39018064403225683
0.39269908169872414	2.945243112740431	0.5777737543812184
0.5890486225480862	2.945243112740431	0.7506605550357308
0.7853981633974483	2.945243112740431	0.9021971032026761
0.9817477042468103	2.945243112740431	1.0265599343186738
1.1780972450961724	2.945243112740431	1.1189698545274154
1.3744467859455345	2.945243112740431	1.175875602419359
1.5707963267948966	2.945243112740431	1.1950903220161286
1.7671458676442586	2.945243112740431	1.175875602419359
1.9634954084936207	2.945243112740431	1.1189698545274154
2.1598449493429825	2.945243112740431	1.026559934318674
2.356194490192345	2.945243112740431	0.9021971032026762
2.552544031041707	2.945243112740431	0.7506605550357308
2.748893571891069	2.945243112740431	0.5777737543812185
2.945243112740431	2.945243112740431	0.3901806440322572
3.141592653589793	2.945243112740431	0.19509032201612872
3.3379421944391554	2.945243112740431	2.498001805406602E-16
3.5342917352885173	2.945243112740431	-0.18759311034896106
3.730641276137879	2.945243112740431	-0.3604799110034733
3.9269908169872414	2.945243112740431	-0.5120164591704188
4.123340357836604	2.945243112740431	-0.6363792902864166
4.319689898685965	2.945243112740431	-0.7287892104951579
4.516039439535327	2.945243112740431	-0.7856949583871017
4.71238898038469	2.945243112740431	-0.8049096779838714
4.908738521234052	2.945243112740431	-0.7856949583871018
5.105088062083414	2.945243112740431	-0.728789210495158
5.301437602932776	2.945243112740431	-0.6363792902864168
5.497787143782138	2.945243112740431	-0.512016459170419
5.6941366846315	2.945243112740431	-0.36047991100347354
5.890486225480862	2.945243112740431	-0.18759311034896178
6.086835766330224	2.945243112740431	-1.1102230246251565E-16
6.283185307179586	2.945243112740431	0.19509032201612836

0.0	3.141592653589793	1.2246467991473532E-16
0.19634954084936207	3.141592653589793	0.19509032201612836
0.39269908169872414	3.141592653589793	0.3826834323650899
0.5890486225480862	3.141592653589793	0.5555702330196023
0.7853981633974483	3.141592653589793	0.7071067811865476
0.9817477042468103	3.141592653589793	0.8314696123025453
1.1780972450961724	3.141592653589793	0.9238795325112868
1.3744467859455345	3.141592653589793	0.9807852804032305
1.5707963267948966	3.141592653589793	1.0000000000000002
1.7671458676442586	3.141592653589793	0.9807852804032305
1.9634954084936207	3.141592653589793	0.9238795325112868
2.1598449493429825	3.141592653589793	0.8314696123025456
2.356194490192345	3.141592653589793	0.7071067811865477
2.552544031041707	3.141592653589793	0.5555702330196023
2.748893571891069	3.141592653589793	0.38268343236509
2.945243112740431	3.141592653589793	0.19509032201612872
3.141592653589793	3.141592653589793	2.4492935982947064E-16
3.3379421944391554	3.141592653589793	-0.19509032201612825
3.5342917352885173	3.141592653589793	-0.38268343236508956
3.730641276137879	3.141592653589793	-0.5555702330196018
3.9269908169872414	3.141592653589793	-0.7071067811865474
4.123340357836604	3.141592653589793	-0.8314696123025451
4.319689898685965	3.141592653589793	-0.9238795325112864
4.516039439535327	3.141592653589793	-0.9807852804032302
4.71238898038469	3.141592653589793	-0.9999999999999999
4.908738521234052	3.141592653589793	-0.9807852804032303
5.105088062083414	3.141592653589793	-0.9238795325112865
5.301437602932776	3.141592653589793	-0.8314696123025453
5.497787143782138	3.141592653589793	-0.7071067811865476
5.6941366846315	3.141592653589793	-0.5555702330196021
5.890486225480862	3.141592653589793	-0.3826834323650903
6.086835766330224	3.141592653589793	-0.1950903220161286
6.283185307179586	3.141592653589793	-1.2246467991473532E-16

0.0	3.3379421944391554	-0.19509032201612836
0.19634954084936207	3.3379421944391554	-1.1102230246251565E-16
0.39269908169872414	3.3379421944391554	0.18759311034896142
0.5890486225480862	3.3379421944391554	0.3604799110034738
0.7853981633974483	3.3379421944391554	0.512016459170419
0.9817477042468103	3.3379421944391554	0.6363792902864169
1.1780972450961724	3.3379421944391554	0.7287892104951583
1.3744467859455345	3.3379421944391554	0.785694958387102
1.5707963267948966	3.3379421944391554	0.8049096779838716
1.7671458676442586	3.3379421944391554	0.785694958387102
1.9634954084936207	3.3379421944391554	0.7287892104951583
2.1598449493429825	3.3379421944391554	0.6363792902864172
2.356194490192345	3.3379421944391554	0.5120164591704193
2.552544031041707	3.3379421944391554	0.3604799110034738
2.748893571891069	3.3379421944391554	0.18759311034896153
2.945243112740431	3.3379421944391554	2.498001805406602E-16
3.141592653589793	3.3379421944391554	-0.19509032201612825
3.3379421944391554	3.3379421944391554	-0.3901806440322567
3.5342917352885173	3.3379421944391554	-0.577773754381218
3.730641276137879	3.3379421944391554	-0.7506605550357304
3.9269908169872414	3.3379421944391554	-0.9021971032026759
4.123340357836604	3.3379421944391554	-1.0265599343186735
4.319689898685965	3.3379421944391554	-1.118969854527415
4.516039439535327	3.3379421944391554	-1.1758756024193586
4.71238898038469	3.3379421944391554	-1.1950903220161284
4.908738521234052	3.3379421944391554	-1.1758756024193588
5.105088062083414	3.3379421944391554	-1.118969854527415
5.301437602932776	3.3379421944391554	-1.0265599343186738
5.497787143782138	3.3379421944391554	-0.9021971032026761
5.6941366846315	3.3379421944391554	-0.7506605550357306
5.890486225480862	3.3379421944391554	-0.5777737543812187
6.086835766330224	3.3379421944391554	-0.39018064403225705
6.283185307179586	3.3379421944391554	-0.1950903220161286

0.0	3.5342917352885173	-0.38268343236508967
0.19634954084936207	3.5342917352885173	-0.18759311034896142
0.39269908169872414	3.5342917352885173	1.1102230246251565E-16
0.5890486225480862	3.5342917352885173	0.1728868006545125
0.7853981633974483	3.5342917352885173	0.3244233488214578
0.9817477042468103	3.5342917352885173	0.44878617993745556
1.1780972450961724	3.5342917352885173	0.5411961001461971
1.3744467859455345	3.5342917352885173	0.5981018480381408
1.5707963267948966	3.5342917352885173	0.6173165676349104
1.7671458676442586	3.5342917352885173	0.5981018480381408
1.9634954084936207	3.5342917352885173	0.5411961001461971
2.1598449493429825	3.5342917352885173	0.4487861799374558
2.356194490192345	3.5342917352885173	0.3244233488214579
2.552544031041707	3.5342917352885173	0.1728868006545125
2.748893571891069	3.5342917352885173	2.220446049250313E-16
2.945243112740431	3.5342917352885173	-0.18759311034896106
3.141592653589793	3.5342917352885173	-0.38268343236508956
3.3379421944391554	3.5342917352885173	-0.577773754381218
3.5342917352885173	3.5342917352885173	-0.7653668647301793
3.730641276137879	3.5342917352885173	-0.9382536653846916
3.9269908169872414	3.5342917352885173	-1.089790213551637
4.123340357836604	3.5342917352885173	-1.214153044667635
4.319689898685965	3.5342917352885173	-1.3065629648763761
4.516039439535327	3.5342917352885173	-1.36346871276832
4.71238898038469	3.5342917352885173	-1.3826834323650896
4.908738521234052	3.5342917352885173	-1.36346871276832
5.105088062083414	3.5342917352885173	-1.3065629648763764
5.301437602932776	3.5342917352885173	-1.2141530446676352
5.497787143782138	3.5342917352885173	-1.0897902135516373
5.6941366846315	3.5342917352885173	-0.9382536653846918
5.890486225480862	3.5342917352885173	-0.7653668647301801
6.086835766330224	3.5342917352885173	-0.5777737543812184
6.283185307179586	3.5342917352885173	-0.3826834323650899

0.0	3.730641276137879	-0.555570233019602
0.19634954084936207	3.730641276137879	-0.3604799110034737
0.39269908169872414	3.730641276137879	-0.17288680065451217
0.5890486225480862	3.730641276137879	2.220446049250313E-16
0.7853981633974483	3.730641276137879	0.1515365481669455
0.9817477042468103	3.730641276137879	0.2758993792829433
1.1780972450961724	3.730641276137879	0.3683092994916848
1.3744467859455345	3.730641276137879	0.4252150473836285
1.5707963267948966	3.730641276137879	0.44442976698039804
1.7671458676442586	3.730641276137879	0.4252150473836285
1.9634954084936207	3.730641276137879	0.3683092994916848
2.1598449493429825	3.730641276137879	0.2758993792829435
2.356194490192345	3.730641276137879	0.15153654816694562
2.552544031041707	3.730641276137879	2.220446049250313E-16
2.748893571891069	3.730641276137879	-0.17288680065451206
2.945243112740431	3.730641276137879	-0.3604799110034733
3.141592653589793	3.730641276137879	-0.5555702330196018
3.3379421944391554	3.730641276137879	-0.7506605550357304
3.5342917352885173	3.730641276137879	-0.9382536653846916
3.730641276137879	3.730641276137879	-1.111140466039204
3.9269908169872414	3.730641276137879	-1.2626770142061494
4.123340357836604	3.730641276137879	-1.387039845322147
4.319689898685965	3.730641276137879	-1.4794497655308885
4.516039439535327	3.730641276137879	-1.5363555134228322
4.71238898038469	3.730641276137879	-1.555570233019602
4.908738521234052	3.730641276137879	-1.5363555134228324
5.105088062083414	3.730641276137879	-1.4794497655308887
5.301437602932776	3.730641276137879	-1.3870398453221475
5.497787143782138	3.730641276137879	-1.2626770142061496
5.6941366846315	3.730641276137879	-1.1111404660392041
5.890486225480862	3.730641276137879	-0.9382536653846923
6.086835766330224	3.730641276137879	-0.7506605550357307
6.283185307179586	3.730641276137879	-0.5555702330196022

0.0	3.9269908169872414	-0.7071067811865475
0.19634954084936207	3.9269908169872414	-0.5120164591704193
0.39269908169872414	3.9269908169872414	-0.3244233488214577
0.5890486225480862	3.9269908169872414	-0.15153654816694528
0.7853981633974483	3.9269908169872414	0.0
0.9817477042468103	3.9269908169872414	0.12436283111599777
1.1780972450961724	3.9269908169872414	0.21677275132473928
1.3744467859455345	3.9269908169872414	0.27367849921668297
1.5707963267948966	3.9269908169872414	0.29289321881345254
1.7671458676442586	3.9269908169872414	0.27367849921668297
1.9634954084936207	3.9269908169872414	0.21677275132473928
2.1598449493429825	3.9269908169872414	0.124362831115998
2.356194490192345	3.9269908169872414	1.1102230246251565E-16
2.552544031041707	3.9269908169872414	-0.15153654816694528
2.748893571891069	3.9269908169872414	-0.32442334882145757
2.945243112740431	3.9269908169872414	-0.5120164591704188
3.141592653589793	3.9269908169872414	-0.7071067811865474
3.3379421944391554	3.9269908169872414	-0.9021971032026759
3.5342917352885173	3.9269908169872414	-1.089790213551637
3.730641276137879	3.9269908169872414	-1.2626770142061494
3.9269908169872414	3.9269908169872414	-1.414213562373095
4.123340357836604	3.9269908169872414	-1.5385763934890928
4.319689898685965	3.9269908169872414	-1.630986313697834
4.516039439535327	3.9269908169872414	-1.687892061589778
4.71238898038469	3.9269908169872414	-1.7071067811865475
4.908738521234052	3.9269908169872414	-1.687892061589778
5.105088062083414	3.9269908169872414	-1.630986313697834
5.301437602932776	3.9269908169872414	-1.5385763934890928
5.497787143782138	3.9269908169872414	-1.4142135623730951
5.6941366846315	3.9269908169872414	-1.2626770142061496
5.890486225480862	3.9269908169872414	-1.089790213551638
6.086835766330224	3.9269908169872414	-0.9021971032026762
6.283185307179586	3.9269908169872414	-0.7071067811865477

0.0	4.123340357836604	-0.8314696123025452
0.19634954084936207	4.123340357836604	-0.6363792902864169
0.39269908169872414	4.123340357836604	-0.44878617993745545
0.5890486225480862	4.123340357836604	-0.27589937928294306
0.7853981633974483	4.123340357836604	-0.12436283111599777
0.9817477042468103	4.123340357836604	0.0
1.1780972450961724	4.123340357836604	0.0924099202087415
1.3744467859455345	4.123340357836604	0.1493156681006852
1.5707963267948966	4.123340357836604	0.16853038769745476
1.7671458676442586	4.123340357836604	0.1493156681006852
1.9634954084936207	4.123340357836604	0.0924099202087415
2.1598449493429825	4.123340357836604	2.220446049250313E-16
2.356194490192345	4.123340357836604	-0.12436283111599766
2.552544031041707	4.123340357836604	-0.27589937928294306
2.748893571891069	4.123340357836604	-0.44878617993745534
2.945243112740431	4.123340357836604	-0.6363792902864166
3.141592653589793	4.123340357836604	-0.8314696123025451
3.3379421944391554	4.123340357836604	-1.0265599343186735
3.5342917352885173	4.123340357836604	-1.214153044667635
3.730641276137879	4.123340357836604	-1.387039845322147
3.9269908169872414	4.123340357836604	-1.5385763934890928
4.123340357836604	4.123340357836604	-1.6629392246050905
4.319689898685965	4.123340357836604	-1.7553491448138319
4.516039439535327	4.123340357836604	-1.8122548927057756
4.71238898038469	4.123340357836604	-1.8314696123025453
4.908738521234052	4.123340357836604	-1.8122548927057758
5.105088062083414	4.123340357836604	-1.7553491448138319
5.301437602932776	4.123340357836604	-1.6629392246050907
5.497787143782138	4.123340357836604	-1.5385763934890928
5.6941366846315	4.123340357836604	-1.3870398453221475
5.890486225480862	4.123340357836604	-1.2141530446676356
6.086835766330224	4.123340357836604	-1.026559934318674
6.283185307179586	4.123340357836604	-0.8314696123025455

0.0	4.319689898685965	-0.9238795325112865
0.19634954084936207	4.319689898685965	-0.7287892104951583
0.39269908169872414	4.319689898685965	-0.5411961001461967
0.5890486225480862	4.319689898685965	-0.36830929949168434
0.7853981633974483	4.319689898685965	-0.21677275132473905
0.9817477042468103	4.319689898685965	-0.09240992020874128
1.1780972450961724	4.319689898685965	2.220446049250313E-16
1.3744467859455345	4.319689898685965	0.056905747891943914
1.5707963267948966	4.319689898685965	0.07612046748871348
1.7671458676442586	4.319689898685965	0.056905747891943914
1.9634954084936207	4.319689898685965	2.220446049250313E-16
2.1598449493429825	4.319689898685965	-0.09240992020874106
2.356194490192345	4.319689898685965	-0.21677275132473894
2.552544031041707	4.319689898685965	-0.36830929949168434
2.748893571891069	4.319689898685965	-0.5411961001461967
2.945243112740431	4.319689898685965	-0.7287892104951579
3.141592653589793	4.319689898685965	-0.9238795325112864
3.3379421944391554	4.319689898685965	-1.118969854527415
3.5342917352885173	4.319689898685965	-1.3065629648763761
3.730641276137879	4.319689898685965	-1.4794497655308885
3.9269908169872414	4.319689898685965	-1.630986313697834
4.123340357836604	4.319689898685965	-1.7553491448138319
4.319689898685965	4.319689898685965	-1.847759065022573
4.516039439535327	4.319689898685965	-1.904664812914517
4.71238898038469	4.319689898685965	-1.9238795325112865
4.908738521234052	4.319689898685965	-1.904664812914517
5.105088062083414	4.319689898685965	-1.847759065022573
5.301437602932776	4.319689898685965	-1.7553491448138319
5.497787143782138	4.319689898685965	-1.6309863136978342
5.6941366846315	4.319689898685965	-1.4794497655308887
5.890486225480862	4.319689898685965	-1.306562964876377
6.086835766330224	4.319689898685965	-1.1189698545274152
6.283185307179586	4.319689898685965	-0.9238795325112867

0.0	4.516039439535327	-0.9807852804032303
0.19634954084936207	4.516039439535327	-0.785694958387102
0.39269908169872414	4.516039439535327	-0.5981018480381406
0.5890486225480862	4.516039439535327	-0.42521504738362814
0.7853981633974483	4.516039439535327	-0.27367849921668286
0.9817477042468103	4.516039439535327	-0.14931566810068508
1.1780972450961724	4.516039439535327	-0.05690574789194358
1.3744467859455345	4.516039439535327	1.1102230246251565E-16
1.5707963267948966	4.516039439535327	0.01921471959676968
1.7671458676442586	4.516039439535327	1.1102230246251565E-16
1.9634954084936207	4.516039439535327	-0.05690574789194358
2.1598449493429825	4.516039439535327	-0.14931566810068486
2.356194490192345	4.516039439535327	-0.27367849921668275
2.552544031041707	4.516039439535327	-0.42521504738362814
2.748893571891069	4.516039439535327	-0.5981018480381404
2.945243112740431	4.516039439535327	-0.7856949583871017
3.141592653589793	4.516039439535327	-0.9807852804032302
3.3379421944391554	4.516039439535327	-1.1758756024193586
3.5342917352885173	4.516039439535327	-1.36346871276832
3.730641276137879	4.516039439535327	-1.5363555134228322
3.9269908169872414	4.516039439535327	-1.687892061589778
4.123340357836604	4.516039439535327	-1.8122548927057756
4.319689898685965	4.516039439535327	-1.904664812914517
4.516039439535327	4.516039439535327	-1.9615705608064606
4.71238898038469	4.516039439535327	-1.9807852804032304
4.908738521234052	4.516039439535327	-1.9615705608064609
5.105088062083414	4.516039439535327	-1.904664812914517
5.301437602932776	4.516039439535327	-1.8122548927057758
5.497787143782138	4.516039439535327	-1.687892061589778
5.6941366846315	4.516039439535327	-1.5363555134228326
5.890486225480862	4.516039439535327	-1.3634687127683207
6.086835766330224	4.516039439535327	-1.175875602419359
6.283185307179586	4.516039439535327	-0.9807852804032305

0.0	4.71238898038469	-1.0
0.19634954084936207	4.71238898038469	-0.8049096779838718
0.39269908169872414	4.71238898038469	-0.6173165676349102
0.5890486225480862	4.71238898038469	-0.4444297669803978
0.7853981633974483	4.71238898038469	-0.29289321881345254
0.9817477042468103	4.71238898038469	-0.16853038769745476
1.1780972450961724	4.71238898038469	-0.07612046748871326
1.3744467859455345	4.71238898038469	-0.01921471959676957
1.5707963267948966	4.71238898038469	0.0
1.7671458676442586	4.71238898038469	-0.01921471959676957
1.9634954084936207	4.71238898038469	-0.07612046748871326
2.1598449493429825	4.71238898038469	-0.16853038769745454
2.356194490192345	4.71238898038469	-0.2928932188134524
2.552544031041707	4.71238898038469	-0.4444297669803978
2.748893571891069	4.71238898038469	-0.6173165676349102
2.945243112740431	4.71238898038469	-0.8049096779838714
3.141592653589793	4.71238898038469	-0.9999999999999999
3.3379421944391554	4.71238898038469	-1.1950903220161284
3.5342917352885173	4.71238898038469	-1.3826834323650896
3.730641276137879	4.71238898038469	-1.555570233019602
3.9269908169872414	4.71238898038469	-1.7071067811865475
4.123340357836604	4.71238898038469	-1.8314696123025453
4.319689898685965	4.71238898038469	-1.9238795325112865
4.516039439535327	4.71238898038469	-1.9807852804032304
4.71238898038469	4.71238898038469	-2.0
4.908738521234052	4.71238898038469	-1.9807852804032304
5.105088062083414	4.71238898038469	-1.9238795325112865
5.301437602932776	4.71238898038469	-1.8314696123025453
5.497787143782138	4.71238898038469	-1.7071067811865477
5.6941366846315	4.71238898038469	-1.5555702330196022
5.890486225480862	4.71238898038469	-1.3826834323650905
6.086835766330224	4.71238898038469	-1.1950903220161286
6.283185307179586	4.71238898038469	-1.0000000000000002

0.0	4.908738521234052	-0.9807852804032304
0.19634954084936207	4.908738521234052	-0.7856949583871022
0.39269908169872414	4.908738521234052	-0.5981018480381406
0.5890486225480862	4.908738521234052	-0.42521504738362825
0.7853981633974483	4.908738521234052	-0.27367849921668297
0.9817477042468103	4.908738521234052	-0.1493156681006852
1.1780972450961724	4.908738521234052	-0.05690574789194369
1.3744467859455345	4.908738521234052	0.0
1.5707963267948966	4.908738521234052	0.01921471959676957
1.7671458676442586	4.908738521234052	0.0
1.9634954084936207	4.908738521234052	-0.05690574789194369
2.1598449493429825	4.908738521234052	-0.14931566810068497
2.356194490192345	4.908738521234052	-0.27367849921668286
2.552544031041707	4.908738521234052	-0.42521504738362825
2.748893571891069	4.908738521234052	-0.5981018480381406
2.945243112740431	4.908738521234052	-0.7856949583871018
3.141592653589793	4.908738521234052	-0.9807852804032303
3.3379421944391554	4.908738521234052	-1.1758756024193588
3.5342917352885173	4.908738521234052	-1.36346871276832
3.730641276137879	4.908738521234052	-1.5363555134228324
3.9269908169872414	4.908738521234052	-1.687892061589778
4.123340357836604	4.908738521234052	-1.8122548927057758
4.319689898685965	4.908738521234052	-1.904664812914517
4.516039439535327	4.908738521234052	-1.9615705608064609
4.71238898038469	4.908738521234052	-1.9807852804032304
4.908738521234052	4.908738521234052	-1.9615705608064609
5.105088062083414	4.908738521234052	-1.904664812914517
5.301437602932776	4.908738521234052	-1.8122548927057758
5.497787143782138	4.908738521234052	-1.6878920615897781
5.6941366846315	4.908738521234052	-1.5363555134228326
5.890486225480862	4.908738521234052	-1.363468712768321
6.086835766330224	4.908738521234052	-1.175875602419359
6.283185307179586	4.908738521234052	-0.9807852804032307

0.0	5.105088062083414	-0.9238795325112866
0.19634954084936207	5.105088062083414	-0.7287892104951583
0.39269908169872414	5.105088062083414	-0.5411961001461969
0.5890486225480862	5.105088062083414	-0.36830929949168445
0.7853981633974483	5.105088062083414	-0.21677275132473917
0.9817477042468103	5.105088062083414	-0.09240992020874139
1.1780972450961724	5.105088062083414	1.1102230246251565E-16
1.3744467859455345	5.105088062083414	0.0569057478919438
1.5707963267948966	5.105088062083414	0.07612046748871337
1.7671458676442586	5.105088062083414	0.0569057478919438
1.9634954084936207	5.105088062083414	1.1102230246251565E-16
2.1598449493429825	5.105088062083414	-0.09240992020874117
2.356194490192345	5.105088062083414	-0.21677275132473905
2.552544031041707	5.105088062083414	-0.36830929949168445
2.748893571891069	5.105088062083414	-0.5411961001461967
2.945243112740431	5.105088062083414	-0.728789210495158
3.141592653589793	5.105088062083414	-0.9238795325112865
3.3379421944391554	5.105088062083414	-1.118969854527415
3.5342917352885173	5.105088062083414	-1.3065629648763764
3.730641276137879	5.105088062083414	-1.4794497655308887
3.9269908169872414	5.105088062083414	-1.630986313697834
4.123340357836604	5.105088062083414	-1.7553491448138319
4.319689898685965	5.105088062083414	-1.847759065022573
4.516039439535327	5.105088062083414	-1.904664812914517
4.71238898038469	5.105088062083414	-1.9238795325112865
4.908738521234052	5.105088062083414	-1.904664812914517
5.105088062083414	5.105088062083414	-1.8477590650225733
5.301437602932776	5.105088062083414	-1.755349144813832
5.497787143782138	5.105088062083414	-1.6309863136978344
5.6941366846315	5.105088062083414	-1.4794497655308887
5.890486225480862	5.105088062083414	-1.306562964876377
6.086835766330224	5.105088062083414	-1.1189698545274154
6.283185307179586	5.105088062083414	-0.9238795325112868

0.0	5.301437602932776	-0.8314696123025455
0.19634954084936207	5.301437602932776	-0.6363792902864172
0.39269908169872414	5.301437602932776	-0.4487861799374557
0.5890486225480862	5.301437602932776	-0.2758993792829433
0.7853981633974483	5.301437602932776	-0.124362831115998
0.9817477042468103	5.301437602932776	-2.220446049250313E-16
1.1780972450961724	5.301437602932776	0.09240992020874128
1.3744467859455345	5.301437602932776	0.14931566810068497
1.5707963267948966	5.301437602932776	0.16853038769745454
1.7671458676442586	5.301437602932776	0.14931566810068497
1.9634954084936207	5.301437602932776	0.09240992020874128
2.1598449493429825	5.301437602932776	0.0
2.356194490192345	5.301437602932776	-0.12436283111599788
2.552544031041707	5.301437602932776	-0.2758993792829433
2.748893571891069	5.301437602932776	-0.44878617993745556
2.945243112740431	5.301437602932776	-0.6363792902864168
3.141592653589793	5.301437602932776	-0.8314696123025453
3.3379421944391554	5.301437602932776	-1.0265599343186738
3.5342917352885173	5.301437602932776	-1.2141530446676352
3.730641276137879	5.301437602932776	-1.3870398453221475
3.9269908169872414	5.301437602932776	-1.5385763934890928
4.123340357836604	5.301437602932776	-1.6629392246050907
4.319689898685965	5.301437602932776	-1.7553491448138319
4.516039439535327	5.301437602932776	-1.8122548927057758
4.71238898038469	5.301437602932776	-1.8314696123025453
4.908738521234052	5.301437602932776	-1.8122548927057758
5.105088062083414	5.301437602932776	-1.755349144813832
5.301437602932776	5.301437602932776	-1.662939224605091
5.497787143782138	5.301437602932776	-1.5385763934890933
5.6941366846315	5.301437602932776	-1.3870398453221475
5.890486225480862	5.301437602932776	-1.2141530446676359
6.086835766330224	5.301437602932776	-1.0265599343186742
6.283185307179586	5.301437602932776	-0.8314696123025457

0.0	5.497787143782138	-0.7071067811865477
0.19634954084936207	5.497787143782138	-0.5120164591704195
0.39269908169872414	5.497787143782138	-0.3244233488214579
0.5890486225480862	5.497787143782138	-0.1515365481669455
0.7853981633974483	5.497787143782138	-2.220446049250313E-16
0.9817477042468103	5.497787143782138	0.12436283111599755
1.1780972450961724	5.497787143782138	0.21677275132473905
1.3744467859455345	5.497787143782138	0.27367849921668275
1.5707963267948966	5.497787143782138	0.2928932188134523
1.7671458676442586	5.497787143782138	0.27367849921668275
1.9634954084936207	5.497787143782138	0.21677275132473905
2.1598449493429825	5.497787143782138	0.12436283111599777
2.356194490192345	5.497787143782138	-1.1102230246251565E-16
2.552544031041707	5.497787143782138	-0.1515365481669455
2.748893571891069	5.497787143782138	-0.3244233488214578
2.945243112740431	5.497787143782138	-0.512016459170419
3.141592653589793	5.497787143782138	-0.7071067811865476
3.3379421944391554	5.497787143782138	-0.9021971032026761
3.5342917352885173	5.497787143782138	-1.0897902135516373
3.730641276137879	5.497787143782138	-1.2626770142061496
3.9269908169872414	5.497787143782138	-1.4142135623730951
4.123340357836604	5.497787143782138	-1.5385763934890928
4.319689898685965	5.497787143782138	-1.6309863136978342
4.516039439535327	5.497787143782138	-1.687892061589778
4.71238898038469	5.497787143782138	-1.7071067811865477
4.908738521234052	5.497787143782138	-1.6878920615897781
5.105088062083414	5.497787143782138	-1.6309863136978344
5.301437602932776	5.497787143782138	-1.5385763934890933
5.497787143782138	5.497787143782138	-1.4142135623730954
5.6941366846315	5.497787143782138	-1.2626770142061499
5.890486225480862	5.497787143782138	-1.089790213551638
6.086835766330224	5.497787143782138	-0.9021971032026764
6.283185307179586	5.497787143782138	-0.7071067811865479

0.0	5.6941366846315	-0.5555702330196022
0.19634954084936207	5.6941366846315	-0.36047991100347393
0.39269908169872414	5.6941366846315	-0.1728868006545124
0.5890486225480862	5.6941366846315	0.0
0.7853981633974483	5.6941366846315	0.15153654816694528
0.9817477042468103	5.6941366846315	0.27589937928294306
1.1780972450961724	5.6941366846315	0.36830929949168456
1.3744467859455345	5.6941366846315	0.42521504738362825
1.5707963267948966	5.6941366846315	0.4444297669803978
1.7671458676442586	5.6941366846315	0.42521504738362825
1.9634954084936207	5.6941366846315	0.36830929949168456
2.1598449493429825	5.6941366846315	0.2758993792829433
2.356194490192345	5.6941366846315	0.1515365481669454
2.552544031041707	5.6941366846315	0.0
2.748893571891069	5.6941366846315	-0.17288680065451228
2.945243112740431	5.6941366846315	-0.36047991100347354
3.141592653589793	5.6941366846315	-0.5555702330196021
3.3379421944391554	5.6941366846315	-0.7506605550357306
3.5342917352885173	5.6941366846315	-0.9382536653846918
3.730641276137879	5.6941366846315	-1.1111404660392041
3.9269908169872414	5.6941366846315	-1.2626770142061496
4.123340357836604	5.6941366846315	-1.3870398453221475
4.319689898685965	5.6941366846315	-1.4794497655308887
4.516039439535327	5.6941366846315	-1.5363555134228326
4.71238898038469	5.6941366846315	-1.5555702330196022
4.908738521234052	5.6941366846315	-1.5363555134228326
5.105088062083414	5.6941366846315	-1.4794497655308887
5.301437602932776	5.6941366846315	-1.3870398453221475
5.497787143782138	5.6941366846315	-1.2626770142061499
5.6941366846315	5.6941366846315	-1.1111404660392044
5.890486225480862	5.6941366846315	-0.9382536653846926
6.086835766330224	5.6941366846315	-0.7506605550357309
6.283185307179586	5.6941366846315	-0.5555702330196024

0.0	5.890486225480862	-0.3826834323650904
0.19634954084936207	5.890486225480862	-0.18759311034896214
0.39269908169872414	5.890486225480862	-6.106226635438361E-16
0.5890486225480862	5.890486225480862	0.17288680065451179
0.7853981633974483	5.890486225480862	0.32442334882145707
0.9817477042468103	5.890486225480862	0.44878617993745484
1.1780972450961724	5.890486225480862	0.5411961001461963
1.3744467859455345	5.890486225480862	0.59810184803814
1.5707963267948966	5.890486225480862	0.6173165676349096
1.7671458676442586	5.890486225480862	0.59810184803814
1.9634954084936207	5.890486225480862	0.5411961001461963
2.1598449493429825	5.890486225480862	0.44878617993745507
2.356194490192345	5.890486225480862	0.3244233488214572
2.552544031041707	5.890486225480862	0.17288680065451179
2.748893571891069	5.890486225480862	-4.996003610813204E-16
2.945243112740431	5.890486225480862	-0.18759311034896178
3.141592653589793	5.890486225480862	-0.3826834323650903
3.3379421944391554	5.890486225480862	-0.5777737543812187
3.5342917352885173	5.890486225480862	-0.7653668647301801
3.730641276137879	5.890486225480862	-0.9382536653846923
3.9269908169872414	5.890486225480862	-1.089790213551638
4.123340357836604	5.890486225480862	-1.2141530446676356
4.319689898685965	5.890486225480862	-1.306562964876377
4.516039439535327	5.890486225480862	-1.3634687127683207
4.71238898038469	5.890486225480862	-1.3826834323650905
4.908738521234052	5.890486225480862	-1.363468712768321
5.105088062083414	5.890486225480862	-1.306562964876377
5.301437602932776	5.890486225480862	-1.2141530446676359
5.497787143782138	5.890486225480862	-1.089790213551638
5.6941366846315	5.890486225480862	-0.9382536653846926
5.890486225480862	5.890486225480862	-0.7653668647301808
6.086835766330224	5.890486225480862	-0.5777737543812191
6.283185307179586	5.890486225480862	-0.3826834323650906

0.0	6.086835766330224	-0.19509032201612872
0.19634954084936207	6.086835766330224	-4.718447854656915E-16
0.39269908169872414	6.086835766330224	0.18759311034896106
0.5890486225480862	6.086835766330224	0.36047991100347343
0.7853981633974483	6.086835766330224	0.5120164591704187
0.9817477042468103	6.086835766330224	0.6363792902864165
1.1780972450961724	6.086835766330224	0.728789210495158
1.3744467859455345	6.086835766330224	0.7856949583871017
1.5707963267948966	6.086835766330224	0.8049096779838713
1.7671458676442586	6.086835766330224	0.7856949583871017
1.9634954084936207	6.086835766330224	0.728789210495158
2.1598449493429825	6.086835766330224	0.6363792902864167
2.356194490192345	6.086835766330224	0.5120164591704188
2.552544031041707	6.086835766330224	0.36047991100347343
2.748893571891069	6.086835766330224	0.18759311034896117
2.945243112740431	6.086835766330224	-1.1102230246251565E-16
3.141592653589793	6.086835766330224	-0.1950903220161286
3.3379421944391554	6.086835766330224	-0.39018064403225705
3.5342917352885173	6.086835766330224	-0.5777737543812184
3.730641276137879	6.086835766330224	-0.7506605550357307
3.9269908169872414	6.086835766330224	-0.9021971032026762
4.123340357836604	6.086835766330224	-1.026559934318674
4.319689898685965	6.086835766330224	-1.1189698545274152
4.516039439535327	6.086835766330224	-1.175875602419359
4.71238898038469	6.086835766330224	-1.1950903220161286
4.908738521234052	6.086835766330224	-1.175875602419359
5.105088062083414	6.086835766330224	-1.1189698545274154
5.301437602932776	6.086835766330224	-1.0265599343186742
5.497787143782138	6.086835766330224	-0.9021971032026764
5.6941366846315	6.086835766330224	-0.7506605550357309
5.890486225480862	6.086835766330224	-0.5777737543812191
6.086835766330224	6.086835766330224	-0.39018064403225744
6.283185307179586	6.086835766330224	-0.19509032201612897

0.0	6.283185307179586	-2.4492935982947064E-16
0.19634954084936207	6.283185307179586	0.195090322016128
0.39269908169872414	6.283185307179586	0.38268343236508956
0.5890486225480862	6.283185307179586	0.555570233019602
0.7853981633974483	6.283185307179586	0.7071067811865472
0.9817477042468103	6.283185307179586	0.831469612302545
1.1780972450961724	6.283185307179586	0.9238795325112865
1.3744467859455345	6.283185307179586	0.9807852804032302
1.5707963267948966	6.283185307179586	0.9999999999999998
1.7671458676442586	6.283185307179586	0.9807852804032302
1.9634954084936207	6.283185307179586	0.9238795325112865
2.1598449493429825	6.283185307179586	0.8314696123025452
2.356194490192345	6.283185307179586	0.7071067811865474
2.552544031041707	6.283185307179586	0.555570233019602
2.748893571891069	6.283185307179586	0.38268343236508967
2.945243112740431	6.283185307179586	0.19509032201612836
3.141592653589793	6.283185307179586	-1.2246467991473532E-16
3.3379421944391554	6.283185307179586	-0.1950903220161286
3.5342917352885173	6.283185307179586	-0.3826834323650899
3.730641276137879	6.283185307179586	-0.5555702330196022
3.9269908169872414	6.283185307179586	-0.7071067811865477
4.123340357836604	6.283185307179586	-0.8314696123025455
4.319689898685965	6.283185307179586	-0.9238795325112867
4.516039439535327	6.283185307179586	-0.9807852804032305
4.71238898038469	6.283185307179586	-1.0000000000000002
4.908738521234052	6.283185307179586	-0.9807852804032307
5.105088062083414	6.283185307179586	-0.9238795325112868
5.301437602932776	6.283185307179586	-0.8314696123025457
5.497787143782138	6.283185307179586	-0.7071067811865479
5.6941366846315	6.283185307179586	-0.5555702330196024
5.890486225480862	6.283185307179586	-0.3826834323650906
6.086835766330224	6.283185307179586	-0.19509032201612897
6.283185307179586	6.283185307179586	-4.898587196589413E-16

