0.0	0.0	1.9615705608064606
0.19634954084936207	0.0	1.904664812914517
0.39269908169872414	0.0	1.8122548927057756
0.5890486225480862	0.0	1.687892061589778
0.7853981633974483	0.0	1.5363555134228322
0.9817477042468103	0.0	1.3634687127683196
1.1780972450961724	0.0	1.1758756024193582
1.3744467859455345	0.0	0.9807852804032302
1.5707963267948966	0.0	0.7856949583871017
1.7671458676442586	0.0	0.59810184803814
1.9634954084936207	0.0	0.4252150473836278
2.1598449493429825	0.0	0.27367849921668275
2.356194490192345	0.0	0.14931566810068486
2.552544031041707	0.0	0.05690574789194336
2.748893571891069	0.0	-2.220446049250313E-16
2.945243112740431	0.0	-0.01921471959676968
3.141592653589793	0.0	-1.1102230246251565E-16
3.3379421944391554	0.0	0.0569057478919438
3.5342917352885173	0.0	0.1493156681006852
3.730641276137879	0.0	0.27367849921668286
3.9269908169872414	0.0	0.42521504738362825
4.123340357836604	0.0	0.598101848038141
4.319689898685965	0.0	0.7856949583871018
4.516039439535327	0.0	0.9807852804032303
4.71238898038469	0.0	1.1758756024193588
4.908738521234052	0.0	1.3634687127683205
5.105088062083414	0.0	1.536355513422833
5.301437602932776	0.0	1.687892061589778
5.497787143782138	0.0	1.8122548927057758
5.6941366846315	0.0	1.9046648129145174
5.890486225480862	0.0	1.9615705608064609
6.086835766330224	0.0	1.9807852804032304
6.283185307179586	0.0	1.9615705608064609

0.0	0.19634954084936207	1.904664812914517
0.19634954084936207	0.19634954084936207	1.847759065022573
0.39269908169872414	0.19634954084936207	1.7553491448138319
0.5890486225480862	0.19634954084936207	1.630986313697834
0.7853981633974483	0.19634954084936207	1.4794497655308885
0.9817477042468103	0.19634954084936207	1.3065629648763757
1.1780972450961724	0.19634954084936207	1.1189698545274145
1.3744467859455345	0.19634954084936207	0.9238795325112864
1.5707963267948966	0.19634954084936207	0.7287892104951579
1.7671458676442586	0.19634954084936207	0.5411961001461962
1.9634954084936207	0.19634954084936207	0.368309299491684
2.1598449493429825	0.19634954084936207	0.21677275132473894
2.356194490192345	0.19634954084936207	0.09240992020874106
2.552544031041707	0.19634954084936207	-4.440892098500626E-16
2.748893571891069	0.19634954084936207	-0.056905747891944025
2.945243112740431	0.19634954084936207	-0.07612046748871348
3.141592653589793	0.19634954084936207	-0.056905747891943914
3.3379421944391554	0.19634954084936207	0.0
3.5342917352885173	0.19634954084936207	0.09240992020874139
3.730641276137879	0.19634954084936207	0.21677275132473905
3.9269908169872414	0.19634954084936207	0.36830929949168445
4.123340357836604	0.19634954084936207	0.5411961001461971
4.319689898685965	0.19634954084936207	0.7287892104951581
4.516039439535327	0.19634954084936207	0.9238795325112865
4.71238898038469	0.19634954084936207	1.118969854527415
4.908738521234052	0.19634954084936207	1.3065629648763766
5.105088062083414	0.19634954084936207	1.4794497655308891
5.301437602932776	0.19634954084936207	1.630986313697834
5.497787143782138	0.19634954084936207	1.7553491448138319
5.6941366846315	0.19634954084936207	1.8477590650225735
5.890486225480862	0.19634954084936207	1.904664812914517
6.086835766330224	0.19634954084936207	1.9238795325112865
6.283185307179586	0.19634954084936207	1.904664812914517

0.0	0.39269908169872414	1.8122548927057756
0.19634954084936207	0.39269908169872414	1.7553491448138319
0.39269908169872414	0.39269908169872414	1.6629392246050905
0.5890486225480862	0.39269908169872414	1.5385763934890928
0.7853981633974483	0.39269908169872414	1.387039845322147
0.9817477042468103	0.39269908169872414	1.2141530446676345
1.1780972450961724	0.39269908169872414	1.026559934318673
1.3744467859455345	0.39269908169872414	0.8314696123025451
1.5707963267948966	0.39269908169872414	0.6363792902864166
1.7671458676442586	0.39269908169872414	0.44878617993745495
1.9634954084936207	0.39269908169872414	0.2758993792829427
2.1598449493429825	0.39269908169872414	0.12436283111599766
2.356194490192345	0.39269908169872414	-2.220446049250313E-16
2.552544031041707	0.39269908169872414	-0.09240992020874172
2.748893571891069	0.39269908169872414	-0.1493156681006853
2.945243112740431	0.39269908169872414	-0.16853038769745476
3.141592653589793	0.39269908169872414	-0.1493156681006852
3.3379421944391554	0.39269908169872414	-0.09240992020874128
3.5342917352885173	0.39269908169872414	1.1102230246251565E-16
3.730641276137879	0.39269908169872414	0.12436283111599777
3.9269908169872414	0.39269908169872414	0.27589937928294317
4.123340357836604	0.39269908169872414	0.4487861799374559
4.319689898685965	0.39269908169872414	0.6363792902864167
4.516039439535327	0.39269908169872414	0.8314696123025452
4.71238898038469	0.39269908169872414	1.0265599343186738
4.908738521234052	0.39269908169872414	1.2141530446676354
5.105088062083414	0.39269908169872414	1.387039845322148
5.301437602932776	0.39269908169872414	1.5385763934890928
5.497787143782138	0.39269908169872414	1.6629392246050907
5.6941366846315	0.39269908169872414	1.7553491448138323
5.890486225480862	0.39269908169872414	1.8122548927057758
6.086835766330224	0.39269908169872414	1.8314696123025453
6.283185307179586	0.39269908169872414	1.8122548927057758

0.0	0.5890486225480862	1.687892061589778
0.19634954084936207	0.5890486225480862	1.630986313697834
0.39269908169872414	0.5890486225480862	1.5385763934890928
0.5890486225480862	0.5890486225480862	1.414213562373095
0.7853981633974483	0.5890486225480862	1.2626770142061494
0.9817477042468103	0.5890486225480862	1.0897902135516366
1.1780972450961724	0.5890486225480862	0.9021971032026754
1.3744467859455345	0.5890486225480862	0.7071067811865474
1.5707963267948966	0.5890486225480862	0.5120164591704188
1.7671458676442586	0.5890486225480862	0.3244233488214572
1.9634954084936207	0.5890486225480862	0.15153654816694495
2.1598449493429825	0.5890486225480862	-1.1102230246251565E-16
2.356194490192345	0.5890486225480862	-0.124362831115998
2.552544031041707	0.5890486225480862	-0.2167727513247395
2.748893571891069	0.5890486225480862	-0.2736784992166831
2.945243112740431	0.5890486225480862	-0.29289321881345254
3.141592653589793	0.5890486225480862	-0.27367849921668297
3.3379421944391554	0.5890486225480862	-0.21677275132473905
3.5342917352885173	0.5890486225480862	-0.12436283111599766
3.730641276137879	0.5890486225480862	0.0
3.9269908169872414	0.5890486225480862	0.1515365481669454
4.123340357836604	0.5890486225480862	0.3244233488214581
4.319689898685965	0.5890486225480862	0.512016459170419
4.516039439535327	0.5890486225480862	0.7071067811865475
4.71238898038469	0.5890486225480862	0.9021971032026759
4.908738521234052	0.5890486225480862	1.0897902135516375
5.105088062083414	0.5890486225480862	1.26267701420615
5.301437602932776	0.5890486225480862	1.414213562373095
5.497787143782138	0.5890486225480862	1.5385763934890928
5.6941366846315	0.5890486225480862	1.6309863136978344
5.890486225480862	0.5890486225480862	1.687892061589778
6.086835766330224	0.5890486225480862	1.7071067811865475
6.283185307179586	0.5890486225480862	1.687892061589778

0.0	0.7853981633974483	1.5363555134228322
0.19634954084936207	0.7853981633974483	1.4794497655308885
0.39269908169872414	0.7853981633974483	1.387039845322147
0.5890486225480862	0.7853981633974483	1.2626770142061494
0.7853981633974483	0.7853981633974483	1.111140466039204
0.9817477042468103	0.7853981633974483	0.9382536653846911
1.1780972450961724	0.7853981633974483	0.7506605550357299
1.3744467859455345	0.7853981633974483	0.5555702330196018
1.5707963267948966	0.7853981633974483	0.3604799110034733
1.7671458676442586	0.7853981633974483	0.17288680065451167
1.9634954084936207	0.7853981633974483	-5.551115123125783E-16
2.1598449493429825	0.7853981633974483	-0.15153654816694562
2.356194490192345	0.7853981633974483	-0.2758993792829435
2.552544031041707	0.7853981633974483	-0.368309299491685
2.748893571891069	0.7853981633974483	-0.4252150473836286
2.945243112740431	0.7853981633974483	-0.44442976698039804
3.141592653589793	0.7853981633974483	-0.4252150473836285
3.3379421944391554	0.7853981633974483	-0.36830929949168456
3.5342917352885173	0.7853981633974483	-0.27589937928294317
3.730641276137879	0.7853981633974483	-0.1515365481669455
3.9269908169872414	0.7853981633974483	-1.1102230246251565E-16
4.123340357836604	0.7853981633974483	0.17288680065451262
4.319689898685965	0.7853981633974483	0.3604799110034735
4.516039439535327	0.7853981633974483	0.555570233019602
4.71238898038469	0.7853981633974483	0.7506605550357304
4.908738521234052	0.7853981633974483	0.9382536653846921
5.105088062083414	0.7853981633974483	1.1111404660392048
5.301437602932776	0.7853981633974483	1.2626770142061494
5.497787143782138	0.7853981633974483	1.3870398453221473
5.6941366846315	0.7853981633974483	1.479449765530889
5.890486225480862	0.7853981633974483	1.5363555134228324
6.086835766330224	0.7853981633974483	1.555570233019602
6.283185307179586	0.7853981633974483	1.5363555134228324

0.0	0.9817477042468103	1.3634687127683196
0.19634954084936207	0.9817477042468103	1.3065629648763757
0.39269908169872414	0.9817477042468103	1.2141530446676345
0.5890486225480862	0.9817477042468103	1.0897902135516366
0.7853981633974483	0.9817477042468103	0.9382536653846911
0.9817477042468103	0.9817477042468103	0.7653668647301785
1.1780972450961724	0.9817477042468103	0.5777737543812171
1.3744467859455345	0.9817477042468103	0.3826834323650891
1.5707963267948966	0.9817477042468103	0.18759311034896062
1.7671458676442586	0.9817477042468103	-1.0547118733938987E-15
1.9634954084936207	0.9817477042468103	-0.17288680065451328
2.1598449493429825	0.9817477042468103	-0.32442334882145835
2.356194490192345	0.9817477042468103	-0.44878617993745623
2.552544031041707	0.9817477042468103	-0.5411961001461978
2.748893571891069	0.9817477042468103	-0.5981018480381413
2.945243112740431	0.9817477042468103	-0.6173165676349108
3.141592653589793	0.9817477042468103	-0.5981018480381413
3.3379421944391554	0.9817477042468103	-0.5411961001461973
3.5342917352885173	0.9817477042468103	-0.4487861799374559
3.730641276137879	0.9817477042468103	-0.32442334882145824
3.9269908169872414	0.9817477042468103	-0.17288680065451284
4.123340357836604	0.9817477042468103	-1.1102230246251565E-16
4.319689898685965	0.9817477042468103	0.18759311034896076
4.516039439535327	0.9817477042468103	0.3826834323650892
4.71238898038469	0.9817477042468103	0.5777737543812177
4.908738521234052	0.9817477042468103	0.7653668647301795
5.105088062083414	0.9817477042468103	0.938253665384692
5.301437602932776	0.9817477042468103	1.0897902135516366
5.497787143782138	0.9817477042468103	1.2141530446676345
5.6941366846315	0.9817477042468103	1.3065629648763761
5.890486225480862	0.9817477042468103	1.3634687127683196
6.086835766330224	0.9817477042468103	1.3826834323650892
6.283185307179586	0.9817477042468103	1.3634687127683196

0.0	1.1780972450961724	1.1758756024193582
0.19634954084936207	1.1780972450961724	1.1189698545274145
0.39269908169872414	1.1780972450961724	1.026559934318673
0.5890486225480862	1.1780972450961724	0.9021971032026754
0.7853981633974483	1.1780972450961724	0.7506605550357299
0.9817477042468103	1.1780972450961724	0.5777737543812171
1.1780972450961724	1.1780972450961724	0.39018064403225583
1.3744467859455345	1.1780972450961724	0.1950903220161278
1.5707963267948966	1.1780972450961724	-6.938893903907228E-16
1.7671458676442586	1.1780972450961724	-0.18759311034896237
1.9634954084936207	1.1780972450961724	-0.3604799110034746
2.1598449493429825	1.1780972450961724	-0.5120164591704197
2.356194490192345	1.1780972450961724	-0.6363792902864176
2.552544031041707	1.1780972450961724	-0.728789210495159
2.748893571891069	1.1780972450961724	-0.7856949583871027
2.945243112740431	1.1780972450961724	-0.804909677983872
3.141592653589793	1.1780972450961724	-0.7856949583871025
3.3379421944391554	1.1780972450961724	-0.7287892104951585
3.5342917352885173	1.1780972450961724	-0.6363792902864172
3.730641276137879	1.1780972450961724	-0.5120164591704195
3.9269908169872414	1.1780972450961724	-0.36047991100347415
4.123340357836604	1.1780972450961724	-0.18759311034896142
4.319689898685965	1.1780972450961724	-5.551115123125783E-16
4.516039439535327	1.1780972450961724	0.19509032201612792
4.71238898038469	1.1780972450961724	0.3901806440322564
4.908738521234052	1.1780972450961724	0.577773754381218
5.105088062083414	1.1780972450961724	0.7506605550357306
5.301437602932776	1.1780972450961724	0.9021971032026754
5.497787143782138	1.1780972450961724	1.0265599343186733
5.6941366846315	1.1780972450961724	1.118969854527415
5.890486225480862	1.1780972450961724	1.1758756024193584
6.086835766330224	1.1780972450961724	1.195090322016128
6.283185307179586	1.1780972450961724	1.1758756024193584

0.0	1.3744467859455345	0.9807852804032302
0.19634954084936207	1.3744467859455345	0.9238795325112864
0.39269908169872414	1.3744467859455345	0.8314696123025451
0.5890486225480862	1.3744467859455345	0.7071067811865474
0.7853981633974483	1.3744467859455345	0.5555702330196018
0.9817477042468103	1.3744467859455345	0.3826834323650891
1.1780972450961724	1.3744467859455345	0.1950903220161278
1.3744467859455345	1.3744467859455345	-2.4492935982947064E-16
1.5707963267948966	1.3744467859455345	-0.19509032201612872
1.7671458676442586	1.3744467859455345	-0.3826834323650904
1.9634954084936207	1.3744467859455345	-0.5555702330196026
2.1598449493429825	1.3744467859455345	-0.7071067811865477
2.356194490192345	1.3744467859455345	-0.8314696123025456
2.552544031041707	1.3744467859455345	-0.9238795325112871
2.748893571891069	1.3744467859455345	-0.9807852804032307
2.945243112740431	1.3744467859455345	-1.0000000000000002
3.141592653589793	1.3744467859455345	-0.9807852804032305
3.3379421944391554	1.3744467859455345	-0.9238795325112866
3.5342917352885173	1.3744467859455345	-0.8314696123025452
3.730641276137879	1.3744467859455345	-0.7071067811865476
3.9269908169872414	1.3744467859455345	-0.5555702330196022
4.123340357836604	1.3744467859455345	-0.38268343236508945
4.319689898685965	1.3744467859455345	-0.19509032201612858
4.516039439535327	1.3744467859455345	-1.2246467991473532E-16
4.71238898038469	1.3744467859455345	0.19509032201612836
4.908738521234052	1.3744467859455345	0.38268343236509006
5.105088062083414	1.3744467859455345	0.5555702330196026
5.301437602932776	1.3744467859455345	0.7071067811865474
5.497787143782138	1.3744467859455345	0.8314696123025452
5.6941366846315	1.3744467859455345	0.9238795325112868
5.890486225480862	1.3744467859455345	0.9807852804032303
6.086835766330224	1.3744467859455345	0.9999999999999999
6.283185307179586	1.3744467859455345	0.9807852804032303

0.0	1.5707963267948966	0.7856949583871017
0.19634954084936207	1.5707963267948966	0.7287892104951579
0.39269908169872414	1.5707963267948966	0.6363792902864166
0.5890486225480862	1.5707963267948966	0.5120164591704188
0.7853981633974483	1.5707963267948966	0.3604799110034733
0.9817477042468103	1.5707963267948966	0.18759311034896062
1.1780972450961724	1.5707963267948966	-6.938893903907228E-16
1.3744467859455345	1.5707963267948966	-0.19509032201612872
1.5707963267948966	1.5707963267948966	-0.3901806440322572
1.7671458676442586	1.5707963267948966	-0.5777737543812189
1.9634954084936207	1.5707963267948966	-0.7506605550357311
2.1598449493429825	1.5707963267948966	-0.9021971032026762
2.356194490192345	1.5707963267948966	-1.026559934318674
2.552544031041707	1.5707963267948966	-1.1189698545274156
2.748893571891069	1.5707963267948966	-1.175875602419359
2.945243112740431	1.5707963267948966	-1.1950903220161286
3.141592653589793	1.5707963267948966	-1.175875602419359
3.3379421944391554	1.5707963267948966	-1.1189698545274152
3.5342917352885173	1.5707963267948966	-1.0265599343186738
3.730641276137879	1.5707963267948966	-0.9021971032026761
3.9269908169872414	1.5707963267948966	-0.7506605550357307
4.123340357836604	1.5707963267948966	-0.5777737543812179
4.319689898685965	1.5707963267948966	-0.39018064403225705
4.516039439535327	1.5707963267948966	-0.1950903220161286
4.71238898038469	1.5707963267948966	-1.3877787807814457E-16
4.908738521234052	1.5707963267948966	0.18759311034896156
5.105088062083414	1.5707963267948966	0.3604799110034741
5.301437602932776	1.5707963267948966	0.5120164591704188
5.497787143782138	1.5707963267948966	0.6363792902864167
5.6941366846315	1.5707963267948966	0.7287892104951583
5.890486225480862	1.5707963267948966	0.7856949583871018
6.086835766330224	1.5707963267948966	0.8049096779838714
6.283185307179586	1.5707963267948966	0.7856949583871018

0.0	1.7671458676442586	0.59810184803814
0.19634954084936207	1.7671458676442586	0.5411961001461962
0.39269908169872414	1.7671458676442586	0.44878617993745495
0.5890486225480862	1.7671458676442586	0.3244233488214572
0.7853981633974483	1.7671458676442586	0.17288680065451167
0.9817477042468103	1.7671458676442586	-1.0547118733938987E-15
1.1780972450961724	1.7671458676442586	-0.18759311034896237
1.3744467859455345	1.7671458676442586	-0.3826834323650904
1.5707963267948966	1.7671458676442586	-0.5777737543812189
1.7671458676442586	1.7671458676442586	-0.7653668647301806
1.9634954084936207	1.7671458676442586	-0.9382536653846928
2.1598449493429825	1.7671458676442586	-1.089790213551638
2.356194490192345	1.7671458676442586	-1.2141530446676359
2.552544031041707	1.7671458676442586	-1.3065629648763772
2.748893571891069	1.7671458676442586	-1.363468712768321
2.945243112740431	1.7671458676442586	-1.3826834323650903
3.141592653589793	1.7671458676442586	-1.3634687127683207
3.3379421944391554	1.7671458676442586	-1.3065629648763768
3.5342917352885173	1.7671458676442586	-1.2141530446676354
3.730641276137879	1.7671458676442586	-1.0897902135516377
3.9269908169872414	1.7671458676442586	-0.9382536653846923
4.123340357836604	1.7671458676442586	-0.7653668647301797
4.319689898685965	1.7671458676442586	-0.5777737543812187
4.516039439535327	1.7671458676442586	-0.3826834323650903
4.71238898038469	1.7671458676442586	-0.1875931103489618
4.908738521234052	1.7671458676442586	-1.1102230246251565E-16
5.105088062083414	1.7671458676442586	0.17288680065451245
5.301437602932776	1.7671458676442586	0.3244233488214572
5.497787143782138	1.7671458676442586	0.44878617993745507
5.6941366846315	1.7671458676442586	0.5411961001461967
5.890486225480862	1.7671458676442586	0.5981018480381401
6.086835766330224	1.7671458676442586	0.6173165676349097
6.283185307179586	1.7671458676442586	0.5981018480381401

0.0	1.9634954084936207	0.4252150473836278
0.19634954084936207	1.9634954084936207	0.368309299491684
0.39269908169872414	1.9634954084936207	0.2758993792829427
0.5890486225480862	1.9634954084936207	0.15153654816694495
0.7853981633974483	1.9634954084936207	-5.551115123125783E-16
0.9817477042468103	1.9634954084936207	-0.17288680065451328
1.1780972450961724	1.9634954084936207	-0.3604799110034746
1.3744467859455345	1.9634954084936207	-0.5555702330196026
1.5707963267948966	1.9634954084936207	-0.7506605550357311
1.7671458676442586	1.9634954084936207	-0.9382536653846928
1.9634954084936207	1.9634954084936207	-1.111140466039205
2.1598449493429825	1.9634954084936207	-1.26267701420615
2.356194490192345	1.9634954084936207	-1.387039845322148
2.552544031041707	1.9634954084936207	-1.4794497655308896
2.748893571891069	1.9634954084936207	-1.536355513422833
2.945243112740431	1.9634954084936207	-1.5555702330196026
3.141592653589793	1.9634954084936207	-1.536355513422833
3.3379421944391554	1.9634954084936207	-1.4794497655308891
3.5342917352885173	1.9634954084936207	-1.3870398453221475
3.730641276137879	1.9634954084936207	-1.26267701420615
3.9269908169872414	1.9634954084936207	-1.1111404660392046
4.123340357836604	1.9634954084936207	-0.9382536653846918
4.319689898685965	1.9634954084936207	-0.750660555035731
4.516039439535327	1.9634954084936207	-0.5555702330196025
4.71238898038469	1.9634954084936207	-0.36047991100347404
4.908738521234052	1.9634954084936207	-0.17288680065451234
5.105088062083414	1.9634954084936207	2.220446049250313E-16
5.301437602932776	1.9634954084936207	0.15153654816694495
5.497787143782138	1.9634954084936207	0.27589937928294284
5.6941366846315	1.9634954084936207	0.36830929949168445
5.890486225480862	1.9634954084936207	0.4252150473836279
6.086835766330224	1.9634954084936207	0.4444297669803975
6.283185307179586	1.9634954084936207	0.4252150473836279

0.0	2.1598449493429825	0.27367849921668275
0.19634954084936207	2.1598449493429825	0.21677275132473894
0.39269908169872414	2.1598449493429825	0.12436283111599766
0.5890486225480862	2.1598449493429825	-1.1102230246251565E-16
0.7853981633974483	2.1598449493429825	-0.15153654816694562
0.9817477042468103	2.1598449493429825	-0.32442334882145835
1.1780972450961724	2.1598449493429825	-0.5120164591704197
1.3744467859455345	2.1598449493429825	-0.7071067811865477
1.5707963267948966	2.1598449493429825	-0.9021971032026762
1.7671458676442586	2.1598449493429825	-1.089790213551638
1.9634954084936207	2.1598449493429825	-1.26267701420615
2.1598449493429825	2.1598449493429825	-1.4142135623730951
2.356194490192345	2.1598449493429825	-1.538576393489093
2.552544031041707	2.1598449493429825	-1.6309863136978344
2.748893571891069	2.1598449493429825	-1.6878920615897781
2.945243112740431	2.1598449493429825	-1.7071067811865475
3.141592653589793	2.1598449493429825	-1.687892061589778
3.3379421944391554	2.1598449493429825	-1.630986313697834
3.5342917352885173	2.1598449493429825	-1.5385763934890928
3.730641276137879	2.1598449493429825	-1.414213562373095
3.9269908169872414	2.1598449493429825	-1.2626770142061496
4.123340357836604	2.1598449493429825	-1.0897902135516369
4.319689898685965	2.1598449493429825	-0.9021971032026761
4.516039439535327	2.1598449493429825	-0.7071067811865476
4.71238898038469	2.1598449493429825	-0.512016459170419
4.908738521234052	2.1598449493429825	-0.3244233488214574
5.105088062083414	2.1598449493429825	-0.15153654816694484
5.301437602932776	2.1598449493429825	-1.1102230246251565E-16
5.497787143782138	2.1598449493429825	0.12436283111599777
5.6941366846315	2.1598449493429825	0.2167727513247394
5.890486225480862	2.1598449493429825	0.27367849921668286
6.086835766330224	2.1598449493429825	0.2928932188134524
6.283185307179586	2.1598449493429825	0.27367849921668286

0.0	2.356194490192345	0.14931566810068486
0.19634954084936207	2.356194490192345	0.09240992020874106
0.39269908169872414	2.356194490192345	-2.220446049250313E-16
0.5890486225480862	2.356194490192345	-0.124362831115998
0.7853981633974483	2.356194490192345	-0.2758993792829435
0.9817477042468103	2.356194490192345	-0.44878617993745623
1.1780972450961724	2.356194490192345	-0.6363792902864176
1.3744467859455345	2.356194490192345	-0.8314696123025456
1.5707963267948966	2.356194490192345	-1.026559934318674
1.7671458676442586	2.356194490192345	-1.2141530446676359
1.9634954084936207	2.356194490192345	-1.387039845322148
2.1598449493429825	2.356194490192345	-1.538576393489093
2.356194490192345	2.356194490192345	-1.662939224605091
2.552544031041707	2.356194490192345	-1.7553491448138323
2.748893571891069	2.356194490192345	-1.812254892705776
2.945243112740431	2.356194490192345	-1.8314696123025453
3.141592653589793	2.356194490192345	-1.8122548927057758
3.3379421944391554	2.356194490192345	-1.7553491448138319
3.5342917352885173	2.356194490192345	-1.6629392246050907
3.730641276137879	2.356194490192345	-1.5385763934890928
3.9269908169872414	2.356194490192345	-1.3870398453221475
4.123340357836604	2.356194490192345	-1.2141530446676347
4.319689898685965	2.356194490192345	-1.026559934318674
4.516039439535327	2.356194490192345	-0.8314696123025455
4.71238898038469	2.356194490192345	-0.6363792902864169
4.908738521234052	2.356194490192345	-0.4487861799374553
5.105088062083414	2.356194490192345	-0.2758993792829427
5.301437602932776	2.356194490192345	-0.124362831115998
5.497787143782138	2.356194490192345	-1.1102230246251565E-16
5.6941366846315	2.356194490192345	0.0924099202087415
5.890486225480862	2.356194490192345	0.14931566810068497
6.086835766330224	2.356194490192345	0.16853038769745454
6.283185307179586	2.356194490192345	0.14931566810068497

0.0	2.552544031041707	0.05690574789194336
0.19634954084936207	2.552544031041707	-4.440892098500626E-16
0.39269908169872414	2.552544031041707	-0.09240992020874172
0.5890486225480862	2.552544031041707	-0.2167727513247395
0.7853981633974483	2.552544031041707	-0.368309299491685
0.9817477042468103	2.552544031041707	-0.5411961001461978
1.1780972450961724	2.552544031041707	-0.728789210495159
1.3744467859455345	2.552544031041707	-0.9238795325112871
1.5707963267948966	2.552544031041707	-1.1189698545274156
1.7671458676442586	2.552544031041707	-1.3065629648763772
1.9634954084936207	2.552544031041707	-1.4794497655308896
2.1598449493429825	2.552544031041707	-1.6309863136978344
2.356194490192345	2.552544031041707	-1.7553491448138323
2.552544031041707	2.552544031041707	-1.847759065022574
2.748893571891069	2.552544031041707	-1.9046648129145174
2.945243112740431	2.552544031041707	-1.923879532511287
3.141592653589793	2.552544031041707	-1.9046648129145174
3.3379421944391554	2.552544031041707	-1.8477590650225735
3.5342917352885173	2.552544031041707	-1.755349144813832
3.730641276137879	2.552544031041707	-1.6309863136978344
3.9269908169872414	2.552544031041707	-1.4794497655308891
4.123340357836604	2.552544031041707	-1.3065629648763764
4.319689898685965	2.552544031041707	-1.1189698545274154
4.516039439535327	2.552544031041707	-0.923879532511287
4.71238898038469	2.552544031041707	-0.7287892104951585
4.908738521234052	2.552544031041707	-0.5411961001461968
5.105088062083414	2.552544031041707	-0.36830929949168423
5.301437602932776	2.552544031041707	-0.2167727513247395
5.497787143782138	2.552544031041707	-0.09240992020874161
5.6941366846315	2.552544031041707	0.0
5.890486225480862	2.552544031041707	0.05690574789194347
6.086835766330224	2.552544031041707	0.07612046748871304
6.283185307179586	2.552544031041707	0.05690574789194347

0.0	2.748893571891069	-2.220446049250313E-16
0.19634954084936207	2.748893571891069	-0.056905747891944025
0.39269908169872414	2.748893571891069	-0.1493156681006853
0.5890486225480862	2.748893571891069	-0.2736784992166831
0.7853981633974483	2.748893571891069	-0.4252150473836286
0.9817477042468103	2.748893571891069	-0.5981018480381413
1.1780972450961724	2.748893571891069	-0.7856949583871027
1.3744467859455345	2.748893571891069	-0.9807852804032307
1.5707963267948966	2.748893571891069	-1.175875602419359
1.7671458676442586	2.748893571891069	-1.363468712768321
1.9634954084936207	2.748893571891069	-1.536355513422833
2.1598449493429825	2.748893571891069	-1.6878920615897781
2.356194490192345	2.748893571891069	-1.812254892705776
2.552544031041707	2.748893571891069	-1.9046648129145174
2.748893571891069	2.748893571891069	-1.961570560806461
2.945243112740431	2.748893571891069	-1.9807852804032304
3.141592653589793	2.748893571891069	-1.9615705608064609
3.3379421944391554	2.748893571891069	-1.904664812914517
3.5342917352885173	2.748893571891069	-1.8122548927057758
3.730641276137879	2.748893571891069	-1.687892061589778
3.9269908169872414	2.748893571891069	-1.5363555134228326
4.123340357836604	2.748893571891069	-1.3634687127683198
4.319689898685965	2.748893571891069	-1.175875602419359
4.516039439535327	2.748893571891069	-0.9807852804032305
4.71238898038469	2.748893571891069	-0.785694958387102
4.908738521234052	2.748893571891069	-0.5981018480381404
5.105088062083414	2.748893571891069	-0.4252150473836278
5.301437602932776	2.748893571891069	-0.2736784992166831
5.497787143782138	2.748893571891069	-0.1493156681006852
5.6941366846315	2.748893571891069	-0.05690574789194358
5.890486225480862	2.748893571891069	-1.1102230246251565E-16
6.086835766330224	2.748893571891069	0.01921471959676946
6.283185307179586	2.748893571891069	-1.1102230246251565E-16

0.0	2.945243112740431	-0.01921471959676968
0.19634954084936207	2.945243112740431	-0.07612046748871348
0.39269908169872414	2.945243112740431	-0.16853038769745476
0.5890486225480862	2.945243112740431	-0.29289321881345254
0.7853981633974483	2.945243112740431	-0.44442976698039804
0.9817477042468103	2.945243112740431	-0.6173165676349108
1.1780972450961724	2.945243112740431	-0.804909677983872
1.3744467859455345	2.945243112740431	-1.0000000000000002
1.5707963267948966	2.945243112740431	-1.1950903220161286
1.7671458676442586	2.945243112740431	-1.3826834323650903
1.9634954084936207	2.945243112740431	-1.5555702330196026
2.1598449493429825	2.945243112740431	-1.7071067811865475
2.356194490192345	2.945243112740431	-1.8314696123025453
2.552544031041707	2.945243112740431	-1.923879532511287
2.748893571891069	2.945243112740431	-1.9807852804032304
2.945243112740431	2.945243112740431	-2.0
3.141592653589793	2.945243112740431	-1.9807852804032304
3.3379421944391554	2.945243112740431	-1.9238795325112865
3.5342917352885173	2.945243112740431	-1.8314696123025451
3.730641276137879	2.945243112740431	-1.7071067811865475
3.9269908169872414	2.945243112740431	-1.5555702330196022
4.123340357836604	2.945243112740431	-1.3826834323650894
4.319689898685965	2.945243112740431	-1.1950903220161284
4.516039439535327	2.945243112740431	-1.0
4.71238898038469	2.945243112740431	-0.8049096779838716
4.908738521234052	2.945243112740431	-0.6173165676349098
5.105088062083414	2.945243112740431	-0.44442976698039727
5.301437602932776	2.945243112740431	-0.29289321881345254
5.497787143782138	2.945243112740431	-0.16853038769745465
5.6941366846315	2.945243112740431	-0.07612046748871304
5.890486225480862	2.945243112740431	-0.01921471959676957
6.086835766330224	2.945243112740431	0.0
6.283185307179586	2.945243112740431	-0.01921471959676957

0.0	3.141592653589793	-1.1102230246251565E-16
0.19634954084936207	3.141592653589793	-0.056905747891943914
0.39269908169872414	3.141592653589793	-0.1493156681006852
0.5890486225480862	3.141592653589793	-0.27367849921668297
0.7853981633974483	3.141592653589793	-0.4252150473836285
0.9817477042468103	3.141592653589793	-0.5981018480381413
1.1780972450961724	3.141592653589793	-0.7856949583871025
1.3744467859455345	3.141592653589793	-0.9807852804032305
1.5707963267948966	3.141592653589793	-1.175875602419359
1.7671458676442586	3.141592653589793	-1.3634687127683207
1.9634954084936207	3.141592653589793	-1.536355513422833
2.1598449493429825	3.141592653589793	-1.687892061589778
2.356194490192345	3.141592653589793	-1.8122548927057758
2.552544031041707	3.141592653589793	-1.9046648129145174
2.748893571891069	3.141592653589793	-1.9615705608064609
2.945243112740431	3.141592653589793	-1.9807852804032304
3.141592653589793	3.141592653589793	-1.9615705608064609
3.3379421944391554	3.141592653589793	-1.904664812914517
3.5342917352885173	3.141592653589793	-1.8122548927057756
3.730641276137879	3.141592653589793	-1.687892061589778
3.9269908169872414	3.141592653589793	-1.5363555134228326
4.123340357836604	3.141592653589793	-1.3634687127683198
4.319689898685965	3.141592653589793	-1.1758756024193588
4.516039439535327	3.141592653589793	-0.9807852804032304
4.71238898038469	3.141592653589793	-0.785694958387102
4.908738521234052	3.141592653589793	-0.5981018480381403
5.105088062083414	3.141592653589793	-0.4252150473836277
5.301437602932776	3.141592653589793	-0.27367849921668297
5.497787143782138	3.141592653589793	-0.14931566810068508
5.6941366846315	3.141592653589793	-0.05690574789194347
5.890486225480862	3.141592653589793	0.0
6.086835766330224	3.141592653589793	0.01921471959676957
6.283185307179586	3.141592653589793	0.0

0.0	3.3379421944391554	0.0569057478919438
0.19634954084936207	3.3379421944391554	0.0
0.39269908169872414	3.3379421944391554	-0.09240992020874128
0.5890486225480862	3.3379421944391554	-0.21677275132473905
0.7853981633974483	3.3379421944391554	-0.36830929949168456
0.9817477042468103	3.3379421944391554	-0.5411961001461973
1.1780972450961724	3.3379421944391554	-0.7287892104951585
1.3744467859455345	3.3379421944391554	-0.9238795325112866
1.5707963267948966	3.3379421944391554	-1.1189698545274152
1.7671458676442586	3.3379421944391554	-1.3065629648763768
1.9634954084936207	3.3379421944391554	-1.4794497655308891
2.1598449493429825	3.3379421944391554	-1.630986313697834
2.356194490192345	3.3379421944391554	-1.7553491448138319
2.552544031041707	3.3379421944391554	-1.8477590650225735
2.748893571891069	3.3379421944391554	-1.904664812914517
2.945243112740431	3.3379421944391554	-1.9238795325112865
3.141592653589793	3.3379421944391554	-1.904664812914517
3.3379421944391554	3.3379421944391554	-1.847759065022573
3.5342917352885173	3.3379421944391554	-1.7553491448138316
3.730641276137879	3.3379421944391554	-1.630986313697834
3.9269908169872414	3.3379421944391554	-1.4794497655308887
4.123340357836604	3.3379421944391554	-1.306562964876376
4.319689898685965	3.3379421944391554	-1.118969854527415
4.516039439535327	3.3379421944391554	-0.9238795325112865
4.71238898038469	3.3379421944391554	-0.7287892104951581
4.908738521234052	3.3379421944391554	-0.5411961001461963
5.105088062083414	3.3379421944391554	-0.3683092994916838
5.301437602932776	3.3379421944391554	-0.21677275132473905
5.497787143782138	3.3379421944391554	-0.09240992020874117
5.6941366846315	3.3379421944391554	4.440892098500626E-16
5.890486225480862	3.3379421944391554	0.056905747891943914
6.086835766330224	3.3379421944391554	0.07612046748871348
6.283185307179586	3.3379421944391554	0.056905747891943914

0.0	3.5342917352885173	0.1493156681006852
0.19634954084936207	3.5342917352885173	0.09240992020874139
0.39269908169872414	3.5342917352885173	1.1102230246251565E-16
0.5890486225480862	3.5342917352885173	-0.12436283111599766
0.7853981633974483	3.5342917352885173	-0.27589937928294317
0.9817477042468103	3.5342917352885173	-0.4487861799374559
1.1780972450961724	3.5342917352885173	-0.6363792902864172
1.3744467859455345	3.5342917352885173	-0.8314696123025452
1.5707963267948966	3.5342917352885173	-1.0265599343186738
1.7671458676442586	3.5342917352885173	-1.2141530446676354
1.9634954084936207	3.5342917352885173	-1.3870398453221475
2.1598449493429825	3.5342917352885173	-1.5385763934890928
2.356194490192345	3.5342917352885173	-1.6629392246050907
2.552544031041707	3.5342917352885173	-1.755349144813832
2.748893571891069	3.5342917352885173	-1.8122548927057758
2.945243112740431	3.5342917352885173	-1.8314696123025451
3.141592653589793	3.5342917352885173	-1.8122548927057756
3.3379421944391554	3.5342917352885173	-1.7553491448138316
3.5342917352885173	3.5342917352885173	-1.6629392246050902
3.730641276137879	3.5342917352885173	-1.5385763934890926
3.9269908169872414	3.5342917352885173	-1.387039845322147
4.123340357836604	3.5342917352885173	-1.2141530446676345
4.319689898685965	3.5342917352885173	-1.0265599343186735
4.516039439535327	3.5342917352885173	-0.8314696123025451
4.71238898038469	3.5342917352885173	-0.6363792902864167
4.908738521234052	3.5342917352885173	-0.44878617993745495
5.105088062083414	3.5342917352885173	-0.2758993792829424
5.301437602932776	3.5342917352885173	-0.12436283111599766
5.497787143782138	3.5342917352885173	2.220446049250313E-16
5.6941366846315	3.5342917352885173	0.09240992020874184
5.890486225480862	3.5342917352885173	0.1493156681006853
6.086835766330224	3.5342917352885173	0.16853038769745488
6.283185307179586	3.5342917352885173	0.1493156681006853

0.0	3.730641276137879	0.27367849921668286
0.19634954084936207	3.730641276137879	0.21677275132473905
0.39269908169872414	3.730641276137879	0.12436283111599777
0.5890486225480862	3.730641276137879	0.0
0.7853981633974483	3.730641276137879	-0.1515365481669455
0.9817477042468103	3.730641276137879	-0.32442334882145824
1.1780972450961724	3.730641276137879	-0.5120164591704195
1.3744467859455345	3.730641276137879	-0.7071067811865476
1.5707963267948966	3.730641276137879	-0.9021971032026761
1.7671458676442586	3.730641276137879	-1.0897902135516377
1.9634954084936207	3.730641276137879	-1.26267701420615
2.1598449493429825	3.730641276137879	-1.414213562373095
2.356194490192345	3.730641276137879	-1.5385763934890928
2.552544031041707	3.730641276137879	-1.6309863136978344
2.748893571891069	3.730641276137879	-1.687892061589778
2.945243112740431	3.730641276137879	-1.7071067811865475
3.141592653589793	3.730641276137879	-1.687892061589778
3.3379421944391554	3.730641276137879	-1.630986313697834
3.5342917352885173	3.730641276137879	-1.5385763934890926
3.730641276137879	3.730641276137879	-1.414213562373095
3.9269908169872414	3.730641276137879	-1.2626770142061496
4.123340357836604	3.730641276137879	-1.0897902135516369
4.319689898685965	3.730641276137879	-0.9021971032026759
4.516039439535327	3.730641276137879	-0.7071067811865475
4.71238898038469	3.730641276137879	-0.512016459170419
4.908738521234052	3.730641276137879	-0.3244233488214573
5.105088062083414	3.730641276137879	-0.15153654816694473
5.301437602932776	3.730641276137879	0.0
5.497787143782138	3.730641276137879	0.12436283111599788
5.6941366846315	3.730641276137879	0.2167727513247395
5.890486225480862	3.730641276137879	0.27367849921668297
6.086835766330224	3.730641276137879	0.29289321881345254
6.283185307179586	3.730641276137879	0.27367849921668297

0.0	3.9269908169872414	0.42521504738362825
0.19634954084936207	3.9269908169872414	0.36830929949168445
0.39269908169872414	3.9269908169872414	0.27589937928294317
0.5890486225480862	3.9269908169872414	0.1515365481669454
0.7853981633974483	3.9269908169872414	-1.1102230246251565E-16
0.9817477042468103	3.9269908169872414	-0.17288680065451284
1.1780972450961724	3.9269908169872414	-0.36047991100347415
1.3744467859455345	3.9269908169872414	-0.5555702330196022
1.5707963267948966	3.9269908169872414	-0.7506605550357307
1.7671458676442586	3.9269908169872414	-0.9382536653846923
1.9634954084936207	3.9269908169872414	-1.1111404660392046
2.1598449493429825	3.9269908169872414	-1.2626770142061496
2.356194490192345	3.9269908169872414	-1.3870398453221475
2.552544031041707	3.9269908169872414	-1.4794497655308891
2.748893571891069	3.9269908169872414	-1.5363555134228326
2.945243112740431	3.9269908169872414	-1.5555702330196022
3.141592653589793	3.9269908169872414	-1.5363555134228326
3.3379421944391554	3.9269908169872414	-1.4794497655308887
3.5342917352885173	3.9269908169872414	-1.387039845322147
3.730641276137879	3.9269908169872414	-1.2626770142061496
3.9269908169872414	3.9269908169872414	-1.1111404660392041
4.123340357836604	3.9269908169872414	-0.9382536653846913
4.319689898685965	3.9269908169872414	-0.7506605550357306
4.516039439535327	3.9269908169872414	-0.5555702330196021
4.71238898038469	3.9269908169872414	-0.3604799110034736
4.908738521234052	3.9269908169872414	-0.1728868006545119
5.105088062083414	3.9269908169872414	6.661338147750939E-16
5.301437602932776	3.9269908169872414	0.1515365481669454
5.497787143782138	3.9269908169872414	0.2758993792829433
5.6941366846315	3.9269908169872414	0.3683092994916849
5.890486225480862	3.9269908169872414	0.42521504738362836
6.086835766330224	3.9269908169872414	0.44442976698039793
6.283185307179586	3.9269908169872414	0.42521504738362836

0.0	4.123340357836604	0.598101848038141
0.19634954084936207	4.123340357836604	0.5411961001461971
0.39269908169872414	4.123340357836604	0.4487861799374559
0.5890486225480862	4.123340357836604	0.3244233488214581
0.7853981633974483	4.123340357836604	0.17288680065451262
0.9817477042468103	4.123340357836604	-1.1102230246251565E-16
1.1780972450961724	4.123340357836604	-0.18759311034896142
1.3744467859455345	4.123340357836604	-0.38268343236508945
1.5707963267948966	4.123340357836604	-0.5777737543812179
1.7671458676442586	4.123340357836604	-0.7653668647301797
1.9634954084936207	4.123340357836604	-0.9382536653846918
2.1598449493429825	4.123340357836604	-1.0897902135516369
2.356194490192345	4.123340357836604	-1.2141530446676347
2.552544031041707	4.123340357836604	-1.3065629648763764
2.748893571891069	4.123340357836604	-1.3634687127683198
2.945243112740431	4.123340357836604	-1.3826834323650894
3.141592653589793	4.123340357836604	-1.3634687127683198
3.3379421944391554	4.123340357836604	-1.306562964876376
3.5342917352885173	4.123340357836604	-1.2141530446676345
3.730641276137879	4.123340357836604	-1.0897902135516369
3.9269908169872414	4.123340357836604	-0.9382536653846913
4.123340357836604	4.123340357836604	-0.7653668647301787
4.319689898685965	4.123340357836604	-0.5777737543812178
4.516039439535327	4.123340357836604	-0.38268343236508934
4.71238898038469	4.123340357836604	-0.18759311034896087
4.908738521234052	4.123340357836604	8.326672684688674E-16
5.105088062083414	4.123340357836604	0.1728868006545134
5.301437602932776	4.123340357836604	0.3244233488214581
5.497787143782138	4.123340357836604	0.448786179937456
5.6941366846315	4.123340357836604	0.5411961001461976
5.890486225480862	4.123340357836604	0.598101848038141
6.086835766330224	4.123340357836604	0.6173165676349106
6.283185307179586	4.123340357836604	0.598101848038141

0.0	4.319689898685965	0.7856949583871018
0.19634954084936207	4.319689898685965	0.7287892104951581
0.39269908169872414	4.319689898685965	0.6363792902864167
0.5890486225480862	4.319689898685965	0.512016459170419
0.7853981633974483	4.319689898685965	0.3604799110034735
0.9817477042468103	4.319689898685965	0.18759311034896076
1.1780972450961724	4.319689898685965	-5.551115123125783E-16
1.3744467859455345	4.319689898685965	-0.19509032201612858
1.5707963267948966	4.319689898685965	-0.39018064403225705
1.7671458676442586	4.319689898685965	-0.5777737543812187
1.9634954084936207	4.319689898685965	-0.750660555035731
2.1598449493429825	4.319689898685965	-0.9021971032026761
2.356194490192345	4.319689898685965	-1.026559934318674
2.552544031041707	4.319689898685965	-1.1189698545274154
2.748893571891069	4.319689898685965	-1.175875602419359
2.945243112740431	4.319689898685965	-1.1950903220161284
3.141592653589793	4.319689898685965	-1.1758756024193588
3.3379421944391554	4.319689898685965	-1.118969854527415
3.5342917352885173	4.319689898685965	-1.0265599343186735
3.730641276137879	4.319689898685965	-0.9021971032026759
3.9269908169872414	4.319689898685965	-0.7506605550357306
4.123340357836604	4.319689898685965	-0.5777737543812178
4.319689898685965	4.319689898685965	-0.39018064403225694
4.516039439535327	4.319689898685965	-0.19509032201612847
4.71238898038469	4.319689898685965	0.0
4.908738521234052	4.319689898685965	0.1875931103489617
5.105088062083414	4.319689898685965	0.36047991100347426
5.301437602932776	4.319689898685965	0.512016459170419
5.497787143782138	4.319689898685965	0.6363792902864169
5.6941366846315	4.319689898685965	0.7287892104951585
5.890486225480862	4.319689898685965	0.785694958387102
6.086835766330224	4.319689898685965	0.8049096779838716
6.283185307179586	4.319689898685965	0.785694958387102

0.0	4.516039439535327	0.9807852804032303
0.19634954084936207	4.516039439535327	0.9238795325112865
0.39269908169872414	4.516039439535327	0.8314696123025452
0.5890486225480862	4.516039439535327	0.7071067811865475
0.7853981633974483	4.516039439535327	0.555570233019602
0.9817477042468103	4.516039439535327	0.3826834323650892
1.1780972450961724	4.516039439535327	0.19509032201612792
1.3744467859455345	4.516039439535327	-1.2246467991473532E-16
1.5707963267948966	4.516039439535327	-0.1950903220161286
1.7671458676442586	4.516039439535327	-0.3826834323650903
1.9634954084936207	4.516039439535327	-0.5555702330196025
2.1598449493429825	4.516039439535327	-0.7071067811865476
2.356194490192345	4.516039439535327	-0.8314696123025455
2.552544031041707	4.516039439535327	-0.923879532511287
2.748893571891069	4.516039439535327	-0.9807852804032305
2.945243112740431	4.516039439535327	-1.0
3.141592653589793	4.516039439535327	-0.9807852804032304
3.3379421944391554	4.516039439535327	-0.9238795325112865
3.5342917352885173	4.516039439535327	-0.8314696123025451
3.730641276137879	4.516039439535327	-0.7071067811865475
3.9269908169872414	4.516039439535327	-0.5555702330196021
4.123340357836604	4.516039439535327	-0.38268343236508934
4.319689898685965	4.516039439535327	-0.19509032201612847
4.516039439535327	4.516039439535327	0.0
4.71238898038469	4.516039439535327	0.19509032201612847
4.908738521234052	4.516039439535327	0.38268343236509017
5.105088062083414	4.516039439535327	0.5555702330196027
5.301437602932776	4.516039439535327	0.7071067811865475
5.497787143782138	4.516039439535327	0.8314696123025453
5.6941366846315	4.516039439535327	0.923879532511287
5.890486225480862	4.516039439535327	0.9807852804032304
6.086835766330224	4.516039439535327	1.0
6.283185307179586	4.516039439535327	0.9807852804032304

0.0	4.71238898038469	1.1758756024193588
0.19634954084936207	4.71238898038469	1.118969854527415
0.39269908169872414	4.71238898038469	1.0265599343186738
0.5890486225480862	4.71238898038469	0.9021971032026759
0.7853981633974483	4.71238898038469	0.7506605550357304
0.9817477042468103	4.71238898038469	0.5777737543812177
1.1780972450961724	4.71238898038469	0.3901806440322564
1.3744467859455345	4.71238898038469	0.19509032201612836
1.5707963267948966	4.71238898038469	-1.3877787807814457E-16
1.7671458676442586	4.71238898038469	-0.1875931103489618
1.9634954084936207	4.71238898038469	-0.36047991100347404
2.1598449493429825	4.71238898038469	-0.512016459170419
2.356194490192345	4.71238898038469	-0.6363792902864169
2.552544031041707	4.71238898038469	-0.7287892104951585
2.748893571891069	4.71238898038469	-0.785694958387102
2.945243112740431	4.71238898038469	-0.8049096779838716
3.141592653589793	4.71238898038469	-0.785694958387102
3.3379421944391554	4.71238898038469	-0.7287892104951581
3.5342917352885173	4.71238898038469	-0.6363792902864167
3.730641276137879	4.71238898038469	-0.512016459170419
3.9269908169872414	4.71238898038469	-0.3604799110034736
4.123340357836604	4.71238898038469	-0.18759311034896087
4.319689898685965	4.71238898038469	0.0
4.516039439535327	4.71238898038469	0.19509032201612847
4.71238898038469	4.71238898038469	0.39018064403225694
4.908738521234052	4.71238898038469	0.5777737543812187
5.105088062083414	4.71238898038469	0.7506605550357313
5.301437602932776	4.71238898038469	0.9021971032026759
5.497787143782138	4.71238898038469	1.0265599343186738
5.6941366846315	4.71238898038469	1.1189698545274154
5.890486225480862	4.71238898038469	1.1758756024193588
6.086835766330224	4.71238898038469	1.1950903220161284
6.283185307179586	4.71238898038469	1.1758756024193588

0.0	4.908738521234052	1.3634687127683205
0.19634954084936207	4.908738521234052	1.3065629648763766
0.39269908169872414	4.908738521234052	1.2141530446676354
0.5890486225480862	4.908738521234052	1.0897902135516375
0.7853981633974483	4.908738521234052	0.9382536653846921
0.9817477042468103	4.908738521234052	0.7653668647301795
1.1780972450961724	4.908738521234052	0.577773754381218
1.3744467859455345	4.908738521234052	0.38268343236509006
1.5707963267948966	4.908738521234052	0.18759311034896156
1.7671458676442586	4.908738521234052	-1.1102230246251565E-16
1.9634954084936207	4.908738521234052	-0.17288680065451234
2.1598449493429825	4.908738521234052	-0.3244233488214574
2.356194490192345	4.908738521234052	-0.4487861799374553
2.552544031041707	4.908738521234052	-0.5411961001461968
2.748893571891069	4.908738521234052	-0.5981018480381404
2.945243112740431	4.908738521234052	-0.6173165676349098
3.141592653589793	4.908738521234052	-0.5981018480381403
3.3379421944391554	4.908738521234052	-0.5411961001461963
3.5342917352885173	4.908738521234052	-0.44878617993745495
3.730641276137879	4.908738521234052	-0.3244233488214573
3.9269908169872414	4.908738521234052	-0.1728868006545119
4.123340357836604	4.908738521234052	8.326672684688674E-16
4.319689898685965	4.908738521234052	0.1875931103489617
4.516039439535327	4.908738521234052	0.38268343236509017
4.71238898038469	4.908738521234052	0.5777737543812187
4.908738521234052	4.908738521234052	0.7653668647301803
5.105088062083414	4.908738521234052	0.9382536653846929
5.301437602932776	4.908738521234052	1.0897902135516375
5.497787143782138	4.908738521234052	1.2141530446676354
5.6941366846315	4.908738521234052	1.306562964876377
5.890486225480862	4.908738521234052	1.3634687127683205
6.086835766330224	4.908738521234052	1.38268343236509
6.283185307179586	4.908738521234052	1.3634687127683205

0.0	5.105088062083414	1.536355513422833
0.19634954084936207	5.105088062083414	1.4794497655308891
0.39269908169872414	5.105088062083414	1.387039845322148
0.5890486225480862	5.105088062083414	1.26267701420615
0.7853981633974483	5.105088062083414	1.1111404660392048
0.9817477042468103	5.105088062083414	0.938253665384692
1.1780972450961724	5.105088062083414	0.7506605550357306
1.3744467859455345	5.105088062083414	0.5555702330196026
1.5707963267948966	5.105088062083414	0.3604799110034741
1.7671458676442586	5.105088062083414	0.17288680065451245
1.9634954084936207	5.105088062083414	2.220446049250313E-16
2.1598449493429825	5.105088062083414	-0.15153654816694484
2.356194490192345	5.105088062083414	-0.2758993792829427
2.552544031041707	5.105088062083414	-0.36830929949168423
2.748893571891069	5.105088062083414	-0.4252150473836278
2.945243112740431	5.105088062083414	-0.44442976698039727
3.141592653589793	5.105088062083414	-0.4252150473836277
3.3379421944391554	5.105088062083414	-0.3683092994916838
3.5342917352885173	5.105088062083414	-0.2758993792829424
3.730641276137879	5.105088062083414	-0.15153654816694473
3.9269908169872414	5.105088062083414	6.661338147750939E-16
4.123340357836604	5.105088062083414	0.1728868006545134
4.319689898685965	5.105088062083414	0.36047991100347426
4.516039439535327	5.105088062083414	0.5555702330196027
4.71238898038469	5.105088062083414	0.7506605550357313
4.908738521234052	5.105088062083414	0.9382536653846929
5.105088062083414	5.105088062083414	1.1111404660392055
5.301437602932776	5.105088062083414	1.26267701420615
5.497787143782138	5.105088062083414	1.387039845322148
5.6941366846315	5.105088062083414	1.4794497655308896
5.890486225480862	5.105088062083414	1.536355513422833
6.086835766330224	5.105088062083414	1.5555702330196026
6.283185307179586	5.105088062083414	1.536355513422833

0.0	5.301437602932776	1.687892061589778
0.19634954084936207	5.301437602932776	1.630986313697834
0.39269908169872414	5.301437602932776	1.5385763934890928
0.5890486225480862	5.301437602932776	1.414213562373095
0.7853981633974483	5.301437602932776	1.2626770142061494
0.9817477042468103	5.301437602932776	1.0897902135516366
1.1780972450961724	5.301437602932776	0.9021971032026754
1.3744467859455345	5.301437602932776	0.7071067811865474
1.5707963267948966	5.301437602932776	0.5120164591704188
1.7671458676442586	5.301437602932776	0.3244233488214572
1.9634954084936207	5.301437602932776	0.15153654816694495
2.1598449493429825	5.301437602932776	-1.1102230246251565E-16
2.356194490192345	5.301437602932776	-0.124362831115998
2.552544031041707	5.301437602932776	-0.2167727513247395
2.748893571891069	5.301437602932776	-0.2736784992166831
2.945243112740431	5.301437602932776	-0.29289321881345254
3.141592653589793	5.301437602932776	-0.27367849921668297
3.3379421944391554	5.301437602932776	-0.21677275132473905
3.5342917352885173	5.301437602932776	-0.12436283111599766
3.730641276137879	5.301437602932776	0.0
3.9269908169872414	5.301437602932776	0.1515365481669454
4.123340357836604	5.301437602932776	0.3244233488214581
4.319689898685965	5.301437602932776	0.512016459170419
4.516039439535327	5.301437602932776	0.7071067811865475
4.71238898038469	5.301437602932776	0.9021971032026759
4.908738521234052	5.301437602932776	1.0897902135516375
5.105088062083414	5.301437602932776	1.26267701420615
5.301437602932776	5.301437602932776	1.414213562373095
5.497787143782138	5.301437602932776	1.5385763934890928
5.6941366846315	5.301437602932776	1.6309863136978344
5.890486225480862	5.301437602932776	1.687892061589778
6.086835766330224	5.301437602932776	1.7071067811865475
6.283185307179586	5.301437602932776	1.687892061589778

0.0	5.497787143782138	1.8122548927057758
0.19634954084936207	5.497787143782138	1.7553491448138319
0.39269908169872414	5.497787143782138	1.6629392246050907
0.5890486225480862	5.497787143782138	1.5385763934890928
0.7853981633974483	5.497787143782138	1.3870398453221473
0.9817477042468103	5.497787143782138	1.2141530446676345
1.1780972450961724	5.497787143782138	1.0265599343186733
1.3744467859455345	5.497787143782138	0.8314696123025452
1.5707963267948966	5.497787143782138	0.6363792902864167
1.7671458676442586	5.497787143782138	0.44878617993745507
1.9634954084936207	5.497787143782138	0.27589937928294284
2.1598449493429825	5.497787143782138	0.12436283111599777
2.356194490192345	5.497787143782138	-1.1102230246251565E-16
2.552544031041707	5.497787143782138	-0.09240992020874161
2.748893571891069	5.497787143782138	-0.1493156681006852
2.945243112740431	5.497787143782138	-0.16853038769745465
3.141592653589793	5.497787143782138	-0.14931566810068508
3.3379421944391554	5.497787143782138	-0.09240992020874117
3.5342917352885173	5.497787143782138	2.220446049250313E-16
3.730641276137879	5.497787143782138	0.12436283111599788
3.9269908169872414	5.497787143782138	0.2758993792829433
4.123340357836604	5.497787143782138	0.448786179937456
4.319689898685965	5.497787143782138	0.6363792902864169
4.516039439535327	5.497787143782138	0.8314696123025453
4.71238898038469	5.497787143782138	1.0265599343186738
4.908738521234052	5.497787143782138	1.2141530446676354
5.105088062083414	5.497787143782138	1.387039845322148
5.301437602932776	5.497787143782138	1.5385763934890928
5.497787143782138	5.497787143782138	1.6629392246050907
5.6941366846315	5.497787143782138	1.7553491448138323
5.890486225480862	5.497787143782138	1.8122548927057758
6.086835766330224	5.497787143782138	1.8314696123025453
6.283185307179586	5.497787143782138	1.8122548927057758

0.0	5.6941366846315	1.9046648129145174
0.19634954084936207	5.6941366846315	1.8477590650225735
0.39269908169872414	5.6941366846315	1.7553491448138323
0.5890486225480862	5.6941366846315	1.6309863136978344
0.7853981633974483	5.6941366846315	1.479449765530889
0.9817477042468103	5.6941366846315	1.3065629648763761
1.1780972450961724	5.6941366846315	1.118969854527415
1.3744467859455345	5.6941366846315	0.9238795325112868
1.5707963267948966	5.6941366846315	0.7287892104951583
1.7671458676442586	5.6941366846315	0.5411961001461967
1.9634954084936207	5.6941366846315	0.36830929949168445
2.1598449493429825	5.6941366846315	0.2167727513247394
2.356194490192345	5.6941366846315	0.0924099202087415
2.552544031041707	5.6941366846315	0.0
2.748893571891069	5.6941366846315	-0.05690574789194358
2.945243112740431	5.6941366846315	-0.07612046748871304
3.141592653589793	5.6941366846315	-0.05690574789194347
3.3379421944391554	5.6941366846315	4.440892098500626E-16
3.5342917352885173	5.6941366846315	0.09240992020874184
3.730641276137879	5.6941366846315	0.2167727513247395
3.9269908169872414	5.6941366846315	0.3683092994916849
4.123340357836604	5.6941366846315	0.5411961001461976
4.319689898685965	5.6941366846315	0.7287892104951585
4.516039439535327	5.6941366846315	0.923879532511287
4.71238898038469	5.6941366846315	1.1189698545274154
4.908738521234052	5.6941366846315	1.306562964876377
5.105088062083414	5.6941366846315	1.4794497655308896
5.301437602932776	5.6941366846315	1.6309863136978344
5.497787143782138	5.6941366846315	1.7553491448138323
5.6941366846315	5.6941366846315	1.847759065022574
5.890486225480862	5.6941366846315	1.9046648129145174
6.086835766330224	5.6941366846315	1.923879532511287
6.283185307179586	5.6941366846315	1.9046648129145174

0.0	5.890486225480862	1.9615705608064609
0.19634954084936207	5.890486225480862	1.904664812914517
0.39269908169872414	5.890486225480862	1.8122548927057758
0.5890486225480862	5.890486225480862	1.687892061589778
0.7853981633974483	5.890486225480862	1.5363555134228324
0.9817477042468103	5.890486225480862	1.3634687127683196
1.1780972450961724	5.890486225480862	1.1758756024193584
1.3744467859455345	5.890486225480862	0.9807852804032303
1.5707963267948966	5.890486225480862	0.7856949583871018
1.7671458676442586	5.890486225480862	0.5981018480381401
1.9634954084936207	5.890486225480862	0.4252150473836279
2.1598449493429825	5.890486225480862	0.27367849921668286
2.356194490192345	5.890486225480862	0.14931566810068497
2.552544031041707	5.890486225480862	0.05690574789194347
2.748893571891069	5.890486225480862	-1.1102230246251565E-16
2.945243112740431	5.890486225480862	-0.01921471959676957
3.141592653589793	5.890486225480862	0.0
3.3379421944391554	5.890486225480862	0.056905747891943914
3.5342917352885173	5.890486225480862	0.1493156681006853
3.730641276137879	5.890486225480862	0.27367849921668297
3.9269908169872414	5.890486225480862	0.42521504738362836
4.123340357836604	5.890486225480862	0.598101848038141
4.319689898685965	5.890486225480862	0.785694958387102
4.516039439535327	5.890486225480862	0.9807852804032304
4.71238898038469	5.890486225480862	1.1758756024193588
4.908738521234052	5.890486225480862	1.3634687127683205
5.105088062083414	5.890486225480862	1.536355513422833
5.301437602932776	5.890486225480862	1.687892061589778
5.497787143782138	5.890486225480862	1.8122548927057758
5.6941366846315	5.890486225480862	1.9046648129145174
5.890486225480862	5.890486225480862	1.9615705608064609
6.086835766330224	5.890486225480862	1.9807852804032304
6.283185307179586	5.890486225480862	1.9615705608064609

0.0	6.086835766330224	1.9807852804032304
0.19634954084936207	6.086835766330224	1.9238795325112865
0.39269908169872414	6.086835766330224	1.8314696123025453
0.5890486225480862	6.086835766330224	1.7071067811865475
0.7853981633974483	6.086835766330224	1.555570233019602
0.9817477042468103	6.086835766330224	1.3826834323650892
1.1780972450961724	6.086835766330224	1.195090322016128
1.3744467859455345	6.086835766330224	0.9999999999999999
1.5707963267948966	6.086835766330224	0.8049096779838714
1.7671458676442586	6.086835766330224	0.6173165676349097
1.9634954084936207	6.086835766330224	0.4444297669803975
2.1598449493429825	6.086835766330224	0.2928932188134524
2.356194490192345	6.086835766330224	0.16853038769745454
2.552544031041707	6.086835766330224	0.07612046748871304
2.748893571891069	6.086835766330224	0.01921471959676946
2.945243112740431	6.086835766330224	0.0
3.141592653589793	6.086835766330224	0.01921471959676957
3.3379421944391554	6.086835766330224	0.07612046748871348
3.5342917352885173	6.086835766330224	0.16853038769745488
3.730641276137879	6.086835766330224	0.29289321881345254
3.9269908169872414	6.086835766330224	0.44442976698039793
4.123340357836604	6.086835766330224	0.6173165676349106
4.319689898685965	6.086835766330224	0.8049096779838716
4.516039439535327	6.086835766330224	1.0
4.71238898038469	6.086835766330224	1.1950903220161284
4.908738521234052	6.086835766330224	1.38268343236509
5.105088062083414	6.086835766330224	1.5555702330196026
5.301437602932776	6.086835766330224	1.7071067811865475
5.497787143782138	6.086835766330224	1.8314696123025453
5.6941366846315	6.086835766330224	1.923879532511287
5.890486225480862	6.086835766330224	1.9807852804032304
6.086835766330224	6.086835766330224	2.0
6.283185307179586	6.086835766330224	1.9807852804032304

0.0	6.283185307179586	1.9615705608064609
0.19634954084936207	6.283185307179586	1.904664812914517
0.39269908169872414	6.283185307179586	1.8122548927057758
0.5890486225480862	6.283185307179586	1.687892061589778
0.7853981633974483	6.283185307179586	1.5363555134228324
0.9817477042468103	6.283185307179586	1.3634687127683196
1.1780972450961724	6.283185307179586	1.1758756024193584
1.3744467859455345	6.283185307179586	0.9807852804032303
1.5707963267948966	6.283185307179586	0.7856949583871018
1.7671458676442586	6.283185307179586	0.5981018480381401
1.9634954084936207	6.283185307179586	0.4252150473836279
2.1598449493429825	6.283185307179586	0.27367849921668286
2.356194490192345	6.283185307179586	0.14931566810068497
2.552544031041707	6.283185307179586	0.05690574789194347
2.748893571891069	6.283185307179586	-1.1102230246251565E-16
2.945243112740431	6.283185307179586	-0.01921471959676957
3.141592653589793	6.283185307179586	0.0
3.3379421944391554	6.283185307179586	0.056905747891943914
3.5342917352885173	6.283185307179586	0.1493156681006853
3.730641276137879	6.283185307179586	0.27367849921668297
3.9269908169872414	6.283185307179586	0.42521504738362836
4.123340357836604	6.283185307179586	0.598101848038141
4.319689898685965	6.283185307179586	0.785694958387102
4.516039439535327	6.283185307179586	0.9807852804032304
4.71238898038469	6.283185307179586	1.1758756024193588
4.908738521234052	6.283185307179586	1.3634687127683205
5.105088062083414	6.283185307179586	1.536355513422833
5.301437602932776	6.283185307179586	1.687892061589778
5.497787143782138	6.283185307179586	1.8122548927057758
5.6941366846315	6.283185307179586	1.9046648129145174
5.890486225480862	6.283185307179586	1.9615705608064609
6.086835766330224	6.283185307179586	1.9807852804032304
6.283185307179586	6.283185307179586	1.9615705608064609

