0.0	0.0	-1.6629392246050905
0.19634954084936207	0.0	-1.5385763934890928
0.39269908169872414	0.0	-1.3870398453221475
0.5890486225480862	0.0	-1.214153044667635
0.7853981633974483	0.0	-1.0265599343186735
0.9817477042468103	0.0	-0.8314696123025452
1.1780972450961724	0.0	-0.6363792902864169
1.3744467859455345	0.0	-0.44878617993745545
1.5707963267948966	0.0	-0.27589937928294306
1.7671458676442586	0.0	-0.12436283111599777
1.9634954084936207	0.0	0.0
2.1598449493429825	0.0	0.09240992020874139
2.356194490192345	0.0	0.1493156681006852
2.552544031041707	0.0	0.16853038769745476
2.748893571891069	0.0	0.1493156681006852
2.945243112740431	0.0	0.09240992020874161
3.141592653589793	0.0	2.220446049250313E-16
3.3379421944391554	0.0	-0.12436283111599766
3.5342917352885173	0.0	-0.27589937928294306
3.730641276137879	0.0	-0.44878617993745495
3.9269908169872414	0.0	-0.6363792902864166
4.123340357836604	0.0	-0.8314696123025451
4.319689898685965	0.0	-1.0265599343186727
4.516039439535327	0.0	-1.2141530446676345
4.71238898038469	0.0	-1.387039845322147
4.908738521234052	0.0	-1.5385763934890928
5.105088062083414	0.0	-1.6629392246050905
5.301437602932776	0.0	-1.7553491448138319
5.497787143782138	0.0	-1.8122548927057756
5.6941366846315	0.0	-1.8314696123025453
5.890486225480862	0.0	-1.8122548927057758
6.086835766330224	0.0	-1.7553491448138323
6.283185307179586	0.0	-1.6629392246050907

0.0	0.19634954084936207	-1.5385763934890928
0.19634954084936207	0.19634954084936207	-1.414213562373095
0.39269908169872414	0.19634954084936207	-1.2626770142061496
0.5890486225480862	0.19634954084936207	-1.0897902135516373
0.7853981633974483	0.19634954084936207	-0.9021971032026757
0.9817477042468103	0.19634954084936207	-0.7071067811865475
1.1780972450961724	0.19634954084936207	-0.5120164591704193
1.3744467859455345	0.19634954084936207	-0.3244233488214577
1.5707963267948966	0.19634954084936207	-0.15153654816694528
1.7671458676442586	0.19634954084936207	0.0
1.9634954084936207	0.19634954084936207	0.12436283111599777
2.1598449493429825	0.19634954084936207	0.21677275132473917
2.356194490192345	0.19634954084936207	0.27367849921668297
2.552544031041707	0.19634954084936207	0.29289321881345254
2.748893571891069	0.19634954084936207	0.27367849921668297
2.945243112740431	0.19634954084936207	0.2167727513247394
3.141592653589793	0.19634954084936207	0.124362831115998
3.3379421944391554	0.19634954084936207	1.1102230246251565E-16
3.5342917352885173	0.19634954084936207	-0.15153654816694528
3.730641276137879	0.19634954084936207	-0.3244233488214572
3.9269908169872414	0.19634954084936207	-0.5120164591704188
4.123340357836604	0.19634954084936207	-0.7071067811865474
4.319689898685965	0.19634954084936207	-0.902197103202675
4.516039439535327	0.19634954084936207	-1.0897902135516366
4.71238898038469	0.19634954084936207	-1.2626770142061494
4.908738521234052	0.19634954084936207	-1.414213562373095
5.105088062083414	0.19634954084936207	-1.5385763934890928
5.301437602932776	0.19634954084936207	-1.630986313697834
5.497787143782138	0.19634954084936207	-1.687892061589778
5.6941366846315	0.19634954084936207	-1.7071067811865475
5.890486225480862	0.19634954084936207	-1.6878920615897781
6.086835766330224	0.19634954084936207	-1.6309863136978344
6.283185307179586	0.19634954084936207	-1.5385763934890928

0.0	0.39269908169872414	-1.3870398453221475
0.19634954084936207	0.39269908169872414	-1.2626770142061496
0.39269908169872414	0.39269908169872414	-1.1111404660392044
0.5890486225480862	0.39269908169872414	-0.938253665384692
0.7853981633974483	0.39269908169872414	-0.7506605550357304
0.9817477042468103	0.39269908169872414	-0.5555702330196022
1.1780972450961724	0.39269908169872414	-0.36047991100347393
1.3744467859455345	0.39269908169872414	-0.1728868006545124
1.5707963267948966	0.39269908169872414	0.0
1.7671458676442586	0.39269908169872414	0.15153654816694528
1.9634954084936207	0.39269908169872414	0.27589937928294306
2.1598449493429825	0.39269908169872414	0.36830929949168445
2.356194490192345	0.39269908169872414	0.42521504738362825
2.552544031041707	0.39269908169872414	0.4444297669803978
2.748893571891069	0.39269908169872414	0.42521504738362825
2.945243112740431	0.39269908169872414	0.36830929949168467
3.141592653589793	0.39269908169872414	0.2758993792829433
3.3379421944391554	0.39269908169872414	0.1515365481669454
3.5342917352885173	0.39269908169872414	0.0
3.730641276137879	0.39269908169872414	-0.1728868006545119
3.9269908169872414	0.39269908169872414	-0.36047991100347354
4.123340357836604	0.39269908169872414	-0.5555702330196021
4.319689898685965	0.39269908169872414	-0.7506605550357297
4.516039439535327	0.39269908169872414	-0.9382536653846913
4.71238898038469	0.39269908169872414	-1.1111404660392041
4.908738521234052	0.39269908169872414	-1.2626770142061496
5.105088062083414	0.39269908169872414	-1.3870398453221475
5.301437602932776	0.39269908169872414	-1.4794497655308887
5.497787143782138	0.39269908169872414	-1.5363555134228326
5.6941366846315	0.39269908169872414	-1.5555702330196022
5.890486225480862	0.39269908169872414	-1.5363555134228328
6.086835766330224	0.39269908169872414	-1.4794497655308891
6.283185307179586	0.39269908169872414	-1.3870398453221475

0.0	0.5890486225480862	-1.214153044667635
0.19634954084936207	0.5890486225480862	-1.0897902135516373
0.39269908169872414	0.5890486225480862	-0.938253665384692
0.5890486225480862	0.5890486225480862	-0.7653668647301796
0.7853981633974483	0.5890486225480862	-0.577773754381218
0.9817477042468103	0.5890486225480862	-0.3826834323650898
1.1780972450961724	0.5890486225480862	-0.18759311034896153
1.3744467859455345	0.5890486225480862	0.0
1.5707963267948966	0.5890486225480862	0.1728868006545124
1.7671458676442586	0.5890486225480862	0.3244233488214577
1.9634954084936207	0.5890486225480862	0.44878617993745545
2.1598449493429825	0.5890486225480862	0.5411961001461969
2.356194490192345	0.5890486225480862	0.5981018480381406
2.552544031041707	0.5890486225480862	0.6173165676349102
2.748893571891069	0.5890486225480862	0.5981018480381406
2.945243112740431	0.5890486225480862	0.5411961001461971
3.141592653589793	0.5890486225480862	0.4487861799374557
3.3379421944391554	0.5890486225480862	0.3244233488214578
3.5342917352885173	0.5890486225480862	0.1728868006545124
3.730641276137879	0.5890486225480862	4.996003610813204E-16
3.9269908169872414	0.5890486225480862	-0.18759311034896117
4.123340357836604	0.5890486225480862	-0.38268343236508967
4.319689898685965	0.5890486225480862	-0.5777737543812173
4.516039439535327	0.5890486225480862	-0.765366864730179
4.71238898038469	0.5890486225480862	-0.9382536653846918
4.908738521234052	0.5890486225480862	-1.0897902135516373
5.105088062083414	0.5890486225480862	-1.214153044667635
5.301437602932776	0.5890486225480862	-1.3065629648763764
5.497787143782138	0.5890486225480862	-1.36346871276832
5.6941366846315	0.5890486225480862	-1.3826834323650898
5.890486225480862	0.5890486225480862	-1.3634687127683205
6.086835766330224	0.5890486225480862	-1.3065629648763768
6.283185307179586	0.5890486225480862	-1.2141530446676352

0.0	0.7853981633974483	-1.0265599343186735
0.19634954084936207	0.7853981633974483	-0.9021971032026757
0.39269908169872414	0.7853981633974483	-0.7506605550357304
0.5890486225480862	0.7853981633974483	-0.577773754381218
0.7853981633974483	0.7853981633974483	-0.3901806440322565
0.9817477042468103	0.7853981633974483	-0.19509032201612825
1.1780972450961724	0.7853981633974483	0.0
1.3744467859455345	0.7853981633974483	0.18759311034896153
1.5707963267948966	0.7853981633974483	0.36047991100347393
1.7671458676442586	0.7853981633974483	0.5120164591704193
1.9634954084936207	0.7853981633974483	0.6363792902864169
2.1598449493429825	0.7853981633974483	0.7287892104951583
2.356194490192345	0.7853981633974483	0.7856949583871022
2.552544031041707	0.7853981633974483	0.8049096779838718
2.748893571891069	0.7853981633974483	0.7856949583871022
2.945243112740431	0.7853981633974483	0.7287892104951585
3.141592653589793	0.7853981633974483	0.6363792902864172
3.3379421944391554	0.7853981633974483	0.5120164591704193
3.5342917352885173	0.7853981633974483	0.36047991100347393
3.730641276137879	0.7853981633974483	0.18759311034896203
3.9269908169872414	0.7853981633974483	3.608224830031759E-16
4.123340357836604	0.7853981633974483	-0.19509032201612814
4.319689898685965	0.7853981633974483	-0.3901806440322557
4.516039439535327	0.7853981633974483	-0.5777737543812175
4.71238898038469	0.7853981633974483	-0.7506605550357301
4.908738521234052	0.7853981633974483	-0.9021971032026757
5.105088062083414	0.7853981633974483	-1.0265599343186735
5.301437602932776	0.7853981633974483	-1.1189698545274147
5.497787143782138	0.7853981633974483	-1.1758756024193586
5.6941366846315	0.7853981633974483	-1.1950903220161282
5.890486225480862	0.7853981633974483	-1.1758756024193588
6.086835766330224	0.7853981633974483	-1.1189698545274152
6.283185307179586	0.7853981633974483	-1.0265599343186738

0.0	0.9817477042468103	-0.8314696123025452
0.19634954084936207	0.9817477042468103	-0.7071067811865475
0.39269908169872414	0.9817477042468103	-0.5555702330196022
0.5890486225480862	0.9817477042468103	-0.3826834323650898
0.7853981633974483	0.9817477042468103	-0.19509032201612825
0.9817477042468103	0.9817477042468103	0.0
1.1780972450961724	0.9817477042468103	0.19509032201612825
1.3744467859455345	0.9817477042468103	0.3826834323650898
1.5707963267948966	0.9817477042468103	0.5555702330196022
1.7671458676442586	0.9817477042468103	0.7071067811865475
1.9634954084936207	0.9817477042468103	0.8314696123025452
2.1598449493429825	0.9817477042468103	0.9238795325112866
2.356194490192345	0.9817477042468103	0.9807852804032304
2.552544031041707	0.9817477042468103	1.0
2.748893571891069	0.9817477042468103	0.9807852804032304
2.945243112740431	0.9817477042468103	0.9238795325112868
3.141592653589793	0.9817477042468103	0.8314696123025455
3.3379421944391554	0.9817477042468103	0.7071067811865476
3.5342917352885173	0.9817477042468103	0.5555702330196022
3.730641276137879	0.9817477042468103	0.3826834323650903
3.9269908169872414	0.9817477042468103	0.1950903220161286
4.123340357836604	0.9817477042468103	1.2246467991473532E-16
4.319689898685965	0.9817477042468103	-0.1950903220161275
4.516039439535327	0.9817477042468103	-0.3826834323650892
4.71238898038469	0.9817477042468103	-0.555570233019602
4.908738521234052	0.9817477042468103	-0.7071067811865475
5.105088062083414	0.9817477042468103	-0.8314696123025452
5.301437602932776	0.9817477042468103	-0.9238795325112865
5.497787143782138	0.9817477042468103	-0.9807852804032303
5.6941366846315	0.9817477042468103	-1.0
5.890486225480862	0.9817477042468103	-0.9807852804032307
6.086835766330224	0.9817477042468103	-0.923879532511287
6.283185307179586	0.9817477042468103	-0.8314696123025455

0.0	1.1780972450961724	-0.6363792902864169
0.19634954084936207	1.1780972450961724	-0.5120164591704193
0.39269908169872414	1.1780972450961724	-0.36047991100347393
0.5890486225480862	1.1780972450961724	-0.18759311034896153
0.7853981633974483	1.1780972450961724	0.0
0.9817477042468103	1.1780972450961724	0.19509032201612825
1.1780972450961724	1.1780972450961724	0.3901806440322565
1.3744467859455345	1.1780972450961724	0.577773754381218
1.5707963267948966	1.1780972450961724	0.7506605550357304
1.7671458676442586	1.1780972450961724	0.9021971032026757
1.9634954084936207	1.1780972450961724	1.0265599343186735
2.1598449493429825	1.1780972450961724	1.118969854527415
2.356194490192345	1.1780972450961724	1.1758756024193586
2.552544031041707	1.1780972450961724	1.1950903220161282
2.748893571891069	1.1780972450961724	1.1758756024193586
2.945243112740431	1.1780972450961724	1.1189698545274152
3.141592653589793	1.1780972450961724	1.0265599343186738
3.3379421944391554	1.1780972450961724	0.9021971032026759
3.5342917352885173	1.1780972450961724	0.7506605550357304
3.730641276137879	1.1780972450961724	0.5777737543812185
3.9269908169872414	1.1780972450961724	0.39018064403225683
4.123340357836604	1.1780972450961724	0.19509032201612836
4.319689898685965	1.1780972450961724	7.494005416219807E-16
4.516039439535327	1.1780972450961724	-0.18759311034896098
4.71238898038469	1.1780972450961724	-0.3604799110034737
4.908738521234052	1.1780972450961724	-0.5120164591704193
5.105088062083414	1.1780972450961724	-0.6363792902864169
5.301437602932776	1.1780972450961724	-0.7287892104951583
5.497787143782138	1.1780972450961724	-0.785694958387102
5.6941366846315	1.1780972450961724	-0.8049096779838718
5.890486225480862	1.1780972450961724	-0.7856949583871025
6.086835766330224	1.1780972450961724	-0.7287892104951588
6.283185307179586	1.1780972450961724	-0.6363792902864172

0.0	1.3744467859455345	-0.44878617993745545
0.19634954084936207	1.3744467859455345	-0.3244233488214577
0.39269908169872414	1.3744467859455345	-0.1728868006545124
0.5890486225480862	1.3744467859455345	0.0
0.7853981633974483	1.3744467859455345	0.18759311034896153
0.9817477042468103	1.3744467859455345	0.3826834323650898
1.1780972450961724	1.3744467859455345	0.577773754381218
1.3744467859455345	1.3744467859455345	0.7653668647301796
1.5707963267948966	1.3744467859455345	0.938253665384692
1.7671458676442586	1.3744467859455345	1.0897902135516373
1.9634954084936207	1.3744467859455345	1.214153044667635
2.1598449493429825	1.3744467859455345	1.3065629648763764
2.356194490192345	1.3744467859455345	1.3634687127683203
2.552544031041707	1.3744467859455345	1.3826834323650898
2.748893571891069	1.3744467859455345	1.3634687127683203
2.945243112740431	1.3744467859455345	1.3065629648763766
3.141592653589793	1.3744467859455345	1.2141530446676352
3.3379421944391554	1.3744467859455345	1.0897902135516373
3.5342917352885173	1.3744467859455345	0.938253665384692
3.730641276137879	1.3744467859455345	0.7653668647301801
3.9269908169872414	1.3744467859455345	0.5777737543812184
4.123340357836604	1.3744467859455345	0.3826834323650899
4.319689898685965	1.3744467859455345	0.18759311034896228
4.516039439535327	1.3744467859455345	5.551115123125783E-16
4.71238898038469	1.3744467859455345	-0.17288680065451217
4.908738521234052	1.3744467859455345	-0.3244233488214577
5.105088062083414	1.3744467859455345	-0.44878617993745545
5.301437602932776	1.3744467859455345	-0.5411961001461967
5.497787143782138	1.3744467859455345	-0.5981018480381406
5.6941366846315	1.3744467859455345	-0.6173165676349102
5.890486225480862	1.3744467859455345	-0.5981018480381408
6.086835766330224	1.3744467859455345	-0.5411961001461971
6.283185307179586	1.3744467859455345	-0.4487861799374557

0.0	1.5707963267948966	-0.27589937928294306
0.19634954084936207	1.5707963267948966	-0.15153654816694528
0.39269908169872414	1.5707963267948966	0.0
0.5890486225480862	1.5707963267948966	0.1728868006545124
0.7853981633974483	1.5707963267948966	0.36047991100347393
0.9817477042468103	1.5707963267948966	0.5555702330196022
1.1780972450961724	1.5707963267948966	0.7506605550357304
1.3744467859455345	1.5707963267948966	0.938253665384692
1.5707963267948966	1.5707963267948966	1.1111404660392044
1.7671458676442586	1.5707963267948966	1.2626770142061496
1.9634954084936207	1.5707963267948966	1.3870398453221475
2.1598449493429825	1.5707963267948966	1.4794497655308887
2.356194490192345	1.5707963267948966	1.5363555134228326
2.552544031041707	1.5707963267948966	1.5555702330196022
2.748893571891069	1.5707963267948966	1.5363555134228326
2.945243112740431	1.5707963267948966	1.4794497655308891
3.141592653589793	1.5707963267948966	1.3870398453221475
3.3379421944391554	1.5707963267948966	1.2626770142061496
3.5342917352885173	1.5707963267948966	1.1111404660392044
3.730641276137879	1.5707963267948966	0.9382536653846925
3.9269908169872414	1.5707963267948966	0.7506605550357308
4.123340357836604	1.5707963267948966	0.5555702330196023
4.319689898685965	1.5707963267948966	0.36047991100347465
4.516039439535327	1.5707963267948966	0.17288680065451295
4.71238898038469	1.5707963267948966	2.220446049250313E-16
4.908738521234052	1.5707963267948966	-0.15153654816694528
5.105088062083414	1.5707963267948966	-0.27589937928294306
5.301437602932776	1.5707963267948966	-0.36830929949168434
5.497787143782138	1.5707963267948966	-0.42521504738362814
5.6941366846315	1.5707963267948966	-0.4444297669803978
5.890486225480862	1.5707963267948966	-0.4252150473836285
6.086835766330224	1.5707963267948966	-0.3683092994916848
6.283185307179586	1.5707963267948966	-0.2758993792829433

0.0	1.7671458676442586	-0.12436283111599777
0.19634954084936207	1.7671458676442586	0.0
0.39269908169872414	1.7671458676442586	0.15153654816694528
0.5890486225480862	1.7671458676442586	0.3244233488214577
0.7853981633974483	1.7671458676442586	0.5120164591704193
0.9817477042468103	1.7671458676442586	0.7071067811865475
1.1780972450961724	1.7671458676442586	0.9021971032026757
1.3744467859455345	1.7671458676442586	1.0897902135516373
1.5707963267948966	1.7671458676442586	1.2626770142061496
1.7671458676442586	1.7671458676442586	1.414213562373095
1.9634954084936207	1.7671458676442586	1.5385763934890928
2.1598449493429825	1.7671458676442586	1.630986313697834
2.356194490192345	1.7671458676442586	1.687892061589778
2.552544031041707	1.7671458676442586	1.7071067811865475
2.748893571891069	1.7671458676442586	1.687892061589778
2.945243112740431	1.7671458676442586	1.6309863136978344
3.141592653589793	1.7671458676442586	1.5385763934890928
3.3379421944391554	1.7671458676442586	1.414213562373095
3.5342917352885173	1.7671458676442586	1.2626770142061496
3.730641276137879	1.7671458676442586	1.0897902135516377
3.9269908169872414	1.7671458676442586	0.9021971032026761
4.123340357836604	1.7671458676442586	0.7071067811865476
4.319689898685965	1.7671458676442586	0.5120164591704199
4.516039439535327	1.7671458676442586	0.32442334882145824
4.71238898038469	1.7671458676442586	0.1515365481669455
4.908738521234052	1.7671458676442586	0.0
5.105088062083414	1.7671458676442586	-0.12436283111599777
5.301437602932776	1.7671458676442586	-0.21677275132473905
5.497787143782138	1.7671458676442586	-0.27367849921668286
5.6941366846315	1.7671458676442586	-0.29289321881345254
5.890486225480862	1.7671458676442586	-0.2736784992166832
6.086835766330224	1.7671458676442586	-0.2167727513247395
6.283185307179586	1.7671458676442586	-0.124362831115998

0.0	1.9634954084936207	0.0
0.19634954084936207	1.9634954084936207	0.12436283111599777
0.39269908169872414	1.9634954084936207	0.27589937928294306
0.5890486225480862	1.9634954084936207	0.44878617993745545
0.7853981633974483	1.9634954084936207	0.6363792902864169
0.9817477042468103	1.9634954084936207	0.8314696123025452
1.1780972450961724	1.9634954084936207	1.0265599343186735
1.3744467859455345	1.9634954084936207	1.214153044667635
1.5707963267948966	1.9634954084936207	1.3870398453221475
1.7671458676442586	1.9634954084936207	1.5385763934890928
1.9634954084936207	1.9634954084936207	1.6629392246050905
2.1598449493429825	1.9634954084936207	1.7553491448138319
2.356194490192345	1.9634954084936207	1.8122548927057758
2.552544031041707	1.9634954084936207	1.8314696123025453
2.748893571891069	1.9634954084936207	1.8122548927057758
2.945243112740431	1.9634954084936207	1.755349144813832
3.141592653589793	1.9634954084936207	1.6629392246050907
3.3379421944391554	1.9634954084936207	1.5385763934890928
3.5342917352885173	1.9634954084936207	1.3870398453221475
3.730641276137879	1.9634954084936207	1.2141530446676354
3.9269908169872414	1.9634954084936207	1.0265599343186738
4.123340357836604	1.9634954084936207	0.8314696123025453
4.319689898685965	1.9634954084936207	0.6363792902864177
4.516039439535327	1.9634954084936207	0.448786179937456
4.71238898038469	1.9634954084936207	0.2758993792829433
4.908738521234052	1.9634954084936207	0.12436283111599777
5.105088062083414	1.9634954084936207	0.0
5.301437602932776	1.9634954084936207	-0.09240992020874128
5.497787143782138	1.9634954084936207	-0.14931566810068508
5.6941366846315	1.9634954084936207	-0.16853038769745476
5.890486225480862	1.9634954084936207	-0.14931566810068542
6.086835766330224	1.9634954084936207	-0.09240992020874172
6.283185307179586	1.9634954084936207	-2.220446049250313E-16

0.0	2.1598449493429825	0.09240992020874139
0.19634954084936207	2.1598449493429825	0.21677275132473917
0.39269908169872414	2.1598449493429825	0.36830929949168445
0.5890486225480862	2.1598449493429825	0.5411961001461969
0.7853981633974483	2.1598449493429825	0.7287892104951583
0.9817477042468103	2.1598449493429825	0.9238795325112866
1.1780972450961724	2.1598449493429825	1.118969854527415
1.3744467859455345	2.1598449493429825	1.3065629648763764
1.5707963267948966	2.1598449493429825	1.4794497655308887
1.7671458676442586	2.1598449493429825	1.630986313697834
1.9634954084936207	2.1598449493429825	1.7553491448138319
2.1598449493429825	2.1598449493429825	1.8477590650225733
2.356194490192345	2.1598449493429825	1.904664812914517
2.552544031041707	2.1598449493429825	1.9238795325112865
2.748893571891069	2.1598449493429825	1.904664812914517
2.945243112740431	2.1598449493429825	1.8477590650225735
3.141592653589793	2.1598449493429825	1.755349144813832
3.3379421944391554	2.1598449493429825	1.6309863136978342
3.5342917352885173	2.1598449493429825	1.4794497655308887
3.730641276137879	2.1598449493429825	1.306562964876377
3.9269908169872414	2.1598449493429825	1.1189698545274152
4.123340357836604	2.1598449493429825	0.9238795325112867
4.319689898685965	2.1598449493429825	0.7287892104951591
4.516039439535327	2.1598449493429825	0.5411961001461973
4.71238898038469	2.1598449493429825	0.36830929949168467
4.908738521234052	2.1598449493429825	0.21677275132473917
5.105088062083414	2.1598449493429825	0.09240992020874139
5.301437602932776	2.1598449493429825	1.1102230246251565E-16
5.497787143782138	2.1598449493429825	-0.05690574789194369
5.6941366846315	2.1598449493429825	-0.07612046748871337
5.890486225480862	2.1598449493429825	-0.056905747891944025
6.086835766330224	2.1598449493429825	-3.3306690738754696E-16
6.283185307179586	2.1598449493429825	0.09240992020874117

0.0	2.356194490192345	0.1493156681006852
0.19634954084936207	2.356194490192345	0.27367849921668297
0.39269908169872414	2.356194490192345	0.42521504738362825
0.5890486225480862	2.356194490192345	0.5981018480381406
0.7853981633974483	2.356194490192345	0.7856949583871022
0.9817477042468103	2.356194490192345	0.9807852804032304
1.1780972450961724	2.356194490192345	1.1758756024193586
1.3744467859455345	2.356194490192345	1.3634687127683203
1.5707963267948966	2.356194490192345	1.5363555134228326
1.7671458676442586	2.356194490192345	1.687892061589778
1.9634954084936207	2.356194490192345	1.8122548927057758
2.1598449493429825	2.356194490192345	1.904664812914517
2.356194490192345	2.356194490192345	1.9615705608064609
2.552544031041707	2.356194490192345	1.9807852804032304
2.748893571891069	2.356194490192345	1.9615705608064609
2.945243112740431	2.356194490192345	1.9046648129145174
3.141592653589793	2.356194490192345	1.8122548927057758
3.3379421944391554	2.356194490192345	1.687892061589778
3.5342917352885173	2.356194490192345	1.5363555134228326
3.730641276137879	2.356194490192345	1.3634687127683207
3.9269908169872414	2.356194490192345	1.175875602419359
4.123340357836604	2.356194490192345	0.9807852804032305
4.319689898685965	2.356194490192345	0.7856949583871029
4.516039439535327	2.356194490192345	0.5981018480381413
4.71238898038469	2.356194490192345	0.4252150473836285
4.908738521234052	2.356194490192345	0.27367849921668297
5.105088062083414	2.356194490192345	0.1493156681006852
5.301437602932776	2.356194490192345	0.056905747891943914
5.497787143782138	2.356194490192345	1.1102230246251565E-16
5.6941366846315	2.356194490192345	-0.01921471959676957
5.890486225480862	2.356194490192345	-2.220446049250313E-16
6.086835766330224	2.356194490192345	0.05690574789194347
6.283185307179586	2.356194490192345	0.14931566810068497

0.0	2.552544031041707	0.16853038769745476
0.19634954084936207	2.552544031041707	0.29289321881345254
0.39269908169872414	2.552544031041707	0.4444297669803978
0.5890486225480862	2.552544031041707	0.6173165676349102
0.7853981633974483	2.552544031041707	0.8049096779838718
0.9817477042468103	2.552544031041707	1.0
1.1780972450961724	2.552544031041707	1.1950903220161282
1.3744467859455345	2.552544031041707	1.3826834323650898
1.5707963267948966	2.552544031041707	1.5555702330196022
1.7671458676442586	2.552544031041707	1.7071067811865475
1.9634954084936207	2.552544031041707	1.8314696123025453
2.1598449493429825	2.552544031041707	1.9238795325112865
2.356194490192345	2.552544031041707	1.9807852804032304
2.552544031041707	2.552544031041707	2.0
2.748893571891069	2.552544031041707	1.9807852804032304
2.945243112740431	2.552544031041707	1.923879532511287
3.141592653589793	2.552544031041707	1.8314696123025453
3.3379421944391554	2.552544031041707	1.7071067811865475
3.5342917352885173	2.552544031041707	1.5555702330196022
3.730641276137879	2.552544031041707	1.3826834323650903
3.9269908169872414	2.552544031041707	1.1950903220161286
4.123340357836604	2.552544031041707	1.0000000000000002
4.319689898685965	2.552544031041707	0.8049096779838725
4.516039439535327	2.552544031041707	0.6173165676349108
4.71238898038469	2.552544031041707	0.44442976698039804
4.908738521234052	2.552544031041707	0.29289321881345254
5.105088062083414	2.552544031041707	0.16853038769745476
5.301437602932776	2.552544031041707	0.07612046748871348
5.497787143782138	2.552544031041707	0.01921471959676968
5.6941366846315	2.552544031041707	0.0
5.890486225480862	2.552544031041707	0.019214719596769347
6.086835766330224	2.552544031041707	0.07612046748871304
6.283185307179586	2.552544031041707	0.16853038769745454

0.0	2.748893571891069	0.1493156681006852
0.19634954084936207	2.748893571891069	0.27367849921668297
0.39269908169872414	2.748893571891069	0.42521504738362825
0.5890486225480862	2.748893571891069	0.5981018480381406
0.7853981633974483	2.748893571891069	0.7856949583871022
0.9817477042468103	2.748893571891069	0.9807852804032304
1.1780972450961724	2.748893571891069	1.1758756024193586
1.3744467859455345	2.748893571891069	1.3634687127683203
1.5707963267948966	2.748893571891069	1.5363555134228326
1.7671458676442586	2.748893571891069	1.687892061589778
1.9634954084936207	2.748893571891069	1.8122548927057758
2.1598449493429825	2.748893571891069	1.904664812914517
2.356194490192345	2.748893571891069	1.9615705608064609
2.552544031041707	2.748893571891069	1.9807852804032304
2.748893571891069	2.748893571891069	1.9615705608064609
2.945243112740431	2.748893571891069	1.9046648129145174
3.141592653589793	2.748893571891069	1.8122548927057758
3.3379421944391554	2.748893571891069	1.687892061589778
3.5342917352885173	2.748893571891069	1.5363555134228326
3.730641276137879	2.748893571891069	1.3634687127683207
3.9269908169872414	2.748893571891069	1.175875602419359
4.123340357836604	2.748893571891069	0.9807852804032305
4.319689898685965	2.748893571891069	0.7856949583871029
4.516039439535327	2.748893571891069	0.5981018480381413
4.71238898038469	2.748893571891069	0.4252150473836285
4.908738521234052	2.748893571891069	0.27367849921668297
5.105088062083414	2.748893571891069	0.1493156681006852
5.301437602932776	2.748893571891069	0.056905747891943914
5.497787143782138	2.748893571891069	1.1102230246251565E-16
5.6941366846315	2.748893571891069	-0.01921471959676957
5.890486225480862	2.748893571891069	-2.220446049250313E-16
6.086835766330224	2.748893571891069	0.05690574789194347
6.283185307179586	2.748893571891069	0.14931566810068497

0.0	2.945243112740431	0.09240992020874161
0.19634954084936207	2.945243112740431	0.2167727513247394
0.39269908169872414	2.945243112740431	0.36830929949168467
0.5890486225480862	2.945243112740431	0.5411961001461971
0.7853981633974483	2.945243112740431	0.7287892104951585
0.9817477042468103	2.945243112740431	0.9238795325112868
1.1780972450961724	2.945243112740431	1.1189698545274152
1.3744467859455345	2.945243112740431	1.3065629648763766
1.5707963267948966	2.945243112740431	1.4794497655308891
1.7671458676442586	2.945243112740431	1.6309863136978344
1.9634954084936207	2.945243112740431	1.755349144813832
2.1598449493429825	2.945243112740431	1.8477590650225735
2.356194490192345	2.945243112740431	1.9046648129145174
2.552544031041707	2.945243112740431	1.923879532511287
2.748893571891069	2.945243112740431	1.9046648129145174
2.945243112740431	2.945243112740431	1.8477590650225737
3.141592653589793	2.945243112740431	1.7553491448138323
3.3379421944391554	2.945243112740431	1.6309863136978344
3.5342917352885173	2.945243112740431	1.4794497655308891
3.730641276137879	2.945243112740431	1.306562964876377
3.9269908169872414	2.945243112740431	1.1189698545274154
4.123340357836604	2.945243112740431	0.923879532511287
4.319689898685965	2.945243112740431	0.7287892104951593
4.516039439535327	2.945243112740431	0.5411961001461976
4.71238898038469	2.945243112740431	0.3683092994916849
4.908738521234052	2.945243112740431	0.2167727513247394
5.105088062083414	2.945243112740431	0.09240992020874161
5.301437602932776	2.945243112740431	3.3306690738754696E-16
5.497787143782138	2.945243112740431	-0.05690574789194347
5.6941366846315	2.945243112740431	-0.07612046748871315
5.890486225480862	2.945243112740431	-0.0569057478919438
6.086835766330224	2.945243112740431	-1.1102230246251565E-16
6.283185307179586	2.945243112740431	0.09240992020874139

0.0	3.141592653589793	2.220446049250313E-16
0.19634954084936207	3.141592653589793	0.124362831115998
0.39269908169872414	3.141592653589793	0.2758993792829433
0.5890486225480862	3.141592653589793	0.4487861799374557
0.7853981633974483	3.141592653589793	0.6363792902864172
0.9817477042468103	3.141592653589793	0.8314696123025455
1.1780972450961724	3.141592653589793	1.0265599343186738
1.3744467859455345	3.141592653589793	1.2141530446676352
1.5707963267948966	3.141592653589793	1.3870398453221475
1.7671458676442586	3.141592653589793	1.5385763934890928
1.9634954084936207	3.141592653589793	1.6629392246050907
2.1598449493429825	3.141592653589793	1.755349144813832
2.356194490192345	3.141592653589793	1.8122548927057758
2.552544031041707	3.141592653589793	1.8314696123025453
2.748893571891069	3.141592653589793	1.8122548927057758
2.945243112740431	3.141592653589793	1.7553491448138323
3.141592653589793	3.141592653589793	1.662939224605091
3.3379421944391554	3.141592653589793	1.538576393489093
3.5342917352885173	3.141592653589793	1.3870398453221475
3.730641276137879	3.141592653589793	1.2141530446676359
3.9269908169872414	3.141592653589793	1.026559934318674
4.123340357836604	3.141592653589793	0.8314696123025456
4.319689898685965	3.141592653589793	0.6363792902864179
4.516039439535327	3.141592653589793	0.44878617993745623
4.71238898038469	3.141592653589793	0.2758993792829435
4.908738521234052	3.141592653589793	0.124362831115998
5.105088062083414	3.141592653589793	2.220446049250313E-16
5.301437602932776	3.141592653589793	-0.09240992020874106
5.497787143782138	3.141592653589793	-0.14931566810068486
5.6941366846315	3.141592653589793	-0.16853038769745454
5.890486225480862	3.141592653589793	-0.1493156681006852
6.086835766330224	3.141592653589793	-0.0924099202087415
6.283185307179586	3.141592653589793	0.0

0.0	3.3379421944391554	-0.12436283111599766
0.19634954084936207	3.3379421944391554	1.1102230246251565E-16
0.39269908169872414	3.3379421944391554	0.1515365481669454
0.5890486225480862	3.3379421944391554	0.3244233488214578
0.7853981633974483	3.3379421944391554	0.5120164591704193
0.9817477042468103	3.3379421944391554	0.7071067811865476
1.1780972450961724	3.3379421944391554	0.9021971032026759
1.3744467859455345	3.3379421944391554	1.0897902135516373
1.5707963267948966	3.3379421944391554	1.2626770142061496
1.7671458676442586	3.3379421944391554	1.414213562373095
1.9634954084936207	3.3379421944391554	1.5385763934890928
2.1598449493429825	3.3379421944391554	1.6309863136978342
2.356194490192345	3.3379421944391554	1.687892061589778
2.552544031041707	3.3379421944391554	1.7071067811865475
2.748893571891069	3.3379421944391554	1.687892061589778
2.945243112740431	3.3379421944391554	1.6309863136978344
3.141592653589793	3.3379421944391554	1.538576393489093
3.3379421944391554	3.3379421944391554	1.4142135623730951
3.5342917352885173	3.3379421944391554	1.2626770142061496
3.730641276137879	3.3379421944391554	1.089790213551638
3.9269908169872414	3.3379421944391554	0.9021971032026762
4.123340357836604	3.3379421944391554	0.7071067811865477
4.319689898685965	3.3379421944391554	0.51201645917042
4.516039439535327	3.3379421944391554	0.32442334882145835
4.71238898038469	3.3379421944391554	0.15153654816694562
4.908738521234052	3.3379421944391554	1.1102230246251565E-16
5.105088062083414	3.3379421944391554	-0.12436283111599766
5.301437602932776	3.3379421944391554	-0.21677275132473894
5.497787143782138	3.3379421944391554	-0.27367849921668275
5.6941366846315	3.3379421944391554	-0.2928932188134524
5.890486225480862	3.3379421944391554	-0.2736784992166831
6.086835766330224	3.3379421944391554	-0.2167727513247394
6.283185307179586	3.3379421944391554	-0.12436283111599788

0.0	3.5342917352885173	-0.27589937928294306
0.19634954084936207	3.5342917352885173	-0.15153654816694528
0.39269908169872414	3.5342917352885173	0.0
0.5890486225480862	3.5342917352885173	0.1728868006545124
0.7853981633974483	3.5342917352885173	0.36047991100347393
0.9817477042468103	3.5342917352885173	0.5555702330196022
1.1780972450961724	3.5342917352885173	0.7506605550357304
1.3744467859455345	3.5342917352885173	0.938253665384692
1.5707963267948966	3.5342917352885173	1.1111404660392044
1.7671458676442586	3.5342917352885173	1.2626770142061496
1.9634954084936207	3.5342917352885173	1.3870398453221475
2.1598449493429825	3.5342917352885173	1.4794497655308887
2.356194490192345	3.5342917352885173	1.5363555134228326
2.552544031041707	3.5342917352885173	1.5555702330196022
2.748893571891069	3.5342917352885173	1.5363555134228326
2.945243112740431	3.5342917352885173	1.4794497655308891
3.141592653589793	3.5342917352885173	1.3870398453221475
3.3379421944391554	3.5342917352885173	1.2626770142061496
3.5342917352885173	3.5342917352885173	1.1111404660392044
3.730641276137879	3.5342917352885173	0.9382536653846925
3.9269908169872414	3.5342917352885173	0.7506605550357308
4.123340357836604	3.5342917352885173	0.5555702330196023
4.319689898685965	3.5342917352885173	0.36047991100347465
4.516039439535327	3.5342917352885173	0.17288680065451295
4.71238898038469	3.5342917352885173	2.220446049250313E-16
4.908738521234052	3.5342917352885173	-0.15153654816694528
5.105088062083414	3.5342917352885173	-0.27589937928294306
5.301437602932776	3.5342917352885173	-0.36830929949168434
5.497787143782138	3.5342917352885173	-0.42521504738362814
5.6941366846315	3.5342917352885173	-0.4444297669803978
5.890486225480862	3.5342917352885173	-0.4252150473836285
6.086835766330224	3.5342917352885173	-0.3683092994916848
6.283185307179586	3.5342917352885173	-0.2758993792829433

0.0	3.730641276137879	-0.44878617993745495
0.19634954084936207	3.730641276137879	-0.3244233488214572
0.39269908169872414	3.730641276137879	-0.1728868006545119
0.5890486225480862	3.730641276137879	4.996003610813204E-16
0.7853981633974483	3.730641276137879	0.18759311034896203
0.9817477042468103	3.730641276137879	0.3826834323650903
1.1780972450961724	3.730641276137879	0.5777737543812185
1.3744467859455345	3.730641276137879	0.7653668647301801
1.5707963267948966	3.730641276137879	0.9382536653846925
1.7671458676442586	3.730641276137879	1.0897902135516377
1.9634954084936207	3.730641276137879	1.2141530446676354
2.1598449493429825	3.730641276137879	1.306562964876377
2.356194490192345	3.730641276137879	1.3634687127683207
2.552544031041707	3.730641276137879	1.3826834323650903
2.748893571891069	3.730641276137879	1.3634687127683207
2.945243112740431	3.730641276137879	1.306562964876377
3.141592653589793	3.730641276137879	1.2141530446676359
3.3379421944391554	3.730641276137879	1.089790213551638
3.5342917352885173	3.730641276137879	0.9382536653846925
3.730641276137879	3.730641276137879	0.7653668647301806
3.9269908169872414	3.730641276137879	0.5777737543812189
4.123340357836604	3.730641276137879	0.3826834323650904
4.319689898685965	3.730641276137879	0.18759311034896278
4.516039439535327	3.730641276137879	1.0547118733938987E-15
4.71238898038469	3.730641276137879	-0.17288680065451167
4.908738521234052	3.730641276137879	-0.3244233488214572
5.105088062083414	3.730641276137879	-0.44878617993745495
5.301437602932776	3.730641276137879	-0.5411961001461962
5.497787143782138	3.730641276137879	-0.59810184803814
5.6941366846315	3.730641276137879	-0.6173165676349097
5.890486225480862	3.730641276137879	-0.5981018480381404
6.086835766330224	3.730641276137879	-0.5411961001461967
6.283185307179586	3.730641276137879	-0.4487861799374552

0.0	3.9269908169872414	-0.6363792902864166
0.19634954084936207	3.9269908169872414	-0.5120164591704188
0.39269908169872414	3.9269908169872414	-0.36047991100347354
0.5890486225480862	3.9269908169872414	-0.18759311034896117
0.7853981633974483	3.9269908169872414	3.608224830031759E-16
0.9817477042468103	3.9269908169872414	0.1950903220161286
1.1780972450961724	3.9269908169872414	0.39018064403225683
1.3744467859455345	3.9269908169872414	0.5777737543812184
1.5707963267948966	3.9269908169872414	0.7506605550357308
1.7671458676442586	3.9269908169872414	0.9021971032026761
1.9634954084936207	3.9269908169872414	1.0265599343186738
2.1598449493429825	3.9269908169872414	1.1189698545274152
2.356194490192345	3.9269908169872414	1.175875602419359
2.552544031041707	3.9269908169872414	1.1950903220161286
2.748893571891069	3.9269908169872414	1.175875602419359
2.945243112740431	3.9269908169872414	1.1189698545274154
3.141592653589793	3.9269908169872414	1.026559934318674
3.3379421944391554	3.9269908169872414	0.9021971032026762
3.5342917352885173	3.9269908169872414	0.7506605550357308
3.730641276137879	3.9269908169872414	0.5777737543812189
3.9269908169872414	3.9269908169872414	0.3901806440322572
4.123340357836604	3.9269908169872414	0.19509032201612872
4.319689898685965	3.9269908169872414	1.1102230246251565E-15
4.516039439535327	3.9269908169872414	-0.18759311034896062
4.71238898038469	3.9269908169872414	-0.3604799110034733
4.908738521234052	3.9269908169872414	-0.5120164591704188
5.105088062083414	3.9269908169872414	-0.6363792902864166
5.301437602932776	3.9269908169872414	-0.7287892104951579
5.497787143782138	3.9269908169872414	-0.7856949583871017
5.6941366846315	3.9269908169872414	-0.8049096779838714
5.890486225480862	3.9269908169872414	-0.785694958387102
6.086835766330224	3.9269908169872414	-0.7287892104951583
6.283185307179586	3.9269908169872414	-0.6363792902864168

0.0	4.123340357836604	-0.8314696123025451
0.19634954084936207	4.123340357836604	-0.7071067811865474
0.39269908169872414	4.123340357836604	-0.5555702330196021
0.5890486225480862	4.123340357836604	-0.38268343236508967
0.7853981633974483	4.123340357836604	-0.19509032201612814
0.9817477042468103	4.123340357836604	1.2246467991473532E-16
1.1780972450961724	4.123340357836604	0.19509032201612836
1.3744467859455345	4.123340357836604	0.3826834323650899
1.5707963267948966	4.123340357836604	0.5555702330196023
1.7671458676442586	4.123340357836604	0.7071067811865476
1.9634954084936207	4.123340357836604	0.8314696123025453
2.1598449493429825	4.123340357836604	0.9238795325112867
2.356194490192345	4.123340357836604	0.9807852804032305
2.552544031041707	4.123340357836604	1.0000000000000002
2.748893571891069	4.123340357836604	0.9807852804032305
2.945243112740431	4.123340357836604	0.923879532511287
3.141592653589793	4.123340357836604	0.8314696123025456
3.3379421944391554	4.123340357836604	0.7071067811865477
3.5342917352885173	4.123340357836604	0.5555702330196023
3.730641276137879	4.123340357836604	0.3826834323650904
3.9269908169872414	4.123340357836604	0.19509032201612872
4.123340357836604	4.123340357836604	2.4492935982947064E-16
4.319689898685965	4.123340357836604	-0.1950903220161274
4.516039439535327	4.123340357836604	-0.3826834323650891
4.71238898038469	4.123340357836604	-0.5555702330196018
4.908738521234052	4.123340357836604	-0.7071067811865474
5.105088062083414	4.123340357836604	-0.8314696123025451
5.301437602932776	4.123340357836604	-0.9238795325112864
5.497787143782138	4.123340357836604	-0.9807852804032302
5.6941366846315	4.123340357836604	-0.9999999999999999
5.890486225480862	4.123340357836604	-0.9807852804032305
6.086835766330224	4.123340357836604	-0.9238795325112868
6.283185307179586	4.123340357836604	-0.8314696123025453

0.0	4.319689898685965	-1.0265599343186727
0.19634954084936207	4.319689898685965	-0.902197103202675
0.39269908169872414	4.319689898685965	-0.7506605550357297
0.5890486225480862	4.319689898685965	-0.5777737543812173
0.7853981633974483	4.319689898685965	-0.3901806440322557
0.9817477042468103	4.319689898685965	-0.1950903220161275
1.1780972450961724	4.319689898685965	7.494005416219807E-16
1.3744467859455345	4.319689898685965	0.18759311034896228
1.5707963267948966	4.319689898685965	0.36047991100347465
1.7671458676442586	4.319689898685965	0.5120164591704199
1.9634954084936207	4.319689898685965	0.6363792902864177
2.1598449493429825	4.319689898685965	0.7287892104951591
2.356194490192345	4.319689898685965	0.7856949583871029
2.552544031041707	4.319689898685965	0.8049096779838725
2.748893571891069	4.319689898685965	0.7856949583871029
2.945243112740431	4.319689898685965	0.7287892104951593
3.141592653589793	4.319689898685965	0.6363792902864179
3.3379421944391554	4.319689898685965	0.51201645917042
3.5342917352885173	4.319689898685965	0.36047991100347465
3.730641276137879	4.319689898685965	0.18759311034896278
3.9269908169872414	4.319689898685965	1.1102230246251565E-15
4.123340357836604	4.319689898685965	-0.1950903220161274
4.319689898685965	4.319689898685965	-0.390180644032255
4.516039439535327	4.319689898685965	-0.5777737543812167
4.71238898038469	4.319689898685965	-0.7506605550357295
4.908738521234052	4.319689898685965	-0.902197103202675
5.105088062083414	4.319689898685965	-1.0265599343186727
5.301437602932776	4.319689898685965	-1.118969854527414
5.497787143782138	4.319689898685965	-1.1758756024193577
5.6941366846315	4.319689898685965	-1.1950903220161275
5.890486225480862	4.319689898685965	-1.1758756024193582
6.086835766330224	4.319689898685965	-1.1189698545274145
6.283185307179586	4.319689898685965	-1.0265599343186729

0.0	4.516039439535327	-1.2141530446676345
0.19634954084936207	4.516039439535327	-1.0897902135516366
0.39269908169872414	4.516039439535327	-0.9382536653846913
0.5890486225480862	4.516039439535327	-0.765366864730179
0.7853981633974483	4.516039439535327	-0.5777737543812175
0.9817477042468103	4.516039439535327	-0.3826834323650892
1.1780972450961724	4.516039439535327	-0.18759311034896098
1.3744467859455345	4.516039439535327	5.551115123125783E-16
1.5707963267948966	4.516039439535327	0.17288680065451295
1.7671458676442586	4.516039439535327	0.32442334882145824
1.9634954084936207	4.516039439535327	0.448786179937456
2.1598449493429825	4.516039439535327	0.5411961001461973
2.356194490192345	4.516039439535327	0.5981018480381413
2.552544031041707	4.516039439535327	0.6173165676349108
2.748893571891069	4.516039439535327	0.5981018480381413
2.945243112740431	4.516039439535327	0.5411961001461976
3.141592653589793	4.516039439535327	0.44878617993745623
3.3379421944391554	4.516039439535327	0.32442334882145835
3.5342917352885173	4.516039439535327	0.17288680065451295
3.730641276137879	4.516039439535327	1.0547118733938987E-15
3.9269908169872414	4.516039439535327	-0.18759311034896062
4.123340357836604	4.516039439535327	-0.3826834323650891
4.319689898685965	4.516039439535327	-0.5777737543812167
4.516039439535327	4.516039439535327	-0.7653668647301785
4.71238898038469	4.516039439535327	-0.9382536653846911
4.908738521234052	4.516039439535327	-1.0897902135516366
5.105088062083414	4.516039439535327	-1.2141530446676345
5.301437602932776	4.516039439535327	-1.3065629648763757
5.497787143782138	4.516039439535327	-1.3634687127683196
5.6941366846315	4.516039439535327	-1.3826834323650892
5.890486225480862	4.516039439535327	-1.3634687127683198
6.086835766330224	4.516039439535327	-1.3065629648763761
6.283185307179586	4.516039439535327	-1.2141530446676347

0.0	4.71238898038469	-1.387039845322147
0.19634954084936207	4.71238898038469	-1.2626770142061494
0.39269908169872414	4.71238898038469	-1.1111404660392041
0.5890486225480862	4.71238898038469	-0.9382536653846918
0.7853981633974483	4.71238898038469	-0.7506605550357301
0.9817477042468103	4.71238898038469	-0.555570233019602
1.1780972450961724	4.71238898038469	-0.3604799110034737
1.3744467859455345	4.71238898038469	-0.17288680065451217
1.5707963267948966	4.71238898038469	2.220446049250313E-16
1.7671458676442586	4.71238898038469	0.1515365481669455
1.9634954084936207	4.71238898038469	0.2758993792829433
2.1598449493429825	4.71238898038469	0.36830929949168467
2.356194490192345	4.71238898038469	0.4252150473836285
2.552544031041707	4.71238898038469	0.44442976698039804
2.748893571891069	4.71238898038469	0.4252150473836285
2.945243112740431	4.71238898038469	0.3683092994916849
3.141592653589793	4.71238898038469	0.2758993792829435
3.3379421944391554	4.71238898038469	0.15153654816694562
3.5342917352885173	4.71238898038469	2.220446049250313E-16
3.730641276137879	4.71238898038469	-0.17288680065451167
3.9269908169872414	4.71238898038469	-0.3604799110034733
4.123340357836604	4.71238898038469	-0.5555702330196018
4.319689898685965	4.71238898038469	-0.7506605550357295
4.516039439535327	4.71238898038469	-0.9382536653846911
4.71238898038469	4.71238898038469	-1.111140466039204
4.908738521234052	4.71238898038469	-1.2626770142061494
5.105088062083414	4.71238898038469	-1.387039845322147
5.301437602932776	4.71238898038469	-1.4794497655308885
5.497787143782138	4.71238898038469	-1.5363555134228322
5.6941366846315	4.71238898038469	-1.555570233019602
5.890486225480862	4.71238898038469	-1.5363555134228326
6.086835766330224	4.71238898038469	-1.479449765530889
6.283185307179586	4.71238898038469	-1.3870398453221475

0.0	4.908738521234052	-1.5385763934890928
0.19634954084936207	4.908738521234052	-1.414213562373095
0.39269908169872414	4.908738521234052	-1.2626770142061496
0.5890486225480862	4.908738521234052	-1.0897902135516373
0.7853981633974483	4.908738521234052	-0.9021971032026757
0.9817477042468103	4.908738521234052	-0.7071067811865475
1.1780972450961724	4.908738521234052	-0.5120164591704193
1.3744467859455345	4.908738521234052	-0.3244233488214577
1.5707963267948966	4.908738521234052	-0.15153654816694528
1.7671458676442586	4.908738521234052	0.0
1.9634954084936207	4.908738521234052	0.12436283111599777
2.1598449493429825	4.908738521234052	0.21677275132473917
2.356194490192345	4.908738521234052	0.27367849921668297
2.552544031041707	4.908738521234052	0.29289321881345254
2.748893571891069	4.908738521234052	0.27367849921668297
2.945243112740431	4.908738521234052	0.2167727513247394
3.141592653589793	4.908738521234052	0.124362831115998
3.3379421944391554	4.908738521234052	1.1102230246251565E-16
3.5342917352885173	4.908738521234052	-0.15153654816694528
3.730641276137879	4.908738521234052	-0.3244233488214572
3.9269908169872414	4.908738521234052	-0.5120164591704188
4.123340357836604	4.908738521234052	-0.7071067811865474
4.319689898685965	4.908738521234052	-0.902197103202675
4.516039439535327	4.908738521234052	-1.0897902135516366
4.71238898038469	4.908738521234052	-1.2626770142061494
4.908738521234052	4.908738521234052	-1.414213562373095
5.105088062083414	4.908738521234052	-1.5385763934890928
5.301437602932776	4.908738521234052	-1.630986313697834
5.497787143782138	4.908738521234052	-1.687892061589778
5.6941366846315	4.908738521234052	-1.7071067811865475
5.890486225480862	4.908738521234052	-1.6878920615897781
6.086835766330224	4.908738521234052	-1.6309863136978344
6.283185307179586	4.908738521234052	-1.5385763934890928

0.0	5.105088062083414	-1.6629392246050905
0.19634954084936207	5.105088062083414	-1.5385763934890928
0.39269908169872414	5.105088062083414	-1.3870398453221475
0.5890486225480862	5.105088062083414	-1.214153044667635
0.7853981633974483	5.105088062083414	-1.0265599343186735
0.9817477042468103	5.105088062083414	-0.8314696123025452
1.1780972450961724	5.105088062083414	-0.6363792902864169
1.3744467859455345	5.105088062083414	-0.44878617993745545
1.5707963267948966	5.105088062083414	-0.27589937928294306
1.7671458676442586	5.105088062083414	-0.12436283111599777
1.9634954084936207	5.105088062083414	0.0
2.1598449493429825	5.105088062083414	0.09240992020874139
2.356194490192345	5.105088062083414	0.1493156681006852
2.552544031041707	5.105088062083414	0.16853038769745476
2.748893571891069	5.105088062083414	0.1493156681006852
2.945243112740431	5.105088062083414	0.09240992020874161
3.141592653589793	5.105088062083414	2.220446049250313E-16
3.3379421944391554	5.105088062083414	-0.12436283111599766
3.5342917352885173	5.105088062083414	-0.27589937928294306
3.730641276137879	5.105088062083414	-0.44878617993745495
3.9269908169872414	5.105088062083414	-0.6363792902864166
4.123340357836604	5.105088062083414	-0.8314696123025451
4.319689898685965	5.105088062083414	-1.0265599343186727
4.516039439535327	5.105088062083414	-1.2141530446676345
4.71238898038469	5.105088062083414	-1.387039845322147
4.908738521234052	5.105088062083414	-1.5385763934890928
5.105088062083414	5.105088062083414	-1.6629392246050905
5.301437602932776	5.105088062083414	-1.7553491448138319
5.497787143782138	5.105088062083414	-1.8122548927057756
5.6941366846315	5.105088062083414	-1.8314696123025453
5.890486225480862	5.105088062083414	-1.8122548927057758
6.086835766330224	5.105088062083414	-1.7553491448138323
6.283185307179586	5.105088062083414	-1.6629392246050907

0.0	5.301437602932776	-1.7553491448138319
0.19634954084936207	5.301437602932776	-1.630986313697834
0.39269908169872414	5.301437602932776	-1.4794497655308887
0.5890486225480862	5.301437602932776	-1.3065629648763764
0.7853981633974483	5.301437602932776	-1.1189698545274147
0.9817477042468103	5.301437602932776	-0.9238795325112865
1.1780972450961724	5.301437602932776	-0.7287892104951583
1.3744467859455345	5.301437602932776	-0.5411961001461967
1.5707963267948966	5.301437602932776	-0.36830929949168434
1.7671458676442586	5.301437602932776	-0.21677275132473905
1.9634954084936207	5.301437602932776	-0.09240992020874128
2.1598449493429825	5.301437602932776	1.1102230246251565E-16
2.356194490192345	5.301437602932776	0.056905747891943914
2.552544031041707	5.301437602932776	0.07612046748871348
2.748893571891069	5.301437602932776	0.056905747891943914
2.945243112740431	5.301437602932776	3.3306690738754696E-16
3.141592653589793	5.301437602932776	-0.09240992020874106
3.3379421944391554	5.301437602932776	-0.21677275132473894
3.5342917352885173	5.301437602932776	-0.36830929949168434
3.730641276137879	5.301437602932776	-0.5411961001461962
3.9269908169872414	5.301437602932776	-0.7287892104951579
4.123340357836604	5.301437602932776	-0.9238795325112864
4.319689898685965	5.301437602932776	-1.118969854527414
4.516039439535327	5.301437602932776	-1.3065629648763757
4.71238898038469	5.301437602932776	-1.4794497655308885
4.908738521234052	5.301437602932776	-1.630986313697834
5.105088062083414	5.301437602932776	-1.7553491448138319
5.301437602932776	5.301437602932776	-1.847759065022573
5.497787143782138	5.301437602932776	-1.904664812914517
5.6941366846315	5.301437602932776	-1.9238795325112865
5.890486225480862	5.301437602932776	-1.9046648129145172
6.086835766330224	5.301437602932776	-1.8477590650225735
6.283185307179586	5.301437602932776	-1.7553491448138319

0.0	5.497787143782138	-1.8122548927057756
0.19634954084936207	5.497787143782138	-1.687892061589778
0.39269908169872414	5.497787143782138	-1.5363555134228326
0.5890486225480862	5.497787143782138	-1.36346871276832
0.7853981633974483	5.497787143782138	-1.1758756024193586
0.9817477042468103	5.497787143782138	-0.9807852804032303
1.1780972450961724	5.497787143782138	-0.785694958387102
1.3744467859455345	5.497787143782138	-0.5981018480381406
1.5707963267948966	5.497787143782138	-0.42521504738362814
1.7671458676442586	5.497787143782138	-0.27367849921668286
1.9634954084936207	5.497787143782138	-0.14931566810068508
2.1598449493429825	5.497787143782138	-0.05690574789194369
2.356194490192345	5.497787143782138	1.1102230246251565E-16
2.552544031041707	5.497787143782138	0.01921471959676968
2.748893571891069	5.497787143782138	1.1102230246251565E-16
2.945243112740431	5.497787143782138	-0.05690574789194347
3.141592653589793	5.497787143782138	-0.14931566810068486
3.3379421944391554	5.497787143782138	-0.27367849921668275
3.5342917352885173	5.497787143782138	-0.42521504738362814
3.730641276137879	5.497787143782138	-0.59810184803814
3.9269908169872414	5.497787143782138	-0.7856949583871017
4.123340357836604	5.497787143782138	-0.9807852804032302
4.319689898685965	5.497787143782138	-1.1758756024193577
4.516039439535327	5.497787143782138	-1.3634687127683196
4.71238898038469	5.497787143782138	-1.5363555134228322
4.908738521234052	5.497787143782138	-1.687892061589778
5.105088062083414	5.497787143782138	-1.8122548927057756
5.301437602932776	5.497787143782138	-1.904664812914517
5.497787143782138	5.497787143782138	-1.9615705608064606
5.6941366846315	5.497787143782138	-1.9807852804032304
5.890486225480862	5.497787143782138	-1.9615705608064609
6.086835766330224	5.497787143782138	-1.9046648129145174
6.283185307179586	5.497787143782138	-1.8122548927057758

0.0	5.6941366846315	-1.8314696123025453
0.19634954084936207	5.6941366846315	-1.7071067811865475
0.39269908169872414	5.6941366846315	-1.5555702330196022
0.5890486225480862	5.6941366846315	-1.3826834323650898
0.7853981633974483	5.6941366846315	-1.1950903220161282
0.9817477042468103	5.6941366846315	-1.0
1.1780972450961724	5.6941366846315	-0.8049096779838718
1.3744467859455345	5.6941366846315	-0.6173165676349102
1.5707963267948966	5.6941366846315	-0.4444297669803978
1.7671458676442586	5.6941366846315	-0.29289321881345254
1.9634954084936207	5.6941366846315	-0.16853038769745476
2.1598449493429825	5.6941366846315	-0.07612046748871337
2.356194490192345	5.6941366846315	-0.01921471959676957
2.552544031041707	5.6941366846315	0.0
2.748893571891069	5.6941366846315	-0.01921471959676957
2.945243112740431	5.6941366846315	-0.07612046748871315
3.141592653589793	5.6941366846315	-0.16853038769745454
3.3379421944391554	5.6941366846315	-0.2928932188134524
3.5342917352885173	5.6941366846315	-0.4444297669803978
3.730641276137879	5.6941366846315	-0.6173165676349097
3.9269908169872414	5.6941366846315	-0.8049096779838714
4.123340357836604	5.6941366846315	-0.9999999999999999
4.319689898685965	5.6941366846315	-1.1950903220161275
4.516039439535327	5.6941366846315	-1.3826834323650892
4.71238898038469	5.6941366846315	-1.555570233019602
4.908738521234052	5.6941366846315	-1.7071067811865475
5.105088062083414	5.6941366846315	-1.8314696123025453
5.301437602932776	5.6941366846315	-1.9238795325112865
5.497787143782138	5.6941366846315	-1.9807852804032304
5.6941366846315	5.6941366846315	-2.0
5.890486225480862	5.6941366846315	-1.9807852804032307
6.086835766330224	5.6941366846315	-1.923879532511287
6.283185307179586	5.6941366846315	-1.8314696123025453

0.0	5.890486225480862	-1.8122548927057758
0.19634954084936207	5.890486225480862	-1.6878920615897781
0.39269908169872414	5.890486225480862	-1.5363555134228328
0.5890486225480862	5.890486225480862	-1.3634687127683205
0.7853981633974483	5.890486225480862	-1.1758756024193588
0.9817477042468103	5.890486225480862	-0.9807852804032307
1.1780972450961724	5.890486225480862	-0.7856949583871025
1.3744467859455345	5.890486225480862	-0.5981018480381408
1.5707963267948966	5.890486225480862	-0.4252150473836285
1.7671458676442586	5.890486225480862	-0.2736784992166832
1.9634954084936207	5.890486225480862	-0.14931566810068542
2.1598449493429825	5.890486225480862	-0.056905747891944025
2.356194490192345	5.890486225480862	-2.220446049250313E-16
2.552544031041707	5.890486225480862	0.019214719596769347
2.748893571891069	5.890486225480862	-2.220446049250313E-16
2.945243112740431	5.890486225480862	-0.0569057478919438
3.141592653589793	5.890486225480862	-0.1493156681006852
3.3379421944391554	5.890486225480862	-0.2736784992166831
3.5342917352885173	5.890486225480862	-0.4252150473836285
3.730641276137879	5.890486225480862	-0.5981018480381404
3.9269908169872414	5.890486225480862	-0.785694958387102
4.123340357836604	5.890486225480862	-0.9807852804032305
4.319689898685965	5.890486225480862	-1.1758756024193582
4.516039439535327	5.890486225480862	-1.3634687127683198
4.71238898038469	5.890486225480862	-1.5363555134228326
4.908738521234052	5.890486225480862	-1.6878920615897781
5.105088062083414	5.890486225480862	-1.8122548927057758
5.301437602932776	5.890486225480862	-1.9046648129145172
5.497787143782138	5.890486225480862	-1.9615705608064609
5.6941366846315	5.890486225480862	-1.9807852804032307
5.890486225480862	5.890486225480862	-1.9615705608064613
6.086835766330224	5.890486225480862	-1.9046648129145176
6.283185307179586	5.890486225480862	-1.8122548927057762

0.0	6.086835766330224	-1.7553491448138323
0.19634954084936207	6.086835766330224	-1.6309863136978344
0.39269908169872414	6.086835766330224	-1.4794497655308891
0.5890486225480862	6.086835766330224	-1.3065629648763768
0.7853981633974483	6.086835766330224	-1.1189698545274152
0.9817477042468103	6.086835766330224	-0.923879532511287
1.1780972450961724	6.086835766330224	-0.7287892104951588
1.3744467859455345	6.086835766330224	-0.5411961001461971
1.5707963267948966	6.086835766330224	-0.3683092994916848
1.7671458676442586	6.086835766330224	-0.2167727513247395
1.9634954084936207	6.086835766330224	-0.09240992020874172
2.1598449493429825	6.086835766330224	-3.3306690738754696E-16
2.356194490192345	6.086835766330224	0.05690574789194347
2.552544031041707	6.086835766330224	0.07612046748871304
2.748893571891069	6.086835766330224	0.05690574789194347
2.945243112740431	6.086835766330224	-1.1102230246251565E-16
3.141592653589793	6.086835766330224	-0.0924099202087415
3.3379421944391554	6.086835766330224	-0.2167727513247394
3.5342917352885173	6.086835766330224	-0.3683092994916848
3.730641276137879	6.086835766330224	-0.5411961001461967
3.9269908169872414	6.086835766330224	-0.7287892104951583
4.123340357836604	6.086835766330224	-0.9238795325112868
4.319689898685965	6.086835766330224	-1.1189698545274145
4.516039439535327	6.086835766330224	-1.3065629648763761
4.71238898038469	6.086835766330224	-1.479449765530889
4.908738521234052	6.086835766330224	-1.6309863136978344
5.105088062083414	6.086835766330224	-1.7553491448138323
5.301437602932776	6.086835766330224	-1.8477590650225735
5.497787143782138	6.086835766330224	-1.9046648129145174
5.6941366846315	6.086835766330224	-1.923879532511287
5.890486225480862	6.086835766330224	-1.9046648129145176
6.086835766330224	6.086835766330224	-1.847759065022574
6.283185307179586	6.086835766330224	-1.7553491448138323

0.0	6.283185307179586	-1.6629392246050907
0.19634954084936207	6.283185307179586	-1.5385763934890928
0.39269908169872414	6.283185307179586	-1.3870398453221475
0.5890486225480862	6.283185307179586	-1.2141530446676352
0.7853981633974483	6.283185307179586	-1.0265599343186738
0.9817477042468103	6.283185307179586	-0.8314696123025455
1.1780972450961724	6.283185307179586	-0.6363792902864172
1.3744467859455345	6.283185307179586	-0.4487861799374557
1.5707963267948966	6.283185307179586	-0.2758993792829433
1.7671458676442586	6.283185307179586	-0.124362831115998
1.9634954084936207	6.283185307179586	-2.220446049250313E-16
2.1598449493429825	6.283185307179586	0.09240992020874117
2.356194490192345	6.283185307179586	0.14931566810068497
2.552544031041707	6.283185307179586	0.16853038769745454
2.748893571891069	6.283185307179586	0.14931566810068497
2.945243112740431	6.283185307179586	0.09240992020874139
3.141592653589793	6.283185307179586	0.0
3.3379421944391554	6.283185307179586	-0.12436283111599788
3.5342917352885173	6.283185307179586	-0.2758993792829433
3.730641276137879	6.283185307179586	-0.4487861799374552
3.9269908169872414	6.283185307179586	-0.6363792902864168
4.123340357836604	6.283185307179586	-0.8314696123025453
4.319689898685965	6.283185307179586	-1.0265599343186729
4.516039439535327	6.283185307179586	-1.2141530446676347
4.71238898038469	6.283185307179586	-1.3870398453221475
4.908738521234052	6.283185307179586	-1.5385763934890928
5.105088062083414	6.283185307179586	-1.6629392246050907
5.301437602932776	6.283185307179586	-1.7553491448138319
5.497787143782138	6.283185307179586	-1.8122548927057758
5.6941366846315	6.283185307179586	-1.8314696123025453
5.890486225480862	6.283185307179586	-1.8122548927057762
6.086835766330224	6.283185307179586	-1.7553491448138323
6.283185307179586	6.283185307179586	-1.662939224605091

