0.0	0.0	1.4142135623730954
0.19634954084936207	0.0	1.5385763934890933
0.39269908169872414	0.0	1.6309863136978344
0.5890486225480862	0.0	1.6878920615897781
0.7853981633974483	0.0	1.7071067811865477
0.9817477042468103	0.0	1.687892061589778
1.1780972450961724	0.0	1.6309863136978342
1.3744467859455345	0.0	1.5385763934890928
1.5707963267948966	0.0	1.4142135623730951
1.7671458676442586	0.0	1.2626770142061496
1.9634954084936207	0.0	1.0897902135516373
2.1598449493429825	0.0	0.9021971032026761
2.356194490192345	0.0	0.7071067811865476
2.552544031041707	0.0	0.512016459170419
2.748893571891069	0.0	0.3244233488214578
2.945243112740431	0.0	0.1515365481669455
3.141592653589793	0.0	1.1102230246251565E-16
3.3379421944391554	0.0	-0.12436283111599777
3.5342917352885173	0.0	-0.21677275132473905
3.730641276137879	0.0	-0.27367849921668275
3.9269908169872414	0.0	-0.2928932188134523
4.123340357836604	0.0	-0.27367849921668275
4.319689898685965	0.0	-0.21677275132473928
4.516039439535327	0.0	-0.12436283111599766
4.71238898038469	0.0	2.220446049250313E-16
4.908738521234052	0.0	0.15153654816694562
5.105088062083414	0.0	0.32442334882145835
5.301437602932776	0.0	0.5120164591704193
5.497787143782138	0.0	0.7071067811865477
5.6941366846315	0.0	0.9021971032026761
5.890486225480862	0.0	1.089790213551637
6.086835766330224	0.0	1.2626770142061496
6.283185307179586	0.0	1.4142135623730951

0.0	0.19634954084936207	1.5385763934890933
0.19634954084936207	0.19634954084936207	1.662939224605091
0.39269908169872414	0.19634954084936207	1.755349144813832
0.5890486225480862	0.19634954084936207	1.8122548927057758
0.7853981633974483	0.19634954084936207	1.8314696123025453
0.9817477042468103	0.19634954084936207	1.8122548927057758
1.1780972450961724	0.19634954084936207	1.7553491448138319
1.3744467859455345	0.19634954084936207	1.6629392246050907
1.5707963267948966	0.19634954084936207	1.5385763934890928
1.7671458676442586	0.19634954084936207	1.3870398453221475
1.9634954084936207	0.19634954084936207	1.2141530446676352
2.1598449493429825	0.19634954084936207	1.0265599343186738
2.356194490192345	0.19634954084936207	0.8314696123025453
2.552544031041707	0.19634954084936207	0.6363792902864168
2.748893571891069	0.19634954084936207	0.44878617993745556
2.945243112740431	0.19634954084936207	0.2758993792829433
3.141592653589793	0.19634954084936207	0.12436283111599788
3.3379421944391554	0.19634954084936207	0.0
3.5342917352885173	0.19634954084936207	-0.09240992020874128
3.730641276137879	0.19634954084936207	-0.14931566810068497
3.9269908169872414	0.19634954084936207	-0.16853038769745454
4.123340357836604	0.19634954084936207	-0.14931566810068497
4.319689898685965	0.19634954084936207	-0.0924099202087415
4.516039439535327	0.19634954084936207	1.1102230246251565E-16
4.71238898038469	0.19634954084936207	0.124362831115998
4.908738521234052	0.19634954084936207	0.2758993792829434
5.105088062083414	0.19634954084936207	0.4487861799374561
5.301437602932776	0.19634954084936207	0.6363792902864169
5.497787143782138	0.19634954084936207	0.8314696123025455
5.6941366846315	0.19634954084936207	1.026559934318674
5.890486225480862	0.19634954084936207	1.2141530446676347
6.086835766330224	0.19634954084936207	1.3870398453221475
6.283185307179586	0.19634954084936207	1.5385763934890928

0.0	0.39269908169872414	1.6309863136978344
0.19634954084936207	0.39269908169872414	1.755349144813832
0.39269908169872414	0.39269908169872414	1.8477590650225733
0.5890486225480862	0.39269908169872414	1.904664812914517
0.7853981633974483	0.39269908169872414	1.9238795325112865
0.9817477042468103	0.39269908169872414	1.904664812914517
1.1780972450961724	0.39269908169872414	1.847759065022573
1.3744467859455345	0.39269908169872414	1.7553491448138319
1.5707963267948966	0.39269908169872414	1.630986313697834
1.7671458676442586	0.39269908169872414	1.4794497655308887
1.9634954084936207	0.39269908169872414	1.3065629648763764
2.1598449493429825	0.39269908169872414	1.118969854527415
2.356194490192345	0.39269908169872414	0.9238795325112865
2.552544031041707	0.39269908169872414	0.728789210495158
2.748893571891069	0.39269908169872414	0.5411961001461967
2.945243112740431	0.39269908169872414	0.36830929949168445
3.141592653589793	0.39269908169872414	0.21677275132473905
3.3379421944391554	0.39269908169872414	0.09240992020874117
3.5342917352885173	0.39269908169872414	-1.1102230246251565E-16
3.730641276137879	0.39269908169872414	-0.0569057478919438
3.9269908169872414	0.39269908169872414	-0.07612046748871337
4.123340357836604	0.39269908169872414	-0.0569057478919438
4.319689898685965	0.39269908169872414	-3.3306690738754696E-16
4.516039439535327	0.39269908169872414	0.09240992020874128
4.71238898038469	0.39269908169872414	0.21677275132473917
4.908738521234052	0.39269908169872414	0.36830929949168456
5.105088062083414	0.39269908169872414	0.5411961001461973
5.301437602932776	0.39269908169872414	0.7287892104951581
5.497787143782138	0.39269908169872414	0.9238795325112866
5.6941366846315	0.39269908169872414	1.1189698545274152
5.890486225480862	0.39269908169872414	1.306562964876376
6.086835766330224	0.39269908169872414	1.4794497655308887
6.283185307179586	0.39269908169872414	1.630986313697834

0.0	0.5890486225480862	1.6878920615897781
0.19634954084936207	0.5890486225480862	1.8122548927057758
0.39269908169872414	0.5890486225480862	1.904664812914517
0.5890486225480862	0.5890486225480862	1.9615705608064609
0.7853981633974483	0.5890486225480862	1.9807852804032304
0.9817477042468103	0.5890486225480862	1.9615705608064609
1.1780972450961724	0.5890486225480862	1.904664812914517
1.3744467859455345	0.5890486225480862	1.8122548927057758
1.5707963267948966	0.5890486225480862	1.687892061589778
1.7671458676442586	0.5890486225480862	1.5363555134228324
1.9634954084936207	0.5890486225480862	1.36346871276832
2.1598449493429825	0.5890486225480862	1.1758756024193588
2.356194490192345	0.5890486225480862	0.9807852804032303
2.552544031041707	0.5890486225480862	0.7856949583871018
2.748893571891069	0.5890486225480862	0.5981018480381406
2.945243112740431	0.5890486225480862	0.42521504738362825
3.141592653589793	0.5890486225480862	0.27367849921668286
3.3379421944391554	0.5890486225480862	0.14931566810068497
3.5342917352885173	0.5890486225480862	0.05690574789194369
3.730641276137879	0.5890486225480862	0.0
3.9269908169872414	0.5890486225480862	-0.01921471959676957
4.123340357836604	0.5890486225480862	0.0
4.319689898685965	0.5890486225480862	0.05690574789194347
4.516039439535327	0.5890486225480862	0.14931566810068508
4.71238898038469	0.5890486225480862	0.27367849921668297
4.908738521234052	0.5890486225480862	0.42521504738362836
5.105088062083414	0.5890486225480862	0.598101848038141
5.301437602932776	0.5890486225480862	0.785694958387102
5.497787143782138	0.5890486225480862	0.9807852804032304
5.6941366846315	0.5890486225480862	1.1758756024193588
5.890486225480862	0.5890486225480862	1.3634687127683198
6.086835766330224	0.5890486225480862	1.5363555134228326
6.283185307179586	0.5890486225480862	1.687892061589778

0.0	0.7853981633974483	1.7071067811865477
0.19634954084936207	0.7853981633974483	1.8314696123025453
0.39269908169872414	0.7853981633974483	1.9238795325112865
0.5890486225480862	0.7853981633974483	1.9807852804032304
0.7853981633974483	0.7853981633974483	2.0
0.9817477042468103	0.7853981633974483	1.9807852804032304
1.1780972450961724	0.7853981633974483	1.9238795325112865
1.3744467859455345	0.7853981633974483	1.8314696123025453
1.5707963267948966	0.7853981633974483	1.7071067811865475
1.7671458676442586	0.7853981633974483	1.555570233019602
1.9634954084936207	0.7853981633974483	1.3826834323650896
2.1598449493429825	0.7853981633974483	1.1950903220161284
2.356194490192345	0.7853981633974483	0.9999999999999999
2.552544031041707	0.7853981633974483	0.8049096779838714
2.748893571891069	0.7853981633974483	0.6173165676349102
2.945243112740431	0.7853981633974483	0.4444297669803978
3.141592653589793	0.7853981633974483	0.2928932188134524
3.3379421944391554	0.7853981633974483	0.16853038769745454
3.5342917352885173	0.7853981633974483	0.07612046748871326
3.730641276137879	0.7853981633974483	0.01921471959676957
3.9269908169872414	0.7853981633974483	0.0
4.123340357836604	0.7853981633974483	0.01921471959676957
4.319689898685965	0.7853981633974483	0.07612046748871304
4.516039439535327	0.7853981633974483	0.16853038769745465
4.71238898038469	0.7853981633974483	0.29289321881345254
4.908738521234052	0.7853981633974483	0.44442976698039793
5.105088062083414	0.7853981633974483	0.6173165676349106
5.301437602932776	0.7853981633974483	0.8049096779838716
5.497787143782138	0.7853981633974483	1.0
5.6941366846315	0.7853981633974483	1.1950903220161284
5.890486225480862	0.7853981633974483	1.3826834323650894
6.086835766330224	0.7853981633974483	1.5555702330196022
6.283185307179586	0.7853981633974483	1.7071067811865475

0.0	0.9817477042468103	1.687892061589778
0.19634954084936207	0.9817477042468103	1.8122548927057758
0.39269908169872414	0.9817477042468103	1.904664812914517
0.5890486225480862	0.9817477042468103	1.9615705608064609
0.7853981633974483	0.9817477042468103	1.9807852804032304
0.9817477042468103	0.9817477042468103	1.9615705608064606
1.1780972450961724	0.9817477042468103	1.904664812914517
1.3744467859455345	0.9817477042468103	1.8122548927057756
1.5707963267948966	0.9817477042468103	1.687892061589778
1.7671458676442586	0.9817477042468103	1.5363555134228322
1.9634954084936207	0.9817477042468103	1.36346871276832
2.1598449493429825	0.9817477042468103	1.1758756024193586
2.356194490192345	0.9817477042468103	0.9807852804032302
2.552544031041707	0.9817477042468103	0.7856949583871017
2.748893571891069	0.9817477042468103	0.5981018480381404
2.945243112740431	0.9817477042468103	0.42521504738362814
3.141592653589793	0.9817477042468103	0.27367849921668275
3.3379421944391554	0.9817477042468103	0.14931566810068486
3.5342917352885173	0.9817477042468103	0.05690574789194358
3.730641276137879	0.9817477042468103	-1.1102230246251565E-16
3.9269908169872414	0.9817477042468103	-0.01921471959676968
4.123340357836604	0.9817477042468103	-1.1102230246251565E-16
4.319689898685965	0.9817477042468103	0.05690574789194336
4.516039439535327	0.9817477042468103	0.14931566810068497
4.71238898038469	0.9817477042468103	0.27367849921668286
4.908738521234052	0.9817477042468103	0.42521504738362825
5.105088062083414	0.9817477042468103	0.598101848038141
5.301437602932776	0.9817477042468103	0.7856949583871018
5.497787143782138	0.9817477042468103	0.9807852804032303
5.6941366846315	0.9817477042468103	1.1758756024193588
5.890486225480862	0.9817477042468103	1.3634687127683196
6.086835766330224	0.9817477042468103	1.5363555134228324
6.283185307179586	0.9817477042468103	1.687892061589778

0.0	1.1780972450961724	1.6309863136978342
0.19634954084936207	1.1780972450961724	1.7553491448138319
0.39269908169872414	1.1780972450961724	1.847759065022573
0.5890486225480862	1.1780972450961724	1.904664812914517
0.7853981633974483	1.1780972450961724	1.9238795325112865
0.9817477042468103	1.1780972450961724	1.904664812914517
1.1780972450961724	1.1780972450961724	1.847759065022573
1.3744467859455345	1.1780972450961724	1.7553491448138319
1.5707963267948966	1.1780972450961724	1.630986313697834
1.7671458676442586	1.1780972450961724	1.4794497655308885
1.9634954084936207	1.1780972450961724	1.3065629648763761
2.1598449493429825	1.1780972450961724	1.118969854527415
2.356194490192345	1.1780972450961724	0.9238795325112864
2.552544031041707	1.1780972450961724	0.7287892104951579
2.748893571891069	1.1780972450961724	0.5411961001461967
2.945243112740431	1.1780972450961724	0.36830929949168434
3.141592653589793	1.1780972450961724	0.21677275132473894
3.3379421944391554	1.1780972450961724	0.09240992020874106
3.5342917352885173	1.1780972450961724	-2.220446049250313E-16
3.730641276137879	1.1780972450961724	-0.056905747891943914
3.9269908169872414	1.1780972450961724	-0.07612046748871348
4.123340357836604	1.1780972450961724	-0.056905747891943914
4.319689898685965	1.1780972450961724	-4.440892098500626E-16
4.516039439535327	1.1780972450961724	0.09240992020874117
4.71238898038469	1.1780972450961724	0.21677275132473905
4.908738521234052	1.1780972450961724	0.36830929949168445
5.105088062083414	1.1780972450961724	0.5411961001461971
5.301437602932776	1.1780972450961724	0.7287892104951581
5.497787143782138	1.1780972450961724	0.9238795325112865
5.6941366846315	1.1780972450961724	1.118969854527415
5.890486225480862	1.1780972450961724	1.306562964876376
6.086835766330224	1.1780972450961724	1.4794497655308887
6.283185307179586	1.1780972450961724	1.630986313697834

0.0	1.3744467859455345	1.5385763934890928
0.19634954084936207	1.3744467859455345	1.6629392246050907
0.39269908169872414	1.3744467859455345	1.7553491448138319
0.5890486225480862	1.3744467859455345	1.8122548927057758
0.7853981633974483	1.3744467859455345	1.8314696123025453
0.9817477042468103	1.3744467859455345	1.8122548927057756
1.1780972450961724	1.3744467859455345	1.7553491448138319
1.3744467859455345	1.3744467859455345	1.6629392246050905
1.5707963267948966	1.3744467859455345	1.5385763934890928
1.7671458676442586	1.3744467859455345	1.387039845322147
1.9634954084936207	1.3744467859455345	1.214153044667635
2.1598449493429825	1.3744467859455345	1.0265599343186735
2.356194490192345	1.3744467859455345	0.8314696123025451
2.552544031041707	1.3744467859455345	0.6363792902864166
2.748893571891069	1.3744467859455345	0.44878617993745534
2.945243112740431	1.3744467859455345	0.27589937928294306
3.141592653589793	1.3744467859455345	0.12436283111599766
3.3379421944391554	1.3744467859455345	-2.220446049250313E-16
3.5342917352885173	1.3744467859455345	-0.0924099202087415
3.730641276137879	1.3744467859455345	-0.1493156681006852
3.9269908169872414	1.3744467859455345	-0.16853038769745476
4.123340357836604	1.3744467859455345	-0.1493156681006852
4.319689898685965	1.3744467859455345	-0.09240992020874172
4.516039439535327	1.3744467859455345	-1.1102230246251565E-16
4.71238898038469	1.3744467859455345	0.12436283111599777
4.908738521234052	1.3744467859455345	0.27589937928294317
5.105088062083414	1.3744467859455345	0.4487861799374559
5.301437602932776	1.3744467859455345	0.6363792902864167
5.497787143782138	1.3744467859455345	0.8314696123025452
5.6941366846315	1.3744467859455345	1.0265599343186738
5.890486225480862	1.3744467859455345	1.2141530446676345
6.086835766330224	1.3744467859455345	1.3870398453221473
6.283185307179586	1.3744467859455345	1.5385763934890928

0.0	1.5707963267948966	1.4142135623730951
0.19634954084936207	1.5707963267948966	1.5385763934890928
0.39269908169872414	1.5707963267948966	1.630986313697834
0.5890486225480862	1.5707963267948966	1.687892061589778
0.7853981633974483	1.5707963267948966	1.7071067811865475
0.9817477042468103	1.5707963267948966	1.687892061589778
1.1780972450961724	1.5707963267948966	1.630986313697834
1.3744467859455345	1.5707963267948966	1.5385763934890928
1.5707963267948966	1.5707963267948966	1.414213562373095
1.7671458676442586	1.5707963267948966	1.2626770142061494
1.9634954084936207	1.5707963267948966	1.089790213551637
2.1598449493429825	1.5707963267948966	0.9021971032026759
2.356194490192345	1.5707963267948966	0.7071067811865474
2.552544031041707	1.5707963267948966	0.5120164591704188
2.748893571891069	1.5707963267948966	0.32442334882145757
2.945243112740431	1.5707963267948966	0.15153654816694528
3.141592653589793	1.5707963267948966	-1.1102230246251565E-16
3.3379421944391554	1.5707963267948966	-0.124362831115998
3.5342917352885173	1.5707963267948966	-0.21677275132473928
3.730641276137879	1.5707963267948966	-0.27367849921668297
3.9269908169872414	1.5707963267948966	-0.29289321881345254
4.123340357836604	1.5707963267948966	-0.27367849921668297
4.319689898685965	1.5707963267948966	-0.2167727513247395
4.516039439535327	1.5707963267948966	-0.12436283111599788
4.71238898038469	1.5707963267948966	0.0
4.908738521234052	1.5707963267948966	0.1515365481669454
5.105088062083414	1.5707963267948966	0.3244233488214581
5.301437602932776	1.5707963267948966	0.512016459170419
5.497787143782138	1.5707963267948966	0.7071067811865475
5.6941366846315	1.5707963267948966	0.9021971032026759
5.890486225480862	1.5707963267948966	1.0897902135516369
6.086835766330224	1.5707963267948966	1.2626770142061496
6.283185307179586	1.5707963267948966	1.414213562373095

0.0	1.7671458676442586	1.2626770142061496
0.19634954084936207	1.7671458676442586	1.3870398453221475
0.39269908169872414	1.7671458676442586	1.4794497655308887
0.5890486225480862	1.7671458676442586	1.5363555134228324
0.7853981633974483	1.7671458676442586	1.555570233019602
0.9817477042468103	1.7671458676442586	1.5363555134228322
1.1780972450961724	1.7671458676442586	1.4794497655308885
1.3744467859455345	1.7671458676442586	1.387039845322147
1.5707963267948966	1.7671458676442586	1.2626770142061494
1.7671458676442586	1.7671458676442586	1.111140466039204
1.9634954084936207	1.7671458676442586	0.9382536653846916
2.1598449493429825	1.7671458676442586	0.7506605550357304
2.356194490192345	1.7671458676442586	0.5555702330196018
2.552544031041707	1.7671458676442586	0.3604799110034733
2.748893571891069	1.7671458676442586	0.17288680065451206
2.945243112740431	1.7671458676442586	-2.220446049250313E-16
3.141592653589793	1.7671458676442586	-0.15153654816694562
3.3379421944391554	1.7671458676442586	-0.2758993792829435
3.5342917352885173	1.7671458676442586	-0.3683092994916848
3.730641276137879	1.7671458676442586	-0.4252150473836285
3.9269908169872414	1.7671458676442586	-0.44442976698039804
4.123340357836604	1.7671458676442586	-0.4252150473836285
4.319689898685965	1.7671458676442586	-0.368309299491685
4.516039439535327	1.7671458676442586	-0.2758993792829434
4.71238898038469	1.7671458676442586	-0.1515365481669455
4.908738521234052	1.7671458676442586	-1.1102230246251565E-16
5.105088062083414	1.7671458676442586	0.17288680065451262
5.301437602932776	1.7671458676442586	0.3604799110034735
5.497787143782138	1.7671458676442586	0.555570233019602
5.6941366846315	1.7671458676442586	0.7506605550357304
5.890486225480862	1.7671458676442586	0.9382536653846913
6.086835766330224	1.7671458676442586	1.111140466039204
6.283185307179586	1.7671458676442586	1.2626770142061494

0.0	1.9634954084936207	1.0897902135516373
0.19634954084936207	1.9634954084936207	1.2141530446676352
0.39269908169872414	1.9634954084936207	1.3065629648763764
0.5890486225480862	1.9634954084936207	1.36346871276832
0.7853981633974483	1.9634954084936207	1.3826834323650896
0.9817477042468103	1.9634954084936207	1.36346871276832
1.1780972450961724	1.9634954084936207	1.3065629648763761
1.3744467859455345	1.9634954084936207	1.214153044667635
1.5707963267948966	1.9634954084936207	1.089790213551637
1.7671458676442586	1.9634954084936207	0.9382536653846916
1.9634954084936207	1.9634954084936207	0.7653668647301793
2.1598449493429825	1.9634954084936207	0.577773754381218
2.356194490192345	1.9634954084936207	0.38268343236508956
2.552544031041707	1.9634954084936207	0.18759311034896106
2.748893571891069	1.9634954084936207	-2.220446049250313E-16
2.945243112740431	1.9634954084936207	-0.1728868006545125
3.141592653589793	1.9634954084936207	-0.3244233488214579
3.3379421944391554	1.9634954084936207	-0.4487861799374558
3.5342917352885173	1.9634954084936207	-0.5411961001461971
3.730641276137879	1.9634954084936207	-0.5981018480381408
3.9269908169872414	1.9634954084936207	-0.6173165676349104
4.123340357836604	1.9634954084936207	-0.5981018480381408
4.319689898685965	1.9634954084936207	-0.5411961001461973
4.516039439535327	1.9634954084936207	-0.4487861799374557
4.71238898038469	1.9634954084936207	-0.3244233488214578
4.908738521234052	1.9634954084936207	-0.1728868006545124
5.105088062083414	1.9634954084936207	3.3306690738754696E-16
5.301437602932776	1.9634954084936207	0.1875931103489612
5.497787143782138	1.9634954084936207	0.38268343236508967
5.6941366846315	1.9634954084936207	0.5777737543812181
5.890486225480862	1.9634954084936207	0.765366864730179
6.086835766330224	1.9634954084936207	0.9382536653846918
6.283185307179586	1.9634954084936207	1.089790213551637

0.0	2.1598449493429825	0.9021971032026761
0.19634954084936207	2.1598449493429825	1.0265599343186738
0.39269908169872414	2.1598449493429825	1.118969854527415
0.5890486225480862	2.1598449493429825	1.1758756024193588
0.7853981633974483	2.1598449493429825	1.1950903220161284
0.9817477042468103	2.1598449493429825	1.1758756024193586
1.1780972450961724	2.1598449493429825	1.118969854527415
1.3744467859455345	2.1598449493429825	1.0265599343186735
1.5707963267948966	2.1598449493429825	0.9021971032026759
1.7671458676442586	2.1598449493429825	0.7506605550357304
1.9634954084936207	2.1598449493429825	0.577773754381218
2.1598449493429825	2.1598449493429825	0.3901806440322567
2.356194490192345	2.1598449493429825	0.19509032201612825
2.552544031041707	2.1598449493429825	-2.498001805406602E-16
2.748893571891069	2.1598449493429825	-0.18759311034896153
2.945243112740431	2.1598449493429825	-0.3604799110034738
3.141592653589793	2.1598449493429825	-0.5120164591704193
3.3379421944391554	2.1598449493429825	-0.6363792902864172
3.5342917352885173	2.1598449493429825	-0.7287892104951583
3.730641276137879	2.1598449493429825	-0.785694958387102
3.9269908169872414	2.1598449493429825	-0.8049096779838716
4.123340357836604	2.1598449493429825	-0.785694958387102
4.319689898685965	2.1598449493429825	-0.7287892104951585
4.516039439535327	2.1598449493429825	-0.6363792902864169
4.71238898038469	2.1598449493429825	-0.512016459170419
4.908738521234052	2.1598449493429825	-0.3604799110034737
5.105088062083414	2.1598449493429825	-0.18759311034896098
5.301437602932776	2.1598449493429825	-1.1102230246251565E-16
5.497787143782138	2.1598449493429825	0.19509032201612836
5.6941366846315	2.1598449493429825	0.39018064403225683
5.890486225480862	2.1598449493429825	0.5777737543812177
6.086835766330224	2.1598449493429825	0.7506605550357304
6.283185307179586	2.1598449493429825	0.9021971032026759

0.0	2.356194490192345	0.7071067811865476
0.19634954084936207	2.356194490192345	0.8314696123025453
0.39269908169872414	2.356194490192345	0.9238795325112865
0.5890486225480862	2.356194490192345	0.9807852804032303
0.7853981633974483	2.356194490192345	0.9999999999999999
0.9817477042468103	2.356194490192345	0.9807852804032302
1.1780972450961724	2.356194490192345	0.9238795325112864
1.3744467859455345	2.356194490192345	0.8314696123025451
1.5707963267948966	2.356194490192345	0.7071067811865474
1.7671458676442586	2.356194490192345	0.5555702330196018
1.9634954084936207	2.356194490192345	0.38268343236508956
2.1598449493429825	2.356194490192345	0.19509032201612825
2.356194490192345	2.356194490192345	-2.4492935982947064E-16
2.552544031041707	2.356194490192345	-0.19509032201612872
2.748893571891069	2.356194490192345	-0.38268343236509
2.945243112740431	2.356194490192345	-0.5555702330196023
3.141592653589793	2.356194490192345	-0.7071067811865477
3.3379421944391554	2.356194490192345	-0.8314696123025456
3.5342917352885173	2.356194490192345	-0.9238795325112868
3.730641276137879	2.356194490192345	-0.9807852804032305
3.9269908169872414	2.356194490192345	-1.0000000000000002
4.123340357836604	2.356194490192345	-0.9807852804032305
4.319689898685965	2.356194490192345	-0.9238795325112871
4.516039439535327	2.356194490192345	-0.8314696123025455
4.71238898038469	2.356194490192345	-0.7071067811865476
4.908738521234052	2.356194490192345	-0.5555702330196022
5.105088062083414	2.356194490192345	-0.38268343236508945
5.301437602932776	2.356194490192345	-0.19509032201612858
5.497787143782138	2.356194490192345	-1.2246467991473532E-16
5.6941366846315	2.356194490192345	0.19509032201612836
5.890486225480862	2.356194490192345	0.3826834323650892
6.086835766330224	2.356194490192345	0.555570233019602
6.283185307179586	2.356194490192345	0.7071067811865474

0.0	2.552544031041707	0.512016459170419
0.19634954084936207	2.552544031041707	0.6363792902864168
0.39269908169872414	2.552544031041707	0.728789210495158
0.5890486225480862	2.552544031041707	0.7856949583871018
0.7853981633974483	2.552544031041707	0.8049096779838714
0.9817477042468103	2.552544031041707	0.7856949583871017
1.1780972450961724	2.552544031041707	0.7287892104951579
1.3744467859455345	2.552544031041707	0.6363792902864166
1.5707963267948966	2.552544031041707	0.5120164591704188
1.7671458676442586	2.552544031041707	0.3604799110034733
1.9634954084936207	2.552544031041707	0.18759311034896106
2.1598449493429825	2.552544031041707	-2.498001805406602E-16
2.356194490192345	2.552544031041707	-0.19509032201612872
2.552544031041707	2.552544031041707	-0.3901806440322572
2.748893571891069	2.552544031041707	-0.5777737543812185
2.945243112740431	2.552544031041707	-0.7506605550357308
3.141592653589793	2.552544031041707	-0.9021971032026762
3.3379421944391554	2.552544031041707	-1.026559934318674
3.5342917352885173	2.552544031041707	-1.1189698545274154
3.730641276137879	2.552544031041707	-1.175875602419359
3.9269908169872414	2.552544031041707	-1.1950903220161286
4.123340357836604	2.552544031041707	-1.175875602419359
4.319689898685965	2.552544031041707	-1.1189698545274156
4.516039439535327	2.552544031041707	-1.026559934318674
4.71238898038469	2.552544031041707	-0.9021971032026761
4.908738521234052	2.552544031041707	-0.7506605550357307
5.105088062083414	2.552544031041707	-0.5777737543812179
5.301437602932776	2.552544031041707	-0.39018064403225705
5.497787143782138	2.552544031041707	-0.1950903220161286
5.6941366846315	2.552544031041707	-1.3877787807814457E-16
5.890486225480862	2.552544031041707	0.18759311034896073
6.086835766330224	2.552544031041707	0.36047991100347343
6.283185307179586	2.552544031041707	0.5120164591704188

0.0	2.748893571891069	0.3244233488214578
0.19634954084936207	2.748893571891069	0.44878617993745556
0.39269908169872414	2.748893571891069	0.5411961001461967
0.5890486225480862	2.748893571891069	0.5981018480381406
0.7853981633974483	2.748893571891069	0.6173165676349102
0.9817477042468103	2.748893571891069	0.5981018480381404
1.1780972450961724	2.748893571891069	0.5411961001461967
1.3744467859455345	2.748893571891069	0.44878617993745534
1.5707963267948966	2.748893571891069	0.32442334882145757
1.7671458676442586	2.748893571891069	0.17288680065451206
1.9634954084936207	2.748893571891069	-2.220446049250313E-16
2.1598449493429825	2.748893571891069	-0.18759311034896153
2.356194490192345	2.748893571891069	-0.38268343236509
2.552544031041707	2.748893571891069	-0.5777737543812185
2.748893571891069	2.748893571891069	-0.7653668647301798
2.945243112740431	2.748893571891069	-0.938253665384692
3.141592653589793	2.748893571891069	-1.0897902135516375
3.3379421944391554	2.748893571891069	-1.2141530446676354
3.5342917352885173	2.748893571891069	-1.3065629648763766
3.730641276137879	2.748893571891069	-1.3634687127683203
3.9269908169872414	2.748893571891069	-1.3826834323650898
4.123340357836604	2.748893571891069	-1.3634687127683203
4.319689898685965	2.748893571891069	-1.3065629648763768
4.516039439535327	2.748893571891069	-1.2141530446676352
4.71238898038469	2.748893571891069	-1.0897902135516373
4.908738521234052	2.748893571891069	-0.938253665384692
5.105088062083414	2.748893571891069	-0.7653668647301792
5.301437602932776	2.748893571891069	-0.5777737543812184
5.497787143782138	2.748893571891069	-0.3826834323650899
5.6941366846315	2.748893571891069	-0.18759311034896142
5.890486225480862	2.748893571891069	-5.551115123125783E-16
6.086835766330224	2.748893571891069	0.17288680065451217
6.283185307179586	2.748893571891069	0.32442334882145757

0.0	2.945243112740431	0.1515365481669455
0.19634954084936207	2.945243112740431	0.2758993792829433
0.39269908169872414	2.945243112740431	0.36830929949168445
0.5890486225480862	2.945243112740431	0.42521504738362825
0.7853981633974483	2.945243112740431	0.4444297669803978
0.9817477042468103	2.945243112740431	0.42521504738362814
1.1780972450961724	2.945243112740431	0.36830929949168434
1.3744467859455345	2.945243112740431	0.27589937928294306
1.5707963267948966	2.945243112740431	0.15153654816694528
1.7671458676442586	2.945243112740431	-2.220446049250313E-16
1.9634954084936207	2.945243112740431	-0.1728868006545125
2.1598449493429825	2.945243112740431	-0.3604799110034738
2.356194490192345	2.945243112740431	-0.5555702330196023
2.552544031041707	2.945243112740431	-0.7506605550357308
2.748893571891069	2.945243112740431	-0.938253665384692
2.945243112740431	2.945243112740431	-1.1111404660392044
3.141592653589793	2.945243112740431	-1.2626770142061496
3.3379421944391554	2.945243112740431	-1.3870398453221475
3.5342917352885173	2.945243112740431	-1.479449765530889
3.730641276137879	2.945243112740431	-1.5363555134228326
3.9269908169872414	2.945243112740431	-1.5555702330196022
4.123340357836604	2.945243112740431	-1.5363555134228326
4.319689898685965	2.945243112740431	-1.4794497655308891
4.516039439535327	2.945243112740431	-1.3870398453221475
4.71238898038469	2.945243112740431	-1.2626770142061496
4.908738521234052	2.945243112740431	-1.1111404660392044
5.105088062083414	2.945243112740431	-0.9382536653846916
5.301437602932776	2.945243112740431	-0.7506605550357306
5.497787143782138	2.945243112740431	-0.5555702330196022
5.6941366846315	2.945243112740431	-0.3604799110034737
5.890486225480862	2.945243112740431	-0.17288680065451284
6.086835766330224	2.945243112740431	-1.1102230246251565E-16
6.283185307179586	2.945243112740431	0.15153654816694528

0.0	3.141592653589793	1.1102230246251565E-16
0.19634954084936207	3.141592653589793	0.12436283111599788
0.39269908169872414	3.141592653589793	0.21677275132473905
0.5890486225480862	3.141592653589793	0.27367849921668286
0.7853981633974483	3.141592653589793	0.2928932188134524
0.9817477042468103	3.141592653589793	0.27367849921668275
1.1780972450961724	3.141592653589793	0.21677275132473894
1.3744467859455345	3.141592653589793	0.12436283111599766
1.5707963267948966	3.141592653589793	-1.1102230246251565E-16
1.7671458676442586	3.141592653589793	-0.15153654816694562
1.9634954084936207	3.141592653589793	-0.3244233488214579
2.1598449493429825	3.141592653589793	-0.5120164591704193
2.356194490192345	3.141592653589793	-0.7071067811865477
2.552544031041707	3.141592653589793	-0.9021971032026762
2.748893571891069	3.141592653589793	-1.0897902135516375
2.945243112740431	3.141592653589793	-1.2626770142061496
3.141592653589793	3.141592653589793	-1.4142135623730951
3.3379421944391554	3.141592653589793	-1.538576393489093
3.5342917352885173	3.141592653589793	-1.6309863136978344
3.730641276137879	3.141592653589793	-1.687892061589778
3.9269908169872414	3.141592653589793	-1.7071067811865475
4.123340357836604	3.141592653589793	-1.687892061589778
4.319689898685965	3.141592653589793	-1.6309863136978344
4.516039439535327	3.141592653589793	-1.5385763934890928
4.71238898038469	3.141592653589793	-1.414213562373095
4.908738521234052	3.141592653589793	-1.2626770142061496
5.105088062083414	3.141592653589793	-1.0897902135516369
5.301437602932776	3.141592653589793	-0.9021971032026761
5.497787143782138	3.141592653589793	-0.7071067811865476
5.6941366846315	3.141592653589793	-0.512016459170419
5.890486225480862	3.141592653589793	-0.32442334882145824
6.086835766330224	3.141592653589793	-0.1515365481669455
6.283185307179586	3.141592653589793	-1.1102230246251565E-16

0.0	3.3379421944391554	-0.12436283111599777
0.19634954084936207	3.3379421944391554	0.0
0.39269908169872414	3.3379421944391554	0.09240992020874117
0.5890486225480862	3.3379421944391554	0.14931566810068497
0.7853981633974483	3.3379421944391554	0.16853038769745454
0.9817477042468103	3.3379421944391554	0.14931566810068486
1.1780972450961724	3.3379421944391554	0.09240992020874106
1.3744467859455345	3.3379421944391554	-2.220446049250313E-16
1.5707963267948966	3.3379421944391554	-0.124362831115998
1.7671458676442586	3.3379421944391554	-0.2758993792829435
1.9634954084936207	3.3379421944391554	-0.4487861799374558
2.1598449493429825	3.3379421944391554	-0.6363792902864172
2.356194490192345	3.3379421944391554	-0.8314696123025456
2.552544031041707	3.3379421944391554	-1.026559934318674
2.748893571891069	3.3379421944391554	-1.2141530446676354
2.945243112740431	3.3379421944391554	-1.3870398453221475
3.141592653589793	3.3379421944391554	-1.538576393489093
3.3379421944391554	3.3379421944391554	-1.662939224605091
3.5342917352885173	3.3379421944391554	-1.7553491448138323
3.730641276137879	3.3379421944391554	-1.8122548927057758
3.9269908169872414	3.3379421944391554	-1.8314696123025453
4.123340357836604	3.3379421944391554	-1.8122548927057758
4.319689898685965	3.3379421944391554	-1.7553491448138323
4.516039439535327	3.3379421944391554	-1.6629392246050907
4.71238898038469	3.3379421944391554	-1.5385763934890928
4.908738521234052	3.3379421944391554	-1.3870398453221475
5.105088062083414	3.3379421944391554	-1.2141530446676347
5.301437602932776	3.3379421944391554	-1.026559934318674
5.497787143782138	3.3379421944391554	-0.8314696123025455
5.6941366846315	3.3379421944391554	-0.6363792902864169
5.890486225480862	3.3379421944391554	-0.4487861799374561
6.086835766330224	3.3379421944391554	-0.2758993792829434
6.283185307179586	3.3379421944391554	-0.124362831115998

0.0	3.5342917352885173	-0.21677275132473905
0.19634954084936207	3.5342917352885173	-0.09240992020874128
0.39269908169872414	3.5342917352885173	-1.1102230246251565E-16
0.5890486225480862	3.5342917352885173	0.05690574789194369
0.7853981633974483	3.5342917352885173	0.07612046748871326
0.9817477042468103	3.5342917352885173	0.05690574789194358
1.1780972450961724	3.5342917352885173	-2.220446049250313E-16
1.3744467859455345	3.5342917352885173	-0.0924099202087415
1.5707963267948966	3.5342917352885173	-0.21677275132473928
1.7671458676442586	3.5342917352885173	-0.3683092994916848
1.9634954084936207	3.5342917352885173	-0.5411961001461971
2.1598449493429825	3.5342917352885173	-0.7287892104951583
2.356194490192345	3.5342917352885173	-0.9238795325112868
2.552544031041707	3.5342917352885173	-1.1189698545274154
2.748893571891069	3.5342917352885173	-1.3065629648763766
2.945243112740431	3.5342917352885173	-1.479449765530889
3.141592653589793	3.5342917352885173	-1.6309863136978344
3.3379421944391554	3.5342917352885173	-1.7553491448138323
3.5342917352885173	3.5342917352885173	-1.8477590650225735
3.730641276137879	3.5342917352885173	-1.9046648129145172
3.9269908169872414	3.5342917352885173	-1.9238795325112867
4.123340357836604	3.5342917352885173	-1.9046648129145172
4.319689898685965	3.5342917352885173	-1.8477590650225737
4.516039439535327	3.5342917352885173	-1.755349144813832
4.71238898038469	3.5342917352885173	-1.6309863136978342
4.908738521234052	3.5342917352885173	-1.4794497655308887
5.105088062083414	3.5342917352885173	-1.3065629648763761
5.301437602932776	3.5342917352885173	-1.1189698545274152
5.497787143782138	3.5342917352885173	-0.9238795325112867
5.6941366846315	3.5342917352885173	-0.7287892104951583
5.890486225480862	3.5342917352885173	-0.5411961001461973
6.086835766330224	3.5342917352885173	-0.36830929949168467
6.283185307179586	3.5342917352885173	-0.21677275132473928

0.0	3.730641276137879	-0.27367849921668275
0.19634954084936207	3.730641276137879	-0.14931566810068497
0.39269908169872414	3.730641276137879	-0.0569057478919438
0.5890486225480862	3.730641276137879	0.0
0.7853981633974483	3.730641276137879	0.01921471959676957
0.9817477042468103	3.730641276137879	-1.1102230246251565E-16
1.1780972450961724	3.730641276137879	-0.056905747891943914
1.3744467859455345	3.730641276137879	-0.1493156681006852
1.5707963267948966	3.730641276137879	-0.27367849921668297
1.7671458676442586	3.730641276137879	-0.4252150473836285
1.9634954084936207	3.730641276137879	-0.5981018480381408
2.1598449493429825	3.730641276137879	-0.785694958387102
2.356194490192345	3.730641276137879	-0.9807852804032305
2.552544031041707	3.730641276137879	-1.175875602419359
2.748893571891069	3.730641276137879	-1.3634687127683203
2.945243112740431	3.730641276137879	-1.5363555134228326
3.141592653589793	3.730641276137879	-1.687892061589778
3.3379421944391554	3.730641276137879	-1.8122548927057758
3.5342917352885173	3.730641276137879	-1.9046648129145172
3.730641276137879	3.730641276137879	-1.9615705608064609
3.9269908169872414	3.730641276137879	-1.9807852804032304
4.123340357836604	3.730641276137879	-1.9615705608064609
4.319689898685965	3.730641276137879	-1.9046648129145174
4.516039439535327	3.730641276137879	-1.8122548927057758
4.71238898038469	3.730641276137879	-1.687892061589778
4.908738521234052	3.730641276137879	-1.5363555134228326
5.105088062083414	3.730641276137879	-1.3634687127683198
5.301437602932776	3.730641276137879	-1.1758756024193588
5.497787143782138	3.730641276137879	-0.9807852804032304
5.6941366846315	3.730641276137879	-0.785694958387102
5.890486225480862	3.730641276137879	-0.598101848038141
6.086835766330224	3.730641276137879	-0.42521504738362836
6.283185307179586	3.730641276137879	-0.27367849921668297

0.0	3.9269908169872414	-0.2928932188134523
0.19634954084936207	3.9269908169872414	-0.16853038769745454
0.39269908169872414	3.9269908169872414	-0.07612046748871337
0.5890486225480862	3.9269908169872414	-0.01921471959676957
0.7853981633974483	3.9269908169872414	0.0
0.9817477042468103	3.9269908169872414	-0.01921471959676968
1.1780972450961724	3.9269908169872414	-0.07612046748871348
1.3744467859455345	3.9269908169872414	-0.16853038769745476
1.5707963267948966	3.9269908169872414	-0.29289321881345254
1.7671458676442586	3.9269908169872414	-0.44442976698039804
1.9634954084936207	3.9269908169872414	-0.6173165676349104
2.1598449493429825	3.9269908169872414	-0.8049096779838716
2.356194490192345	3.9269908169872414	-1.0000000000000002
2.552544031041707	3.9269908169872414	-1.1950903220161286
2.748893571891069	3.9269908169872414	-1.3826834323650898
2.945243112740431	3.9269908169872414	-1.5555702330196022
3.141592653589793	3.9269908169872414	-1.7071067811865475
3.3379421944391554	3.9269908169872414	-1.8314696123025453
3.5342917352885173	3.9269908169872414	-1.9238795325112867
3.730641276137879	3.9269908169872414	-1.9807852804032304
3.9269908169872414	3.9269908169872414	-2.0
4.123340357836604	3.9269908169872414	-1.9807852804032304
4.319689898685965	3.9269908169872414	-1.923879532511287
4.516039439535327	3.9269908169872414	-1.8314696123025453
4.71238898038469	3.9269908169872414	-1.7071067811865475
4.908738521234052	3.9269908169872414	-1.5555702330196022
5.105088062083414	3.9269908169872414	-1.3826834323650894
5.301437602932776	3.9269908169872414	-1.1950903220161284
5.497787143782138	3.9269908169872414	-1.0
5.6941366846315	3.9269908169872414	-0.8049096779838716
5.890486225480862	3.9269908169872414	-0.6173165676349106
6.086835766330224	3.9269908169872414	-0.44442976698039793
6.283185307179586	3.9269908169872414	-0.29289321881345254

0.0	4.123340357836604	-0.27367849921668275
0.19634954084936207	4.123340357836604	-0.14931566810068497
0.39269908169872414	4.123340357836604	-0.0569057478919438
0.5890486225480862	4.123340357836604	0.0
0.7853981633974483	4.123340357836604	0.01921471959676957
0.9817477042468103	4.123340357836604	-1.1102230246251565E-16
1.1780972450961724	4.123340357836604	-0.056905747891943914
1.3744467859455345	4.123340357836604	-0.1493156681006852
1.5707963267948966	4.123340357836604	-0.27367849921668297
1.7671458676442586	4.123340357836604	-0.4252150473836285
1.9634954084936207	4.123340357836604	-0.5981018480381408
2.1598449493429825	4.123340357836604	-0.785694958387102
2.356194490192345	4.123340357836604	-0.9807852804032305
2.552544031041707	4.123340357836604	-1.175875602419359
2.748893571891069	4.123340357836604	-1.3634687127683203
2.945243112740431	4.123340357836604	-1.5363555134228326
3.141592653589793	4.123340357836604	-1.687892061589778
3.3379421944391554	4.123340357836604	-1.8122548927057758
3.5342917352885173	4.123340357836604	-1.9046648129145172
3.730641276137879	4.123340357836604	-1.9615705608064609
3.9269908169872414	4.123340357836604	-1.9807852804032304
4.123340357836604	4.123340357836604	-1.9615705608064609
4.319689898685965	4.123340357836604	-1.9046648129145174
4.516039439535327	4.123340357836604	-1.8122548927057758
4.71238898038469	4.123340357836604	-1.687892061589778
4.908738521234052	4.123340357836604	-1.5363555134228326
5.105088062083414	4.123340357836604	-1.3634687127683198
5.301437602932776	4.123340357836604	-1.1758756024193588
5.497787143782138	4.123340357836604	-0.9807852804032304
5.6941366846315	4.123340357836604	-0.785694958387102
5.890486225480862	4.123340357836604	-0.598101848038141
6.086835766330224	4.123340357836604	-0.42521504738362836
6.283185307179586	4.123340357836604	-0.27367849921668297

0.0	4.319689898685965	-0.21677275132473928
0.19634954084936207	4.319689898685965	-0.0924099202087415
0.39269908169872414	4.319689898685965	-3.3306690738754696E-16
0.5890486225480862	4.319689898685965	0.05690574789194347
0.7853981633974483	4.319689898685965	0.07612046748871304
0.9817477042468103	4.319689898685965	0.05690574789194336
1.1780972450961724	4.319689898685965	-4.440892098500626E-16
1.3744467859455345	4.319689898685965	-0.09240992020874172
1.5707963267948966	4.319689898685965	-0.2167727513247395
1.7671458676442586	4.319689898685965	-0.368309299491685
1.9634954084936207	4.319689898685965	-0.5411961001461973
2.1598449493429825	4.319689898685965	-0.7287892104951585
2.356194490192345	4.319689898685965	-0.9238795325112871
2.552544031041707	4.319689898685965	-1.1189698545274156
2.748893571891069	4.319689898685965	-1.3065629648763768
2.945243112740431	4.319689898685965	-1.4794497655308891
3.141592653589793	4.319689898685965	-1.6309863136978344
3.3379421944391554	4.319689898685965	-1.7553491448138323
3.5342917352885173	4.319689898685965	-1.8477590650225737
3.730641276137879	4.319689898685965	-1.9046648129145174
3.9269908169872414	4.319689898685965	-1.923879532511287
4.123340357836604	4.319689898685965	-1.9046648129145174
4.319689898685965	4.319689898685965	-1.847759065022574
4.516039439535327	4.319689898685965	-1.7553491448138323
4.71238898038469	4.319689898685965	-1.6309863136978344
4.908738521234052	4.319689898685965	-1.4794497655308891
5.105088062083414	4.319689898685965	-1.3065629648763764
5.301437602932776	4.319689898685965	-1.1189698545274154
5.497787143782138	4.319689898685965	-0.923879532511287
5.6941366846315	4.319689898685965	-0.7287892104951585
5.890486225480862	4.319689898685965	-0.5411961001461976
6.086835766330224	4.319689898685965	-0.3683092994916849
6.283185307179586	4.319689898685965	-0.2167727513247395

0.0	4.516039439535327	-0.12436283111599766
0.19634954084936207	4.516039439535327	1.1102230246251565E-16
0.39269908169872414	4.516039439535327	0.09240992020874128
0.5890486225480862	4.516039439535327	0.14931566810068508
0.7853981633974483	4.516039439535327	0.16853038769745465
0.9817477042468103	4.516039439535327	0.14931566810068497
1.1780972450961724	4.516039439535327	0.09240992020874117
1.3744467859455345	4.516039439535327	-1.1102230246251565E-16
1.5707963267948966	4.516039439535327	-0.12436283111599788
1.7671458676442586	4.516039439535327	-0.2758993792829434
1.9634954084936207	4.516039439535327	-0.4487861799374557
2.1598449493429825	4.516039439535327	-0.6363792902864169
2.356194490192345	4.516039439535327	-0.8314696123025455
2.552544031041707	4.516039439535327	-1.026559934318674
2.748893571891069	4.516039439535327	-1.2141530446676352
2.945243112740431	4.516039439535327	-1.3870398453221475
3.141592653589793	4.516039439535327	-1.5385763934890928
3.3379421944391554	4.516039439535327	-1.6629392246050907
3.5342917352885173	4.516039439535327	-1.755349144813832
3.730641276137879	4.516039439535327	-1.8122548927057758
3.9269908169872414	4.516039439535327	-1.8314696123025453
4.123340357836604	4.516039439535327	-1.8122548927057758
4.319689898685965	4.516039439535327	-1.7553491448138323
4.516039439535327	4.516039439535327	-1.6629392246050907
4.71238898038469	4.516039439535327	-1.5385763934890928
4.908738521234052	4.516039439535327	-1.3870398453221475
5.105088062083414	4.516039439535327	-1.2141530446676347
5.301437602932776	4.516039439535327	-1.0265599343186738
5.497787143782138	4.516039439535327	-0.8314696123025453
5.6941366846315	4.516039439535327	-0.6363792902864169
5.890486225480862	4.516039439535327	-0.448786179937456
6.086835766330224	4.516039439535327	-0.2758993792829433
6.283185307179586	4.516039439535327	-0.12436283111599788

0.0	4.71238898038469	2.220446049250313E-16
0.19634954084936207	4.71238898038469	0.124362831115998
0.39269908169872414	4.71238898038469	0.21677275132473917
0.5890486225480862	4.71238898038469	0.27367849921668297
0.7853981633974483	4.71238898038469	0.29289321881345254
0.9817477042468103	4.71238898038469	0.27367849921668286
1.1780972450961724	4.71238898038469	0.21677275132473905
1.3744467859455345	4.71238898038469	0.12436283111599777
1.5707963267948966	4.71238898038469	0.0
1.7671458676442586	4.71238898038469	-0.1515365481669455
1.9634954084936207	4.71238898038469	-0.3244233488214578
2.1598449493429825	4.71238898038469	-0.512016459170419
2.356194490192345	4.71238898038469	-0.7071067811865476
2.552544031041707	4.71238898038469	-0.9021971032026761
2.748893571891069	4.71238898038469	-1.0897902135516373
2.945243112740431	4.71238898038469	-1.2626770142061496
3.141592653589793	4.71238898038469	-1.414213562373095
3.3379421944391554	4.71238898038469	-1.5385763934890928
3.5342917352885173	4.71238898038469	-1.6309863136978342
3.730641276137879	4.71238898038469	-1.687892061589778
3.9269908169872414	4.71238898038469	-1.7071067811865475
4.123340357836604	4.71238898038469	-1.687892061589778
4.319689898685965	4.71238898038469	-1.6309863136978344
4.516039439535327	4.71238898038469	-1.5385763934890928
4.71238898038469	4.71238898038469	-1.414213562373095
4.908738521234052	4.71238898038469	-1.2626770142061496
5.105088062083414	4.71238898038469	-1.0897902135516369
5.301437602932776	4.71238898038469	-0.9021971032026759
5.497787143782138	4.71238898038469	-0.7071067811865475
5.6941366846315	4.71238898038469	-0.512016459170419
5.890486225480862	4.71238898038469	-0.3244233488214581
6.086835766330224	4.71238898038469	-0.1515365481669454
6.283185307179586	4.71238898038469	0.0

0.0	4.908738521234052	0.15153654816694562
0.19634954084936207	4.908738521234052	0.2758993792829434
0.39269908169872414	4.908738521234052	0.36830929949168456
0.5890486225480862	4.908738521234052	0.42521504738362836
0.7853981633974483	4.908738521234052	0.44442976698039793
0.9817477042468103	4.908738521234052	0.42521504738362825
1.1780972450961724	4.908738521234052	0.36830929949168445
1.3744467859455345	4.908738521234052	0.27589937928294317
1.5707963267948966	4.908738521234052	0.1515365481669454
1.7671458676442586	4.908738521234052	-1.1102230246251565E-16
1.9634954084936207	4.908738521234052	-0.1728868006545124
2.1598449493429825	4.908738521234052	-0.3604799110034737
2.356194490192345	4.908738521234052	-0.5555702330196022
2.552544031041707	4.908738521234052	-0.7506605550357307
2.748893571891069	4.908738521234052	-0.938253665384692
2.945243112740431	4.908738521234052	-1.1111404660392044
3.141592653589793	4.908738521234052	-1.2626770142061496
3.3379421944391554	4.908738521234052	-1.3870398453221475
3.5342917352885173	4.908738521234052	-1.4794497655308887
3.730641276137879	4.908738521234052	-1.5363555134228326
3.9269908169872414	4.908738521234052	-1.5555702330196022
4.123340357836604	4.908738521234052	-1.5363555134228326
4.319689898685965	4.908738521234052	-1.4794497655308891
4.516039439535327	4.908738521234052	-1.3870398453221475
4.71238898038469	4.908738521234052	-1.2626770142061496
4.908738521234052	4.908738521234052	-1.1111404660392041
5.105088062083414	4.908738521234052	-0.9382536653846913
5.301437602932776	4.908738521234052	-0.7506605550357306
5.497787143782138	4.908738521234052	-0.5555702330196021
5.6941366846315	4.908738521234052	-0.3604799110034736
5.890486225480862	4.908738521234052	-0.17288680065451273
6.086835766330224	4.908738521234052	0.0
6.283185307179586	4.908738521234052	0.1515365481669454

0.0	5.105088062083414	0.32442334882145835
0.19634954084936207	5.105088062083414	0.4487861799374561
0.39269908169872414	5.105088062083414	0.5411961001461973
0.5890486225480862	5.105088062083414	0.598101848038141
0.7853981633974483	5.105088062083414	0.6173165676349106
0.9817477042468103	5.105088062083414	0.598101848038141
1.1780972450961724	5.105088062083414	0.5411961001461971
1.3744467859455345	5.105088062083414	0.4487861799374559
1.5707963267948966	5.105088062083414	0.3244233488214581
1.7671458676442586	5.105088062083414	0.17288680065451262
1.9634954084936207	5.105088062083414	3.3306690738754696E-16
2.1598449493429825	5.105088062083414	-0.18759311034896098
2.356194490192345	5.105088062083414	-0.38268343236508945
2.552544031041707	5.105088062083414	-0.5777737543812179
2.748893571891069	5.105088062083414	-0.7653668647301792
2.945243112740431	5.105088062083414	-0.9382536653846916
3.141592653589793	5.105088062083414	-1.0897902135516369
3.3379421944391554	5.105088062083414	-1.2141530446676347
3.5342917352885173	5.105088062083414	-1.3065629648763761
3.730641276137879	5.105088062083414	-1.3634687127683198
3.9269908169872414	5.105088062083414	-1.3826834323650894
4.123340357836604	5.105088062083414	-1.3634687127683198
4.319689898685965	5.105088062083414	-1.3065629648763764
4.516039439535327	5.105088062083414	-1.2141530446676347
4.71238898038469	5.105088062083414	-1.0897902135516369
4.908738521234052	5.105088062083414	-0.9382536653846913
5.105088062083414	5.105088062083414	-0.7653668647301787
5.301437602932776	5.105088062083414	-0.5777737543812178
5.497787143782138	5.105088062083414	-0.38268343236508934
5.6941366846315	5.105088062083414	-0.18759311034896087
5.890486225480862	5.105088062083414	0.0
6.086835766330224	5.105088062083414	0.17288680065451273
6.283185307179586	5.105088062083414	0.3244233488214581

0.0	5.301437602932776	0.5120164591704193
0.19634954084936207	5.301437602932776	0.6363792902864169
0.39269908169872414	5.301437602932776	0.7287892104951581
0.5890486225480862	5.301437602932776	0.785694958387102
0.7853981633974483	5.301437602932776	0.8049096779838716
0.9817477042468103	5.301437602932776	0.7856949583871018
1.1780972450961724	5.301437602932776	0.7287892104951581
1.3744467859455345	5.301437602932776	0.6363792902864167
1.5707963267948966	5.301437602932776	0.512016459170419
1.7671458676442586	5.301437602932776	0.3604799110034735
1.9634954084936207	5.301437602932776	0.1875931103489612
2.1598449493429825	5.301437602932776	-1.1102230246251565E-16
2.356194490192345	5.301437602932776	-0.19509032201612858
2.552544031041707	5.301437602932776	-0.39018064403225705
2.748893571891069	5.301437602932776	-0.5777737543812184
2.945243112740431	5.301437602932776	-0.7506605550357306
3.141592653589793	5.301437602932776	-0.9021971032026761
3.3379421944391554	5.301437602932776	-1.026559934318674
3.5342917352885173	5.301437602932776	-1.1189698545274152
3.730641276137879	5.301437602932776	-1.1758756024193588
3.9269908169872414	5.301437602932776	-1.1950903220161284
4.123340357836604	5.301437602932776	-1.1758756024193588
4.319689898685965	5.301437602932776	-1.1189698545274154
4.516039439535327	5.301437602932776	-1.0265599343186738
4.71238898038469	5.301437602932776	-0.9021971032026759
4.908738521234052	5.301437602932776	-0.7506605550357306
5.105088062083414	5.301437602932776	-0.5777737543812178
5.301437602932776	5.301437602932776	-0.39018064403225694
5.497787143782138	5.301437602932776	-0.19509032201612847
5.6941366846315	5.301437602932776	0.0
5.890486225480862	5.301437602932776	0.18759311034896087
6.086835766330224	5.301437602932776	0.3604799110034736
6.283185307179586	5.301437602932776	0.512016459170419

0.0	5.497787143782138	0.7071067811865477
0.19634954084936207	5.497787143782138	0.8314696123025455
0.39269908169872414	5.497787143782138	0.9238795325112866
0.5890486225480862	5.497787143782138	0.9807852804032304
0.7853981633974483	5.497787143782138	1.0
0.9817477042468103	5.497787143782138	0.9807852804032303
1.1780972450961724	5.497787143782138	0.9238795325112865
1.3744467859455345	5.497787143782138	0.8314696123025452
1.5707963267948966	5.497787143782138	0.7071067811865475
1.7671458676442586	5.497787143782138	0.555570233019602
1.9634954084936207	5.497787143782138	0.38268343236508967
2.1598449493429825	5.497787143782138	0.19509032201612836
2.356194490192345	5.497787143782138	-1.2246467991473532E-16
2.552544031041707	5.497787143782138	-0.1950903220161286
2.748893571891069	5.497787143782138	-0.3826834323650899
2.945243112740431	5.497787143782138	-0.5555702330196022
3.141592653589793	5.497787143782138	-0.7071067811865476
3.3379421944391554	5.497787143782138	-0.8314696123025455
3.5342917352885173	5.497787143782138	-0.9238795325112867
3.730641276137879	5.497787143782138	-0.9807852804032304
3.9269908169872414	5.497787143782138	-1.0
4.123340357836604	5.497787143782138	-0.9807852804032304
4.319689898685965	5.497787143782138	-0.923879532511287
4.516039439535327	5.497787143782138	-0.8314696123025453
4.71238898038469	5.497787143782138	-0.7071067811865475
4.908738521234052	5.497787143782138	-0.5555702330196021
5.105088062083414	5.497787143782138	-0.38268343236508934
5.301437602932776	5.497787143782138	-0.19509032201612847
5.497787143782138	5.497787143782138	0.0
5.6941366846315	5.497787143782138	0.19509032201612847
5.890486225480862	5.497787143782138	0.38268343236508934
6.086835766330224	5.497787143782138	0.5555702330196021
6.283185307179586	5.497787143782138	0.7071067811865475

0.0	5.6941366846315	0.9021971032026761
0.19634954084936207	5.6941366846315	1.026559934318674
0.39269908169872414	5.6941366846315	1.1189698545274152
0.5890486225480862	5.6941366846315	1.1758756024193588
0.7853981633974483	5.6941366846315	1.1950903220161284
0.9817477042468103	5.6941366846315	1.1758756024193588
1.1780972450961724	5.6941366846315	1.118969854527415
1.3744467859455345	5.6941366846315	1.0265599343186738
1.5707963267948966	5.6941366846315	0.9021971032026759
1.7671458676442586	5.6941366846315	0.7506605550357304
1.9634954084936207	5.6941366846315	0.5777737543812181
2.1598449493429825	5.6941366846315	0.39018064403225683
2.356194490192345	5.6941366846315	0.19509032201612836
2.552544031041707	5.6941366846315	-1.3877787807814457E-16
2.748893571891069	5.6941366846315	-0.18759311034896142
2.945243112740431	5.6941366846315	-0.3604799110034737
3.141592653589793	5.6941366846315	-0.512016459170419
3.3379421944391554	5.6941366846315	-0.6363792902864169
3.5342917352885173	5.6941366846315	-0.7287892104951583
3.730641276137879	5.6941366846315	-0.785694958387102
3.9269908169872414	5.6941366846315	-0.8049096779838716
4.123340357836604	5.6941366846315	-0.785694958387102
4.319689898685965	5.6941366846315	-0.7287892104951585
4.516039439535327	5.6941366846315	-0.6363792902864169
4.71238898038469	5.6941366846315	-0.512016459170419
4.908738521234052	5.6941366846315	-0.3604799110034736
5.105088062083414	5.6941366846315	-0.18759311034896087
5.301437602932776	5.6941366846315	0.0
5.497787143782138	5.6941366846315	0.19509032201612847
5.6941366846315	5.6941366846315	0.39018064403225694
5.890486225480862	5.6941366846315	0.5777737543812178
6.086835766330224	5.6941366846315	0.7506605550357306
6.283185307179586	5.6941366846315	0.9021971032026759

0.0	5.890486225480862	1.089790213551637
0.19634954084936207	5.890486225480862	1.2141530446676347
0.39269908169872414	5.890486225480862	1.306562964876376
0.5890486225480862	5.890486225480862	1.3634687127683198
0.7853981633974483	5.890486225480862	1.3826834323650894
0.9817477042468103	5.890486225480862	1.3634687127683196
1.1780972450961724	5.890486225480862	1.306562964876376
1.3744467859455345	5.890486225480862	1.2141530446676345
1.5707963267948966	5.890486225480862	1.0897902135516369
1.7671458676442586	5.890486225480862	0.9382536653846913
1.9634954084936207	5.890486225480862	0.765366864730179
2.1598449493429825	5.890486225480862	0.5777737543812177
2.356194490192345	5.890486225480862	0.3826834323650892
2.552544031041707	5.890486225480862	0.18759311034896073
2.748893571891069	5.890486225480862	-5.551115123125783E-16
2.945243112740431	5.890486225480862	-0.17288680065451284
3.141592653589793	5.890486225480862	-0.32442334882145824
3.3379421944391554	5.890486225480862	-0.4487861799374561
3.5342917352885173	5.890486225480862	-0.5411961001461973
3.730641276137879	5.890486225480862	-0.598101848038141
3.9269908169872414	5.890486225480862	-0.6173165676349106
4.123340357836604	5.890486225480862	-0.598101848038141
4.319689898685965	5.890486225480862	-0.5411961001461976
4.516039439535327	5.890486225480862	-0.448786179937456
4.71238898038469	5.890486225480862	-0.3244233488214581
4.908738521234052	5.890486225480862	-0.17288680065451273
5.105088062083414	5.890486225480862	0.0
5.301437602932776	5.890486225480862	0.18759311034896087
5.497787143782138	5.890486225480862	0.38268343236508934
5.6941366846315	5.890486225480862	0.5777737543812178
5.890486225480862	5.890486225480862	0.7653668647301787
6.086835766330224	5.890486225480862	0.9382536653846913
6.283185307179586	5.890486225480862	1.0897902135516369

0.0	6.086835766330224	1.2626770142061496
0.19634954084936207	6.086835766330224	1.3870398453221475
0.39269908169872414	6.086835766330224	1.4794497655308887
0.5890486225480862	6.086835766330224	1.5363555134228326
0.7853981633974483	6.086835766330224	1.5555702330196022
0.9817477042468103	6.086835766330224	1.5363555134228324
1.1780972450961724	6.086835766330224	1.4794497655308887
1.3744467859455345	6.086835766330224	1.3870398453221473
1.5707963267948966	6.086835766330224	1.2626770142061496
1.7671458676442586	6.086835766330224	1.111140466039204
1.9634954084936207	6.086835766330224	0.9382536653846918
2.1598449493429825	6.086835766330224	0.7506605550357304
2.356194490192345	6.086835766330224	0.555570233019602
2.552544031041707	6.086835766330224	0.36047991100347343
2.748893571891069	6.086835766330224	0.17288680065451217
2.945243112740431	6.086835766330224	-1.1102230246251565E-16
3.141592653589793	6.086835766330224	-0.1515365481669455
3.3379421944391554	6.086835766330224	-0.2758993792829434
3.5342917352885173	6.086835766330224	-0.36830929949168467
3.730641276137879	6.086835766330224	-0.42521504738362836
3.9269908169872414	6.086835766330224	-0.44442976698039793
4.123340357836604	6.086835766330224	-0.42521504738362836
4.319689898685965	6.086835766330224	-0.3683092994916849
4.516039439535327	6.086835766330224	-0.2758993792829433
4.71238898038469	6.086835766330224	-0.1515365481669454
4.908738521234052	6.086835766330224	0.0
5.105088062083414	6.086835766330224	0.17288680065451273
5.301437602932776	6.086835766330224	0.3604799110034736
5.497787143782138	6.086835766330224	0.5555702330196021
5.6941366846315	6.086835766330224	0.7506605550357306
5.890486225480862	6.086835766330224	0.9382536653846913
6.086835766330224	6.086835766330224	1.1111404660392041
6.283185307179586	6.086835766330224	1.2626770142061496

0.0	6.283185307179586	1.4142135623730951
0.19634954084936207	6.283185307179586	1.5385763934890928
0.39269908169872414	6.283185307179586	1.630986313697834
0.5890486225480862	6.283185307179586	1.687892061589778
0.7853981633974483	6.283185307179586	1.7071067811865475
0.9817477042468103	6.283185307179586	1.687892061589778
1.1780972450961724	6.283185307179586	1.630986313697834
1.3744467859455345	6.283185307179586	1.5385763934890928
1.5707963267948966	6.283185307179586	1.414213562373095
1.7671458676442586	6.283185307179586	1.2626770142061494
1.9634954084936207	6.283185307179586	1.089790213551637
2.1598449493429825	6.283185307179586	0.9021971032026759
2.356194490192345	6.283185307179586	0.7071067811865474
2.552544031041707	6.283185307179586	0.5120164591704188
2.748893571891069	6.283185307179586	0.32442334882145757
2.945243112740431	6.283185307179586	0.15153654816694528
3.141592653589793	6.283185307179586	-1.1102230246251565E-16
3.3379421944391554	6.283185307179586	-0.124362831115998
3.5342917352885173	6.283185307179586	-0.21677275132473928
3.730641276137879	6.283185307179586	-0.27367849921668297
3.9269908169872414	6.283185307179586	-0.29289321881345254
4.123340357836604	6.283185307179586	-0.27367849921668297
4.319689898685965	6.283185307179586	-0.2167727513247395
4.516039439535327	6.283185307179586	-0.12436283111599788
4.71238898038469	6.283185307179586	0.0
4.908738521234052	6.283185307179586	0.1515365481669454
5.105088062083414	6.283185307179586	0.3244233488214581
5.301437602932776	6.283185307179586	0.512016459170419
5.497787143782138	6.283185307179586	0.7071067811865475
5.6941366846315	6.283185307179586	0.9021971032026759
5.890486225480862	6.283185307179586	1.0897902135516369
6.086835766330224	6.283185307179586	1.2626770142061496
6.283185307179586	6.283185307179586	1.414213562373095

