0.0	0.0	1.847759065022573
0.19634954084936207	0.0	1.7553491448138314
0.39269908169872414	0.0	1.6309863136978335
0.5890486225480862	0.0	1.4794497655308885
0.7853981633974483	0.0	1.3065629648763757
0.9817477042468103	0.0	1.118969854527414
1.1780972450961724	0.0	0.923879532511286
1.3744467859455345	0.0	0.7287892104951579
1.5707963267948966	0.0	0.5411961001461962
1.7671458676442586	0.0	0.3683092994916837
1.9634954084936207	0.0	0.2167727513247386
2.1598449493429825	0.0	0.09240992020874106
2.356194490192345	0.0	-4.440892098500626E-16
2.552544031041707	0.0	-0.056905747891944025
2.748893571891069	0.0	-0.07612046748871348
2.945243112740431	0.0	-0.056905747891943914
3.141592653589793	0.0	0.0
3.3379421944391554	0.0	0.09240992020874172
3.5342917352885173	0.0	0.21677275132473928
3.730641276137879	0.0	0.36830929949168445
3.9269908169872414	0.0	0.5411961001461971
4.123340357836604	0.0	0.7287892104951589
4.319689898685965	0.0	0.9238795325112865
4.516039439535327	0.0	1.118969854527415
4.71238898038469	0.0	1.3065629648763766
4.908738521234052	0.0	1.4794497655308891
5.105088062083414	0.0	1.6309863136978346
5.301437602932776	0.0	1.7553491448138319
5.497787143782138	0.0	1.8477590650225735
5.6941366846315	0.0	1.904664812914517
5.890486225480862	0.0	1.9238795325112865
6.086835766330224	0.0	1.904664812914517
6.283185307179586	0.0	1.847759065022573

0.0	0.19634954084936207	1.7553491448138314
0.19634954084936207	0.19634954084936207	1.6629392246050896
0.39269908169872414	0.19634954084936207	1.538576393489092
0.5890486225480862	0.19634954084936207	1.3870398453221466
0.7853981633974483	0.19634954084936207	1.214153044667634
0.9817477042468103	0.19634954084936207	1.0265599343186722
1.1780972450961724	0.19634954084936207	0.8314696123025442
1.3744467859455345	0.19634954084936207	0.6363792902864162
1.5707963267948966	0.19634954084936207	0.4487861799374545
1.7671458676442586	0.19634954084936207	0.27589937928294195
1.9634954084936207	0.19634954084936207	0.12436283111599689
2.1598449493429825	0.19634954084936207	-6.661338147750939E-16
2.356194490192345	0.19634954084936207	-0.09240992020874217
2.552544031041707	0.19634954084936207	-0.14931566810068575
2.748893571891069	0.19634954084936207	-0.1685303876974552
2.945243112740431	0.19634954084936207	-0.14931566810068564
3.141592653589793	0.19634954084936207	-0.09240992020874172
3.3379421944391554	0.19634954084936207	0.0
3.5342917352885173	0.19634954084936207	0.12436283111599755
3.730641276137879	0.19634954084936207	0.2758993792829427
3.9269908169872414	0.19634954084936207	0.44878617993745545
4.123340357836604	0.19634954084936207	0.6363792902864172
4.319689898685965	0.19634954084936207	0.8314696123025448
4.516039439535327	0.19634954084936207	1.0265599343186733
4.71238898038469	0.19634954084936207	1.214153044667635
4.908738521234052	0.19634954084936207	1.3870398453221475
5.105088062083414	0.19634954084936207	1.5385763934890928
5.301437602932776	0.19634954084936207	1.6629392246050902
5.497787143782138	0.19634954084936207	1.7553491448138319
5.6941366846315	0.19634954084936207	1.8122548927057753
5.890486225480862	0.19634954084936207	1.831469612302545
6.086835766330224	0.19634954084936207	1.8122548927057753
6.283185307179586	0.19634954084936207	1.7553491448138314

0.0	0.39269908169872414	1.6309863136978335
0.19634954084936207	0.39269908169872414	1.538576393489092
0.39269908169872414	0.39269908169872414	1.4142135623730943
0.5890486225480862	0.39269908169872414	1.2626770142061492
0.7853981633974483	0.39269908169872414	1.0897902135516364
0.9817477042468103	0.39269908169872414	0.9021971032026747
1.1780972450961724	0.39269908169872414	0.7071067811865466
1.3744467859455345	0.39269908169872414	0.5120164591704185
1.5707963267948966	0.39269908169872414	0.32442334882145685
1.7671458676442586	0.39269908169872414	0.15153654816694428
1.9634954084936207	0.39269908169872414	-7.771561172376096E-16
2.1598449493429825	0.39269908169872414	-0.12436283111599833
2.356194490192345	0.39269908169872414	-0.21677275132473983
2.552544031041707	0.39269908169872414	-0.2736784992166834
2.748893571891069	0.39269908169872414	-0.29289321881345287
2.945243112740431	0.39269908169872414	-0.2736784992166833
3.141592653589793	0.39269908169872414	-0.2167727513247394
3.3379421944391554	0.39269908169872414	-0.12436283111599766
3.5342917352885173	0.39269908169872414	-1.1102230246251565E-16
3.730641276137879	0.39269908169872414	0.15153654816694506
3.9269908169872414	0.39269908169872414	0.3244233488214578
4.123340357836604	0.39269908169872414	0.5120164591704195
4.319689898685965	0.39269908169872414	0.7071067811865471
4.516039439535327	0.39269908169872414	0.9021971032026757
4.71238898038469	0.39269908169872414	1.0897902135516373
4.908738521234052	0.39269908169872414	1.2626770142061499
5.105088062083414	0.39269908169872414	1.4142135623730954
5.301437602932776	0.39269908169872414	1.5385763934890924
5.497787143782138	0.39269908169872414	1.630986313697834
5.6941366846315	0.39269908169872414	1.6878920615897777
5.890486225480862	0.39269908169872414	1.707106781186547
6.086835766330224	0.39269908169872414	1.6878920615897774
6.283185307179586	0.39269908169872414	1.6309863136978338

0.0	0.5890486225480862	1.4794497655308885
0.19634954084936207	0.5890486225480862	1.3870398453221466
0.39269908169872414	0.5890486225480862	1.2626770142061492
0.5890486225480862	0.5890486225480862	1.111140466039204
0.7853981633974483	0.5890486225480862	0.9382536653846911
0.9817477042468103	0.5890486225480862	0.7506605550357295
1.1780972450961724	0.5890486225480862	0.5555702330196014
1.3744467859455345	0.5890486225480862	0.3604799110034733
1.5707963267948966	0.5890486225480862	0.17288680065451167
1.7671458676442586	0.5890486225480862	-8.881784197001252E-16
1.9634954084936207	0.5890486225480862	-0.15153654816694595
2.1598449493429825	0.5890486225480862	-0.2758993792829435
2.356194490192345	0.5890486225480862	-0.368309299491685
2.552544031041707	0.5890486225480862	-0.4252150473836286
2.748893571891069	0.5890486225480862	-0.44442976698039804
2.945243112740431	0.5890486225480862	-0.4252150473836285
3.141592653589793	0.5890486225480862	-0.36830929949168456
3.3379421944391554	0.5890486225480862	-0.27589937928294284
3.5342917352885173	0.5890486225480862	-0.15153654816694528
3.730641276137879	0.5890486225480862	-1.1102230246251565E-16
3.9269908169872414	0.5890486225480862	0.17288680065451262
4.123340357836604	0.5890486225480862	0.3604799110034743
4.319689898685965	0.5890486225480862	0.555570233019602
4.516039439535327	0.5890486225480862	0.7506605550357304
4.71238898038469	0.5890486225480862	0.9382536653846921
4.908738521234052	0.5890486225480862	1.1111404660392048
5.105088062083414	0.5890486225480862	1.26267701420615
5.301437602932776	0.5890486225480862	1.3870398453221473
5.497787143782138	0.5890486225480862	1.479449765530889
5.6941366846315	0.5890486225480862	1.5363555134228326
5.890486225480862	0.5890486225480862	1.555570233019602
6.086835766330224	0.5890486225480862	1.5363555134228324
6.283185307179586	0.5890486225480862	1.4794497655308887

0.0	0.7853981633974483	1.3065629648763757
0.19634954084936207	0.7853981633974483	1.214153044667634
0.39269908169872414	0.7853981633974483	1.0897902135516364
0.5890486225480862	0.7853981633974483	0.9382536653846911
0.7853981633974483	0.7853981633974483	0.7653668647301785
0.9817477042468103	0.7853981633974483	0.5777737543812167
1.1780972450961724	0.7853981633974483	0.38268343236508867
1.3744467859455345	0.7853981633974483	0.18759311034896062
1.5707963267948966	0.7853981633974483	-1.0547118733938987E-15
1.7671458676442586	0.7853981633974483	-0.17288680065451362
1.9634954084936207	0.7853981633974483	-0.3244233488214587
2.1598449493429825	0.7853981633974483	-0.44878617993745623
2.356194490192345	0.7853981633974483	-0.5411961001461978
2.552544031041707	0.7853981633974483	-0.5981018480381413
2.748893571891069	0.7853981633974483	-0.6173165676349108
2.945243112740431	0.7853981633974483	-0.5981018480381413
3.141592653589793	0.7853981633974483	-0.5411961001461973
3.3379421944391554	0.7853981633974483	-0.44878617993745556
3.5342917352885173	0.7853981633974483	-0.324423348821458
3.730641276137879	0.7853981633974483	-0.17288680065451284
3.9269908169872414	0.7853981633974483	-1.1102230246251565E-16
4.123340357836604	0.7853981633974483	0.18759311034896162
4.319689898685965	0.7853981633974483	0.3826834323650892
4.516039439535327	0.7853981633974483	0.5777737543812177
4.71238898038469	0.7853981633974483	0.7653668647301795
4.908738521234052	0.7853981633974483	0.938253665384692
5.105088062083414	0.7853981633974483	1.0897902135516373
5.301437602932776	0.7853981633974483	1.2141530446676345
5.497787143782138	0.7853981633974483	1.3065629648763761
5.6941366846315	0.7853981633974483	1.3634687127683198
5.890486225480862	0.7853981633974483	1.3826834323650892
6.086835766330224	0.7853981633974483	1.3634687127683196
6.283185307179586	0.7853981633974483	1.306562964876376

0.0	0.9817477042468103	1.118969854527414
0.19634954084936207	0.9817477042468103	1.0265599343186722
0.39269908169872414	0.9817477042468103	0.9021971032026747
0.5890486225480862	0.9817477042468103	0.7506605550357295
0.7853981633974483	0.9817477042468103	0.5777737543812167
0.9817477042468103	0.9817477042468103	0.390180644032255
1.1780972450961724	0.9817477042468103	0.19509032201612694
1.3744467859455345	0.9817477042468103	-1.1102230246251565E-15
1.5707963267948966	0.9817477042468103	-0.18759311034896278
1.7671458676442586	0.9817477042468103	-0.3604799110034753
1.9634954084936207	0.9817477042468103	-0.5120164591704204
2.1598449493429825	0.9817477042468103	-0.6363792902864179
2.356194490192345	0.9817477042468103	-0.7287892104951594
2.552544031041707	0.9817477042468103	-0.785694958387103
2.748893571891069	0.9817477042468103	-0.8049096779838725
2.945243112740431	0.9817477042468103	-0.7856949583871029
3.141592653589793	0.9817477042468103	-0.728789210495159
3.3379421944391554	0.9817477042468103	-0.6363792902864173
3.5342917352885173	0.9817477042468103	-0.5120164591704197
3.730641276137879	0.9817477042468103	-0.36047991100347454
3.9269908169872414	0.9817477042468103	-0.18759311034896184
4.123340357836604	0.9817477042468103	-1.1102230246251565E-16
4.319689898685965	0.9817477042468103	0.1950903220161275
4.516039439535327	0.9817477042468103	0.39018064403225594
4.71238898038469	0.9817477042468103	0.5777737543812177
4.908738521234052	0.9817477042468103	0.7506605550357303
5.105088062083414	0.9817477042468103	0.9021971032026757
5.301437602932776	0.9817477042468103	1.0265599343186729
5.497787143782138	0.9817477042468103	1.1189698545274145
5.6941366846315	0.9817477042468103	1.175875602419358
5.890486225480862	0.9817477042468103	1.1950903220161275
6.086835766330224	0.9817477042468103	1.175875602419358
6.283185307179586	0.9817477042468103	1.118969854527414

0.0	1.1780972450961724	0.923879532511286
0.19634954084936207	1.1780972450961724	0.8314696123025442
0.39269908169872414	1.1780972450961724	0.7071067811865466
0.5890486225480862	1.1780972450961724	0.5555702330196014
0.7853981633974483	1.1780972450961724	0.38268343236508867
0.9817477042468103	1.1780972450961724	0.19509032201612694
1.1780972450961724	1.1780972450961724	-1.133107779529596E-15
1.3744467859455345	1.1780972450961724	-0.19509032201612916
1.5707963267948966	1.1780972450961724	-0.38268343236509084
1.7671458676442586	1.1780972450961724	-0.5555702330196034
1.9634954084936207	1.1780972450961724	-0.7071067811865485
2.1598449493429825	1.1780972450961724	-0.831469612302546
2.356194490192345	1.1780972450961724	-0.9238795325112875
2.552544031041707	1.1780972450961724	-0.9807852804032311
2.748893571891069	1.1780972450961724	-1.0000000000000007
2.945243112740431	1.1780972450961724	-0.980785280403231
3.141592653589793	1.1780972450961724	-0.9238795325112871
3.3379421944391554	1.1780972450961724	-0.8314696123025453
3.5342917352885173	1.1780972450961724	-0.7071067811865478
3.730641276137879	1.1780972450961724	-0.5555702330196026
3.9269908169872414	1.1780972450961724	-0.3826834323650899
4.123340357836604	1.1780972450961724	-0.19509032201612816
4.319689898685965	1.1780972450961724	-5.66553889764798E-16
4.516039439535327	1.1780972450961724	0.19509032201612792
4.71238898038469	1.1780972450961724	0.3826834323650896
4.908738521234052	1.1780972450961724	0.5555702330196022
5.105088062083414	1.1780972450961724	0.7071067811865476
5.301437602932776	1.1780972450961724	0.8314696123025448
5.497787143782138	1.1780972450961724	0.9238795325112864
5.6941366846315	1.1780972450961724	0.98078528040323
5.890486225480862	1.1780972450961724	0.9999999999999994
6.086835766330224	1.1780972450961724	0.9807852804032299
6.283185307179586	1.1780972450961724	0.9238795325112861

0.0	1.3744467859455345	0.7287892104951579
0.19634954084936207	1.3744467859455345	0.6363792902864162
0.39269908169872414	1.3744467859455345	0.5120164591704185
0.5890486225480862	1.3744467859455345	0.3604799110034733
0.7853981633974483	1.3744467859455345	0.18759311034896062
0.9817477042468103	1.3744467859455345	-1.1102230246251565E-15
1.1780972450961724	1.3744467859455345	-0.19509032201612916
1.3744467859455345	1.3744467859455345	-0.3901806440322572
1.5707963267948966	1.3744467859455345	-0.5777737543812189
1.7671458676442586	1.3744467859455345	-0.7506605550357315
1.9634954084936207	1.3744467859455345	-0.9021971032026765
2.1598449493429825	1.3744467859455345	-1.026559934318674
2.356194490192345	1.3744467859455345	-1.1189698545274156
2.552544031041707	1.3744467859455345	-1.175875602419359
2.748893571891069	1.3744467859455345	-1.1950903220161286
2.945243112740431	1.3744467859455345	-1.175875602419359
3.141592653589793	1.3744467859455345	-1.1189698545274152
3.3379421944391554	1.3744467859455345	-1.0265599343186733
3.5342917352885173	1.3744467859455345	-0.9021971032026759
3.730641276137879	1.3744467859455345	-0.7506605550357307
3.9269908169872414	1.3744467859455345	-0.5777737543812179
4.123340357836604	1.3744467859455345	-0.3901806440322562
4.319689898685965	1.3744467859455345	-0.1950903220161286
4.516039439535327	1.3744467859455345	-1.3877787807814457E-16
4.71238898038469	1.3744467859455345	0.18759311034896156
4.908738521234052	1.3744467859455345	0.3604799110034741
5.105088062083414	1.3744467859455345	0.5120164591704195
5.301437602932776	1.3744467859455345	0.6363792902864167
5.497787143782138	1.3744467859455345	0.7287892104951583
5.6941366846315	1.3744467859455345	0.7856949583871019
5.890486225480862	1.3744467859455345	0.8049096779838714
6.086835766330224	1.3744467859455345	0.7856949583871018
6.283185307179586	1.3744467859455345	0.728789210495158

0.0	1.5707963267948966	0.5411961001461962
0.19634954084936207	1.5707963267948966	0.4487861799374545
0.39269908169872414	1.5707963267948966	0.32442334882145685
0.5890486225480862	1.5707963267948966	0.17288680065451167
0.7853981633974483	1.5707963267948966	-1.0547118733938987E-15
0.9817477042468103	1.5707963267948966	-0.18759311034896278
1.1780972450961724	1.5707963267948966	-0.38268343236509084
1.3744467859455345	1.5707963267948966	-0.5777737543812189
1.5707963267948966	1.5707963267948966	-0.7653668647301806
1.7671458676442586	1.5707963267948966	-0.9382536653846931
1.9634954084936207	1.5707963267948966	-1.0897902135516382
2.1598449493429825	1.5707963267948966	-1.2141530446676359
2.356194490192345	1.5707963267948966	-1.3065629648763772
2.552544031041707	1.5707963267948966	-1.363468712768321
2.748893571891069	1.5707963267948966	-1.3826834323650903
2.945243112740431	1.5707963267948966	-1.3634687127683207
3.141592653589793	1.5707963267948966	-1.3065629648763768
3.3379421944391554	1.5707963267948966	-1.214153044667635
3.5342917352885173	1.5707963267948966	-1.0897902135516375
3.730641276137879	1.5707963267948966	-0.9382536653846923
3.9269908169872414	1.5707963267948966	-0.7653668647301797
4.123340357836604	1.5707963267948966	-0.5777737543812179
4.319689898685965	1.5707963267948966	-0.3826834323650903
4.516039439535327	1.5707963267948966	-0.1875931103489618
4.71238898038469	1.5707963267948966	-1.1102230246251565E-16
4.908738521234052	1.5707963267948966	0.17288680065451245
5.105088062083414	1.5707963267948966	0.32442334882145785
5.301437602932776	1.5707963267948966	0.44878617993745507
5.497787143782138	1.5707963267948966	0.5411961001461967
5.6941366846315	1.5707963267948966	0.5981018480381403
5.890486225480862	1.5707963267948966	0.6173165676349097
6.086835766330224	1.5707963267948966	0.5981018480381401
6.283185307179586	1.5707963267948966	0.5411961001461963

0.0	1.7671458676442586	0.3683092994916837
0.19634954084936207	1.7671458676442586	0.27589937928294195
0.39269908169872414	1.7671458676442586	0.15153654816694428
0.5890486225480862	1.7671458676442586	-8.881784197001252E-16
0.7853981633974483	1.7671458676442586	-0.17288680065451362
0.9817477042468103	1.7671458676442586	-0.3604799110034753
1.1780972450961724	1.7671458676442586	-0.5555702330196034
1.3744467859455345	1.7671458676442586	-0.7506605550357315
1.5707963267948966	1.7671458676442586	-0.9382536653846931
1.7671458676442586	1.7671458676442586	-1.1111404660392057
1.9634954084936207	1.7671458676442586	-1.2626770142061507
2.1598449493429825	1.7671458676442586	-1.3870398453221484
2.356194490192345	1.7671458676442586	-1.4794497655308898
2.552544031041707	1.7671458676442586	-1.5363555134228335
2.748893571891069	1.7671458676442586	-1.5555702330196028
2.945243112740431	1.7671458676442586	-1.5363555134228333
3.141592653589793	1.7671458676442586	-1.4794497655308894
3.3379421944391554	1.7671458676442586	-1.3870398453221475
3.5342917352885173	1.7671458676442586	-1.26267701420615
3.730641276137879	1.7671458676442586	-1.1111404660392048
3.9269908169872414	1.7671458676442586	-0.9382536653846922
4.123340357836604	1.7671458676442586	-0.7506605550357305
4.319689898685965	1.7671458676442586	-0.5555702330196028
4.516039439535327	1.7671458676442586	-0.3604799110034744
4.71238898038469	1.7671458676442586	-0.17288680065451267
4.908738521234052	1.7671458676442586	-1.1102230246251565E-16
5.105088062083414	1.7671458676442586	0.15153654816694528
5.301437602932776	1.7671458676442586	0.2758993792829425
5.497787143782138	1.7671458676442586	0.3683092994916841
5.6941366846315	1.7671458676442586	0.4252150473836277
5.890486225480862	1.7671458676442586	0.44442976698039716
6.086835766330224	1.7671458676442586	0.4252150473836276
6.283185307179586	1.7671458676442586	0.3683092994916838

0.0	1.9634954084936207	0.2167727513247386
0.19634954084936207	1.9634954084936207	0.12436283111599689
0.39269908169872414	1.9634954084936207	-7.771561172376096E-16
0.5890486225480862	1.9634954084936207	-0.15153654816694595
0.7853981633974483	1.9634954084936207	-0.3244233488214587
0.9817477042468103	1.9634954084936207	-0.5120164591704204
1.1780972450961724	1.9634954084936207	-0.7071067811865485
1.3744467859455345	1.9634954084936207	-0.9021971032026765
1.5707963267948966	1.9634954084936207	-1.0897902135516382
1.7671458676442586	1.9634954084936207	-1.2626770142061507
1.9634954084936207	1.9634954084936207	-1.4142135623730958
2.1598449493429825	1.9634954084936207	-1.5385763934890933
2.356194490192345	1.9634954084936207	-1.6309863136978349
2.552544031041707	1.9634954084936207	-1.6878920615897783
2.748893571891069	1.9634954084936207	-1.707106781186548
2.945243112740431	1.9634954084936207	-1.6878920615897783
3.141592653589793	1.9634954084936207	-1.6309863136978344
3.3379421944391554	1.9634954084936207	-1.5385763934890928
3.5342917352885173	1.9634954084936207	-1.4142135623730951
3.730641276137879	1.9634954084936207	-1.26267701420615
3.9269908169872414	1.9634954084936207	-1.0897902135516373
4.123340357836604	1.9634954084936207	-0.9021971032026755
4.319689898685965	1.9634954084936207	-0.7071067811865479
4.516039439535327	1.9634954084936207	-0.5120164591704195
4.71238898038469	1.9634954084936207	-0.32442334882145774
4.908738521234052	1.9634954084936207	-0.15153654816694517
5.105088062083414	1.9634954084936207	2.220446049250313E-16
5.301437602932776	1.9634954084936207	0.12436283111599744
5.497787143782138	1.9634954084936207	0.21677275132473905
5.6941366846315	1.9634954084936207	0.27367849921668264
5.890486225480862	1.9634954084936207	0.2928932188134521
6.086835766330224	1.9634954084936207	0.2736784992166825
6.283185307179586	1.9634954084936207	0.21677275132473872

0.0	2.1598449493429825	0.09240992020874106
0.19634954084936207	2.1598449493429825	-6.661338147750939E-16
0.39269908169872414	2.1598449493429825	-0.12436283111599833
0.5890486225480862	2.1598449493429825	-0.2758993792829435
0.7853981633974483	2.1598449493429825	-0.44878617993745623
0.9817477042468103	2.1598449493429825	-0.6363792902864179
1.1780972450961724	2.1598449493429825	-0.831469612302546
1.3744467859455345	2.1598449493429825	-1.026559934318674
1.5707963267948966	2.1598449493429825	-1.2141530446676359
1.7671458676442586	2.1598449493429825	-1.3870398453221484
1.9634954084936207	2.1598449493429825	-1.5385763934890933
2.1598449493429825	2.1598449493429825	-1.662939224605091
2.356194490192345	2.1598449493429825	-1.7553491448138323
2.552544031041707	2.1598449493429825	-1.812254892705776
2.748893571891069	2.1598449493429825	-1.8314696123025453
2.945243112740431	2.1598449493429825	-1.8122548927057758
3.141592653589793	2.1598449493429825	-1.7553491448138319
3.3379421944391554	2.1598449493429825	-1.6629392246050902
3.5342917352885173	2.1598449493429825	-1.5385763934890928
3.730641276137879	2.1598449493429825	-1.3870398453221475
3.9269908169872414	2.1598449493429825	-1.2141530446676347
4.123340357836604	2.1598449493429825	-1.026559934318673
4.319689898685965	2.1598449493429825	-0.8314696123025455
4.516039439535327	2.1598449493429825	-0.6363792902864169
4.71238898038469	2.1598449493429825	-0.4487861799374553
4.908738521234052	2.1598449493429825	-0.2758993792829427
5.105088062083414	2.1598449493429825	-0.12436283111599733
5.301437602932776	2.1598449493429825	-1.1102230246251565E-16
5.497787143782138	2.1598449493429825	0.0924099202087415
5.6941366846315	2.1598449493429825	0.14931566810068508
5.890486225480862	2.1598449493429825	0.16853038769745454
6.086835766330224	2.1598449493429825	0.14931566810068497
6.283185307179586	2.1598449493429825	0.09240992020874117

0.0	2.356194490192345	-4.440892098500626E-16
0.19634954084936207	2.356194490192345	-0.09240992020874217
0.39269908169872414	2.356194490192345	-0.21677275132473983
0.5890486225480862	2.356194490192345	-0.368309299491685
0.7853981633974483	2.356194490192345	-0.5411961001461978
0.9817477042468103	2.356194490192345	-0.7287892104951594
1.1780972450961724	2.356194490192345	-0.9238795325112875
1.3744467859455345	2.356194490192345	-1.1189698545274156
1.5707963267948966	2.356194490192345	-1.3065629648763772
1.7671458676442586	2.356194490192345	-1.4794497655308898
1.9634954084936207	2.356194490192345	-1.6309863136978349
2.1598449493429825	2.356194490192345	-1.7553491448138323
2.356194490192345	2.356194490192345	-1.847759065022574
2.552544031041707	2.356194490192345	-1.9046648129145174
2.748893571891069	2.356194490192345	-1.923879532511287
2.945243112740431	2.356194490192345	-1.9046648129145174
3.141592653589793	2.356194490192345	-1.8477590650225735
3.3379421944391554	2.356194490192345	-1.7553491448138319
3.5342917352885173	2.356194490192345	-1.6309863136978342
3.730641276137879	2.356194490192345	-1.4794497655308891
3.9269908169872414	2.356194490192345	-1.3065629648763764
4.123340357836604	2.356194490192345	-1.1189698545274145
4.319689898685965	2.356194490192345	-0.923879532511287
4.516039439535327	2.356194490192345	-0.7287892104951585
4.71238898038469	2.356194490192345	-0.5411961001461968
4.908738521234052	2.356194490192345	-0.36830929949168423
5.105088062083414	2.356194490192345	-0.21677275132473883
5.301437602932776	2.356194490192345	-0.09240992020874161
5.497787143782138	2.356194490192345	0.0
5.6941366846315	2.356194490192345	0.05690574789194358
5.890486225480862	2.356194490192345	0.07612046748871304
6.086835766330224	2.356194490192345	0.05690574789194347
6.283185307179586	2.356194490192345	-3.3306690738754696E-16

0.0	2.552544031041707	-0.056905747891944025
0.19634954084936207	2.552544031041707	-0.14931566810068575
0.39269908169872414	2.552544031041707	-0.2736784992166834
0.5890486225480862	2.552544031041707	-0.4252150473836286
0.7853981633974483	2.552544031041707	-0.5981018480381413
0.9817477042468103	2.552544031041707	-0.785694958387103
1.1780972450961724	2.552544031041707	-0.9807852804032311
1.3744467859455345	2.552544031041707	-1.175875602419359
1.5707963267948966	2.552544031041707	-1.363468712768321
1.7671458676442586	2.552544031041707	-1.5363555134228335
1.9634954084936207	2.552544031041707	-1.6878920615897783
2.1598449493429825	2.552544031041707	-1.812254892705776
2.356194490192345	2.552544031041707	-1.9046648129145174
2.552544031041707	2.552544031041707	-1.961570560806461
2.748893571891069	2.552544031041707	-1.9807852804032304
2.945243112740431	2.552544031041707	-1.9615705608064609
3.141592653589793	2.552544031041707	-1.904664812914517
3.3379421944391554	2.552544031041707	-1.8122548927057753
3.5342917352885173	2.552544031041707	-1.687892061589778
3.730641276137879	2.552544031041707	-1.5363555134228326
3.9269908169872414	2.552544031041707	-1.3634687127683198
4.123340357836604	2.552544031041707	-1.1758756024193582
4.319689898685965	2.552544031041707	-0.9807852804032305
4.516039439535327	2.552544031041707	-0.785694958387102
4.71238898038469	2.552544031041707	-0.5981018480381404
4.908738521234052	2.552544031041707	-0.4252150473836278
5.105088062083414	2.552544031041707	-0.2736784992166824
5.301437602932776	2.552544031041707	-0.1493156681006852
5.497787143782138	2.552544031041707	-0.05690574789194358
5.6941366846315	2.552544031041707	0.0
5.890486225480862	2.552544031041707	0.01921471959676946
6.086835766330224	2.552544031041707	-1.1102230246251565E-16
6.283185307179586	2.552544031041707	-0.056905747891943914

0.0	2.748893571891069	-0.07612046748871348
0.19634954084936207	2.748893571891069	-0.1685303876974552
0.39269908169872414	2.748893571891069	-0.29289321881345287
0.5890486225480862	2.748893571891069	-0.44442976698039804
0.7853981633974483	2.748893571891069	-0.6173165676349108
0.9817477042468103	2.748893571891069	-0.8049096779838725
1.1780972450961724	2.748893571891069	-1.0000000000000007
1.3744467859455345	2.748893571891069	-1.1950903220161286
1.5707963267948966	2.748893571891069	-1.3826834323650903
1.7671458676442586	2.748893571891069	-1.5555702330196028
1.9634954084936207	2.748893571891069	-1.707106781186548
2.1598449493429825	2.748893571891069	-1.8314696123025453
2.356194490192345	2.748893571891069	-1.923879532511287
2.552544031041707	2.748893571891069	-1.9807852804032304
2.748893571891069	2.748893571891069	-2.0
2.945243112740431	2.748893571891069	-1.9807852804032304
3.141592653589793	2.748893571891069	-1.9238795325112865
3.3379421944391554	2.748893571891069	-1.831469612302545
3.5342917352885173	2.748893571891069	-1.7071067811865472
3.730641276137879	2.748893571891069	-1.5555702330196022
3.9269908169872414	2.748893571891069	-1.3826834323650894
4.123340357836604	2.748893571891069	-1.1950903220161275
4.319689898685965	2.748893571891069	-1.0
4.516039439535327	2.748893571891069	-0.8049096779838716
4.71238898038469	2.748893571891069	-0.6173165676349098
4.908738521234052	2.748893571891069	-0.44442976698039727
5.105088062083414	2.748893571891069	-0.29289321881345187
5.301437602932776	2.748893571891069	-0.16853038769745465
5.497787143782138	2.748893571891069	-0.07612046748871304
5.6941366846315	2.748893571891069	-0.01921471959676946
5.890486225480862	2.748893571891069	0.0
6.086835766330224	2.748893571891069	-0.01921471959676957
6.283185307179586	2.748893571891069	-0.07612046748871337

0.0	2.945243112740431	-0.056905747891943914
0.19634954084936207	2.945243112740431	-0.14931566810068564
0.39269908169872414	2.945243112740431	-0.2736784992166833
0.5890486225480862	2.945243112740431	-0.4252150473836285
0.7853981633974483	2.945243112740431	-0.5981018480381413
0.9817477042468103	2.945243112740431	-0.7856949583871029
1.1780972450961724	2.945243112740431	-0.980785280403231
1.3744467859455345	2.945243112740431	-1.175875602419359
1.5707963267948966	2.945243112740431	-1.3634687127683207
1.7671458676442586	2.945243112740431	-1.5363555134228333
1.9634954084936207	2.945243112740431	-1.6878920615897783
2.1598449493429825	2.945243112740431	-1.8122548927057758
2.356194490192345	2.945243112740431	-1.9046648129145174
2.552544031041707	2.945243112740431	-1.9615705608064609
2.748893571891069	2.945243112740431	-1.9807852804032304
2.945243112740431	2.945243112740431	-1.9615705608064609
3.141592653589793	2.945243112740431	-1.904664812914517
3.3379421944391554	2.945243112740431	-1.8122548927057753
3.5342917352885173	2.945243112740431	-1.6878920615897777
3.730641276137879	2.945243112740431	-1.5363555134228326
3.9269908169872414	2.945243112740431	-1.3634687127683198
4.123340357836604	2.945243112740431	-1.175875602419358
4.319689898685965	2.945243112740431	-0.9807852804032304
4.516039439535327	2.945243112740431	-0.785694958387102
4.71238898038469	2.945243112740431	-0.5981018480381403
4.908738521234052	2.945243112740431	-0.4252150473836277
5.105088062083414	2.945243112740431	-0.2736784992166823
5.301437602932776	2.945243112740431	-0.14931566810068508
5.497787143782138	2.945243112740431	-0.05690574789194347
5.6941366846315	2.945243112740431	1.1102230246251565E-16
5.890486225480862	2.945243112740431	0.01921471959676957
6.086835766330224	2.945243112740431	0.0
6.283185307179586	2.945243112740431	-0.0569057478919438

0.0	3.141592653589793	0.0
0.19634954084936207	3.141592653589793	-0.09240992020874172
0.39269908169872414	3.141592653589793	-0.2167727513247394
0.5890486225480862	3.141592653589793	-0.36830929949168456
0.7853981633974483	3.141592653589793	-0.5411961001461973
0.9817477042468103	3.141592653589793	-0.728789210495159
1.1780972450961724	3.141592653589793	-0.9238795325112871
1.3744467859455345	3.141592653589793	-1.1189698545274152
1.5707963267948966	3.141592653589793	-1.3065629648763768
1.7671458676442586	3.141592653589793	-1.4794497655308894
1.9634954084936207	3.141592653589793	-1.6309863136978344
2.1598449493429825	3.141592653589793	-1.7553491448138319
2.356194490192345	3.141592653589793	-1.8477590650225735
2.552544031041707	3.141592653589793	-1.904664812914517
2.748893571891069	3.141592653589793	-1.9238795325112865
2.945243112740431	3.141592653589793	-1.904664812914517
3.141592653589793	3.141592653589793	-1.847759065022573
3.3379421944391554	3.141592653589793	-1.7553491448138314
3.5342917352885173	3.141592653589793	-1.6309863136978338
3.730641276137879	3.141592653589793	-1.4794497655308887
3.9269908169872414	3.141592653589793	-1.306562964876376
4.123340357836604	3.141592653589793	-1.118969854527414
4.319689898685965	3.141592653589793	-0.9238795325112865
4.516039439535327	3.141592653589793	-0.7287892104951581
4.71238898038469	3.141592653589793	-0.5411961001461963
4.908738521234052	3.141592653589793	-0.3683092994916838
5.105088062083414	3.141592653589793	-0.2167727513247384
5.301437602932776	3.141592653589793	-0.09240992020874117
5.497787143782138	3.141592653589793	4.440892098500626E-16
5.6941366846315	3.141592653589793	0.056905747891944025
5.890486225480862	3.141592653589793	0.07612046748871348
6.086835766330224	3.141592653589793	0.056905747891943914
6.283185307179586	3.141592653589793	1.1102230246251565E-16

0.0	3.3379421944391554	0.09240992020874172
0.19634954084936207	3.3379421944391554	0.0
0.39269908169872414	3.3379421944391554	-0.12436283111599766
0.5890486225480862	3.3379421944391554	-0.27589937928294284
0.7853981633974483	3.3379421944391554	-0.44878617993745556
0.9817477042468103	3.3379421944391554	-0.6363792902864173
1.1780972450961724	3.3379421944391554	-0.8314696123025453
1.3744467859455345	3.3379421944391554	-1.0265599343186733
1.5707963267948966	3.3379421944391554	-1.214153044667635
1.7671458676442586	3.3379421944391554	-1.3870398453221475
1.9634954084936207	3.3379421944391554	-1.5385763934890928
2.1598449493429825	3.3379421944391554	-1.6629392246050902
2.356194490192345	3.3379421944391554	-1.7553491448138319
2.552544031041707	3.3379421944391554	-1.8122548927057753
2.748893571891069	3.3379421944391554	-1.831469612302545
2.945243112740431	3.3379421944391554	-1.8122548927057753
3.141592653589793	3.3379421944391554	-1.7553491448138314
3.3379421944391554	3.3379421944391554	-1.6629392246050896
3.5342917352885173	3.3379421944391554	-1.538576393489092
3.730641276137879	3.3379421944391554	-1.3870398453221469
3.9269908169872414	3.3379421944391554	-1.214153044667634
4.123340357836604	3.3379421944391554	-1.0265599343186724
4.319689898685965	3.3379421944391554	-0.8314696123025448
4.516039439535327	3.3379421944391554	-0.6363792902864163
4.71238898038469	3.3379421944391554	-0.4487861799374546
4.908738521234052	3.3379421944391554	-0.27589937928294206
5.105088062083414	3.3379421944391554	-0.12436283111599666
5.301437602932776	3.3379421944391554	5.551115123125783E-16
5.497787143782138	3.3379421944391554	0.09240992020874217
5.6941366846315	3.3379421944391554	0.14931566810068575
5.890486225480862	3.3379421944391554	0.1685303876974552
6.086835766330224	3.3379421944391554	0.14931566810068564
6.283185307179586	3.3379421944391554	0.09240992020874184

0.0	3.5342917352885173	0.21677275132473928
0.19634954084936207	3.5342917352885173	0.12436283111599755
0.39269908169872414	3.5342917352885173	-1.1102230246251565E-16
0.5890486225480862	3.5342917352885173	-0.15153654816694528
0.7853981633974483	3.5342917352885173	-0.324423348821458
0.9817477042468103	3.5342917352885173	-0.5120164591704197
1.1780972450961724	3.5342917352885173	-0.7071067811865478
1.3744467859455345	3.5342917352885173	-0.9021971032026759
1.5707963267948966	3.5342917352885173	-1.0897902135516375
1.7671458676442586	3.5342917352885173	-1.26267701420615
1.9634954084936207	3.5342917352885173	-1.4142135623730951
2.1598449493429825	3.5342917352885173	-1.5385763934890928
2.356194490192345	3.5342917352885173	-1.6309863136978342
2.552544031041707	3.5342917352885173	-1.687892061589778
2.748893571891069	3.5342917352885173	-1.7071067811865472
2.945243112740431	3.5342917352885173	-1.6878920615897777
3.141592653589793	3.5342917352885173	-1.6309863136978338
3.3379421944391554	3.5342917352885173	-1.538576393489092
3.5342917352885173	3.5342917352885173	-1.4142135623730945
3.730641276137879	3.5342917352885173	-1.2626770142061492
3.9269908169872414	3.5342917352885173	-1.0897902135516366
4.123340357836604	3.5342917352885173	-0.9021971032026749
4.319689898685965	3.5342917352885173	-0.7071067811865472
4.516039439535327	3.5342917352885173	-0.5120164591704188
4.71238898038469	3.5342917352885173	-0.32442334882145707
4.908738521234052	3.5342917352885173	-0.1515365481669445
5.105088062083414	3.5342917352885173	8.881784197001252E-16
5.301437602932776	3.5342917352885173	0.12436283111599811
5.497787143782138	3.5342917352885173	0.21677275132473972
5.6941366846315	3.5342917352885173	0.2736784992166833
5.890486225480862	3.5342917352885173	0.29289321881345276
6.086835766330224	3.5342917352885173	0.2736784992166832
6.283185307179586	3.5342917352885173	0.2167727513247394

0.0	3.730641276137879	0.36830929949168445
0.19634954084936207	3.730641276137879	0.2758993792829427
0.39269908169872414	3.730641276137879	0.15153654816694506
0.5890486225480862	3.730641276137879	-1.1102230246251565E-16
0.7853981633974483	3.730641276137879	-0.17288680065451284
0.9817477042468103	3.730641276137879	-0.36047991100347454
1.1780972450961724	3.730641276137879	-0.5555702330196026
1.3744467859455345	3.730641276137879	-0.7506605550357307
1.5707963267948966	3.730641276137879	-0.9382536653846923
1.7671458676442586	3.730641276137879	-1.1111404660392048
1.9634954084936207	3.730641276137879	-1.26267701420615
2.1598449493429825	3.730641276137879	-1.3870398453221475
2.356194490192345	3.730641276137879	-1.4794497655308891
2.552544031041707	3.730641276137879	-1.5363555134228326
2.748893571891069	3.730641276137879	-1.5555702330196022
2.945243112740431	3.730641276137879	-1.5363555134228326
3.141592653589793	3.730641276137879	-1.4794497655308887
3.3379421944391554	3.730641276137879	-1.3870398453221469
3.5342917352885173	3.730641276137879	-1.2626770142061492
3.730641276137879	3.730641276137879	-1.1111404660392041
3.9269908169872414	3.730641276137879	-0.9382536653846913
4.123340357836604	3.730641276137879	-0.7506605550357297
4.319689898685965	3.730641276137879	-0.5555702330196021
4.516039439535327	3.730641276137879	-0.3604799110034736
4.71238898038469	3.730641276137879	-0.1728868006545119
4.908738521234052	3.730641276137879	6.661338147750939E-16
5.105088062083414	3.730641276137879	0.15153654816694606
5.301437602932776	3.730641276137879	0.2758993792829433
5.497787143782138	3.730641276137879	0.3683092994916849
5.6941366846315	3.730641276137879	0.4252150473836285
5.890486225480862	3.730641276137879	0.44442976698039793
6.086835766330224	3.730641276137879	0.42521504738362836
6.283185307179586	3.730641276137879	0.36830929949168456

0.0	3.9269908169872414	0.5411961001461971
0.19634954084936207	3.9269908169872414	0.44878617993745545
0.39269908169872414	3.9269908169872414	0.3244233488214578
0.5890486225480862	3.9269908169872414	0.17288680065451262
0.7853981633974483	3.9269908169872414	-1.1102230246251565E-16
0.9817477042468103	3.9269908169872414	-0.18759311034896184
1.1780972450961724	3.9269908169872414	-0.3826834323650899
1.3744467859455345	3.9269908169872414	-0.5777737543812179
1.5707963267948966	3.9269908169872414	-0.7653668647301797
1.7671458676442586	3.9269908169872414	-0.9382536653846922
1.9634954084936207	3.9269908169872414	-1.0897902135516373
2.1598449493429825	3.9269908169872414	-1.2141530446676347
2.356194490192345	3.9269908169872414	-1.3065629648763764
2.552544031041707	3.9269908169872414	-1.3634687127683198
2.748893571891069	3.9269908169872414	-1.3826834323650894
2.945243112740431	3.9269908169872414	-1.3634687127683198
3.141592653589793	3.9269908169872414	-1.306562964876376
3.3379421944391554	3.9269908169872414	-1.214153044667634
3.5342917352885173	3.9269908169872414	-1.0897902135516366
3.730641276137879	3.9269908169872414	-0.9382536653846913
3.9269908169872414	3.9269908169872414	-0.7653668647301787
4.123340357836604	3.9269908169872414	-0.5777737543812169
4.319689898685965	3.9269908169872414	-0.38268343236508934
4.516039439535327	3.9269908169872414	-0.18759311034896087
4.71238898038469	3.9269908169872414	8.326672684688674E-16
4.908738521234052	3.9269908169872414	0.1728868006545134
5.105088062083414	3.9269908169872414	0.3244233488214588
5.301437602932776	3.9269908169872414	0.448786179937456
5.497787143782138	3.9269908169872414	0.5411961001461976
5.6941366846315	3.9269908169872414	0.5981018480381413
5.890486225480862	3.9269908169872414	0.6173165676349106
6.086835766330224	3.9269908169872414	0.598101848038141
6.283185307179586	3.9269908169872414	0.5411961001461973

0.0	4.123340357836604	0.7287892104951589
0.19634954084936207	4.123340357836604	0.6363792902864172
0.39269908169872414	4.123340357836604	0.5120164591704195
0.5890486225480862	4.123340357836604	0.3604799110034743
0.7853981633974483	4.123340357836604	0.18759311034896162
0.9817477042468103	4.123340357836604	-1.1102230246251565E-16
1.1780972450961724	4.123340357836604	-0.19509032201612816
1.3744467859455345	4.123340357836604	-0.3901806440322562
1.5707963267948966	4.123340357836604	-0.5777737543812179
1.7671458676442586	4.123340357836604	-0.7506605550357305
1.9634954084936207	4.123340357836604	-0.9021971032026755
2.1598449493429825	4.123340357836604	-1.026559934318673
2.356194490192345	4.123340357836604	-1.1189698545274145
2.552544031041707	4.123340357836604	-1.1758756024193582
2.748893571891069	4.123340357836604	-1.1950903220161275
2.945243112740431	4.123340357836604	-1.175875602419358
3.141592653589793	4.123340357836604	-1.118969854527414
3.3379421944391554	4.123340357836604	-1.0265599343186724
3.5342917352885173	4.123340357836604	-0.9021971032026749
3.730641276137879	4.123340357836604	-0.7506605550357297
3.9269908169872414	4.123340357836604	-0.5777737543812169
4.123340357836604	4.123340357836604	-0.3901806440322552
4.319689898685965	4.123340357836604	-0.1950903220161276
4.516039439535327	4.123340357836604	8.604228440844963E-16
4.71238898038469	4.123340357836604	0.18759311034896256
4.908738521234052	4.123340357836604	0.3604799110034751
5.105088062083414	4.123340357836604	0.5120164591704205
5.301437602932776	4.123340357836604	0.6363792902864177
5.497787143782138	4.123340357836604	0.7287892104951593
5.6941366846315	4.123340357836604	0.7856949583871029
5.890486225480862	4.123340357836604	0.8049096779838724
6.086835766330224	4.123340357836604	0.7856949583871028
6.283185307179586	4.123340357836604	0.728789210495159

0.0	4.319689898685965	0.9238795325112865
0.19634954084936207	4.319689898685965	0.8314696123025448
0.39269908169872414	4.319689898685965	0.7071067811865471
0.5890486225480862	4.319689898685965	0.555570233019602
0.7853981633974483	4.319689898685965	0.3826834323650892
0.9817477042468103	4.319689898685965	0.1950903220161275
1.1780972450961724	4.319689898685965	-5.66553889764798E-16
1.3744467859455345	4.319689898685965	-0.1950903220161286
1.5707963267948966	4.319689898685965	-0.3826834323650903
1.7671458676442586	4.319689898685965	-0.5555702330196028
1.9634954084936207	4.319689898685965	-0.7071067811865479
2.1598449493429825	4.319689898685965	-0.8314696123025455
2.356194490192345	4.319689898685965	-0.923879532511287
2.552544031041707	4.319689898685965	-0.9807852804032305
2.748893571891069	4.319689898685965	-1.0
2.945243112740431	4.319689898685965	-0.9807852804032304
3.141592653589793	4.319689898685965	-0.9238795325112865
3.3379421944391554	4.319689898685965	-0.8314696123025448
3.5342917352885173	4.319689898685965	-0.7071067811865472
3.730641276137879	4.319689898685965	-0.5555702330196021
3.9269908169872414	4.319689898685965	-0.38268343236508934
4.123340357836604	4.319689898685965	-0.1950903220161276
4.319689898685965	4.319689898685965	0.0
4.516039439535327	4.319689898685965	0.19509032201612847
4.71238898038469	4.319689898685965	0.38268343236509017
4.908738521234052	4.319689898685965	0.5555702330196027
5.105088062083414	4.319689898685965	0.7071067811865481
5.301437602932776	4.319689898685965	0.8314696123025453
5.497787143782138	4.319689898685965	0.923879532511287
5.6941366846315	4.319689898685965	0.9807852804032305
5.890486225480862	4.319689898685965	1.0
6.086835766330224	4.319689898685965	0.9807852804032304
6.283185307179586	4.319689898685965	0.9238795325112866

0.0	4.516039439535327	1.118969854527415
0.19634954084936207	4.516039439535327	1.0265599343186733
0.39269908169872414	4.516039439535327	0.9021971032026757
0.5890486225480862	4.516039439535327	0.7506605550357304
0.7853981633974483	4.516039439535327	0.5777737543812177
0.9817477042468103	4.516039439535327	0.39018064403225594
1.1780972450961724	4.516039439535327	0.19509032201612792
1.3744467859455345	4.516039439535327	-1.3877787807814457E-16
1.5707963267948966	4.516039439535327	-0.1875931103489618
1.7671458676442586	4.516039439535327	-0.3604799110034744
1.9634954084936207	4.516039439535327	-0.5120164591704195
2.1598449493429825	4.516039439535327	-0.6363792902864169
2.356194490192345	4.516039439535327	-0.7287892104951585
2.552544031041707	4.516039439535327	-0.785694958387102
2.748893571891069	4.516039439535327	-0.8049096779838716
2.945243112740431	4.516039439535327	-0.785694958387102
3.141592653589793	4.516039439535327	-0.7287892104951581
3.3379421944391554	4.516039439535327	-0.6363792902864163
3.5342917352885173	4.516039439535327	-0.5120164591704188
3.730641276137879	4.516039439535327	-0.3604799110034736
3.9269908169872414	4.516039439535327	-0.18759311034896087
4.123340357836604	4.516039439535327	8.604228440844963E-16
4.319689898685965	4.516039439535327	0.19509032201612847
4.516039439535327	4.516039439535327	0.39018064403225694
4.71238898038469	4.516039439535327	0.5777737543812187
4.908738521234052	4.516039439535327	0.7506605550357313
5.105088062083414	4.516039439535327	0.9021971032026765
5.301437602932776	4.516039439535327	1.0265599343186738
5.497787143782138	4.516039439535327	1.1189698545274154
5.6941366846315	4.516039439535327	1.175875602419359
5.890486225480862	4.516039439535327	1.1950903220161284
6.086835766330224	4.516039439535327	1.1758756024193588
6.283185307179586	4.516039439535327	1.1189698545274152

0.0	4.71238898038469	1.3065629648763766
0.19634954084936207	4.71238898038469	1.214153044667635
0.39269908169872414	4.71238898038469	1.0897902135516373
0.5890486225480862	4.71238898038469	0.9382536653846921
0.7853981633974483	4.71238898038469	0.7653668647301795
0.9817477042468103	4.71238898038469	0.5777737543812177
1.1780972450961724	4.71238898038469	0.3826834323650896
1.3744467859455345	4.71238898038469	0.18759311034896156
1.5707963267948966	4.71238898038469	-1.1102230246251565E-16
1.7671458676442586	4.71238898038469	-0.17288680065451267
1.9634954084936207	4.71238898038469	-0.32442334882145774
2.1598449493429825	4.71238898038469	-0.4487861799374553
2.356194490192345	4.71238898038469	-0.5411961001461968
2.552544031041707	4.71238898038469	-0.5981018480381404
2.748893571891069	4.71238898038469	-0.6173165676349098
2.945243112740431	4.71238898038469	-0.5981018480381403
3.141592653589793	4.71238898038469	-0.5411961001461963
3.3379421944391554	4.71238898038469	-0.4487861799374546
3.5342917352885173	4.71238898038469	-0.32442334882145707
3.730641276137879	4.71238898038469	-0.1728868006545119
3.9269908169872414	4.71238898038469	8.326672684688674E-16
4.123340357836604	4.71238898038469	0.18759311034896256
4.319689898685965	4.71238898038469	0.38268343236509017
4.516039439535327	4.71238898038469	0.5777737543812187
4.71238898038469	4.71238898038469	0.7653668647301803
4.908738521234052	4.71238898038469	0.9382536653846929
5.105088062083414	4.71238898038469	1.0897902135516384
5.301437602932776	4.71238898038469	1.2141530446676354
5.497787143782138	4.71238898038469	1.306562964876377
5.6941366846315	4.71238898038469	1.3634687127683207
5.890486225480862	4.71238898038469	1.38268343236509
6.086835766330224	4.71238898038469	1.3634687127683205
6.283185307179586	4.71238898038469	1.3065629648763768

0.0	4.908738521234052	1.4794497655308891
0.19634954084936207	4.908738521234052	1.3870398453221475
0.39269908169872414	4.908738521234052	1.2626770142061499
0.5890486225480862	4.908738521234052	1.1111404660392048
0.7853981633974483	4.908738521234052	0.938253665384692
0.9817477042468103	4.908738521234052	0.7506605550357303
1.1780972450961724	4.908738521234052	0.5555702330196022
1.3744467859455345	4.908738521234052	0.3604799110034741
1.5707963267948966	4.908738521234052	0.17288680065451245
1.7671458676442586	4.908738521234052	-1.1102230246251565E-16
1.9634954084936207	4.908738521234052	-0.15153654816694517
2.1598449493429825	4.908738521234052	-0.2758993792829427
2.356194490192345	4.908738521234052	-0.36830929949168423
2.552544031041707	4.908738521234052	-0.4252150473836278
2.748893571891069	4.908738521234052	-0.44442976698039727
2.945243112740431	4.908738521234052	-0.4252150473836277
3.141592653589793	4.908738521234052	-0.3683092994916838
3.3379421944391554	4.908738521234052	-0.27589937928294206
3.5342917352885173	4.908738521234052	-0.1515365481669445
3.730641276137879	4.908738521234052	6.661338147750939E-16
3.9269908169872414	4.908738521234052	0.1728868006545134
4.123340357836604	4.908738521234052	0.3604799110034751
4.319689898685965	4.908738521234052	0.5555702330196027
4.516039439535327	4.908738521234052	0.7506605550357313
4.71238898038469	4.908738521234052	0.9382536653846929
4.908738521234052	4.908738521234052	1.1111404660392055
5.105088062083414	4.908738521234052	1.262677014206151
5.301437602932776	4.908738521234052	1.387039845322148
5.497787143782138	4.908738521234052	1.4794497655308896
5.6941366846315	4.908738521234052	1.5363555134228333
5.890486225480862	4.908738521234052	1.5555702330196026
6.086835766330224	4.908738521234052	1.536355513422833
6.283185307179586	4.908738521234052	1.4794497655308894

0.0	5.105088062083414	1.6309863136978346
0.19634954084936207	5.105088062083414	1.5385763934890928
0.39269908169872414	5.105088062083414	1.4142135623730954
0.5890486225480862	5.105088062083414	1.26267701420615
0.7853981633974483	5.105088062083414	1.0897902135516373
0.9817477042468103	5.105088062083414	0.9021971032026757
1.1780972450961724	5.105088062083414	0.7071067811865476
1.3744467859455345	5.105088062083414	0.5120164591704195
1.5707963267948966	5.105088062083414	0.32442334882145785
1.7671458676442586	5.105088062083414	0.15153654816694528
1.9634954084936207	5.105088062083414	2.220446049250313E-16
2.1598449493429825	5.105088062083414	-0.12436283111599733
2.356194490192345	5.105088062083414	-0.21677275132473883
2.552544031041707	5.105088062083414	-0.2736784992166824
2.748893571891069	5.105088062083414	-0.29289321881345187
2.945243112740431	5.105088062083414	-0.2736784992166823
3.141592653589793	5.105088062083414	-0.2167727513247384
3.3379421944391554	5.105088062083414	-0.12436283111599666
3.5342917352885173	5.105088062083414	8.881784197001252E-16
3.730641276137879	5.105088062083414	0.15153654816694606
3.9269908169872414	5.105088062083414	0.3244233488214588
4.123340357836604	5.105088062083414	0.5120164591704205
4.319689898685965	5.105088062083414	0.7071067811865481
4.516039439535327	5.105088062083414	0.9021971032026765
4.71238898038469	5.105088062083414	1.0897902135516384
4.908738521234052	5.105088062083414	1.262677014206151
5.105088062083414	5.105088062083414	1.4142135623730963
5.301437602932776	5.105088062083414	1.5385763934890935
5.497787143782138	5.105088062083414	1.630986313697835
5.6941366846315	5.105088062083414	1.6878920615897788
5.890486225480862	5.105088062083414	1.7071067811865481
6.086835766330224	5.105088062083414	1.6878920615897786
6.283185307179586	5.105088062083414	1.6309863136978349

0.0	5.301437602932776	1.7553491448138319
0.19634954084936207	5.301437602932776	1.6629392246050902
0.39269908169872414	5.301437602932776	1.5385763934890924
0.5890486225480862	5.301437602932776	1.3870398453221473
0.7853981633974483	5.301437602932776	1.2141530446676345
0.9817477042468103	5.301437602932776	1.0265599343186729
1.1780972450961724	5.301437602932776	0.8314696123025448
1.3744467859455345	5.301437602932776	0.6363792902864167
1.5707963267948966	5.301437602932776	0.44878617993745507
1.7671458676442586	5.301437602932776	0.2758993792829425
1.9634954084936207	5.301437602932776	0.12436283111599744
2.1598449493429825	5.301437602932776	-1.1102230246251565E-16
2.356194490192345	5.301437602932776	-0.09240992020874161
2.552544031041707	5.301437602932776	-0.1493156681006852
2.748893571891069	5.301437602932776	-0.16853038769745465
2.945243112740431	5.301437602932776	-0.14931566810068508
3.141592653589793	5.301437602932776	-0.09240992020874117
3.3379421944391554	5.301437602932776	5.551115123125783E-16
3.5342917352885173	5.301437602932776	0.12436283111599811
3.730641276137879	5.301437602932776	0.2758993792829433
3.9269908169872414	5.301437602932776	0.448786179937456
4.123340357836604	5.301437602932776	0.6363792902864177
4.319689898685965	5.301437602932776	0.8314696123025453
4.516039439535327	5.301437602932776	1.0265599343186738
4.71238898038469	5.301437602932776	1.2141530446676354
4.908738521234052	5.301437602932776	1.387039845322148
5.105088062083414	5.301437602932776	1.5385763934890935
5.301437602932776	5.301437602932776	1.6629392246050907
5.497787143782138	5.301437602932776	1.7553491448138323
5.6941366846315	5.301437602932776	1.8122548927057758
5.890486225480862	5.301437602932776	1.8314696123025453
6.086835766330224	5.301437602932776	1.8122548927057758
6.283185307179586	5.301437602932776	1.7553491448138319

0.0	5.497787143782138	1.8477590650225735
0.19634954084936207	5.497787143782138	1.7553491448138319
0.39269908169872414	5.497787143782138	1.630986313697834
0.5890486225480862	5.497787143782138	1.479449765530889
0.7853981633974483	5.497787143782138	1.3065629648763761
0.9817477042468103	5.497787143782138	1.1189698545274145
1.1780972450961724	5.497787143782138	0.9238795325112864
1.3744467859455345	5.497787143782138	0.7287892104951583
1.5707963267948966	5.497787143782138	0.5411961001461967
1.7671458676442586	5.497787143782138	0.3683092994916841
1.9634954084936207	5.497787143782138	0.21677275132473905
2.1598449493429825	5.497787143782138	0.0924099202087415
2.356194490192345	5.497787143782138	0.0
2.552544031041707	5.497787143782138	-0.05690574789194358
2.748893571891069	5.497787143782138	-0.07612046748871304
2.945243112740431	5.497787143782138	-0.05690574789194347
3.141592653589793	5.497787143782138	4.440892098500626E-16
3.3379421944391554	5.497787143782138	0.09240992020874217
3.5342917352885173	5.497787143782138	0.21677275132473972
3.730641276137879	5.497787143782138	0.3683092994916849
3.9269908169872414	5.497787143782138	0.5411961001461976
4.123340357836604	5.497787143782138	0.7287892104951593
4.319689898685965	5.497787143782138	0.923879532511287
4.516039439535327	5.497787143782138	1.1189698545274154
4.71238898038469	5.497787143782138	1.306562964876377
4.908738521234052	5.497787143782138	1.4794497655308896
5.105088062083414	5.497787143782138	1.630986313697835
5.301437602932776	5.497787143782138	1.7553491448138323
5.497787143782138	5.497787143782138	1.847759065022574
5.6941366846315	5.497787143782138	1.9046648129145174
5.890486225480862	5.497787143782138	1.923879532511287
6.086835766330224	5.497787143782138	1.9046648129145174
6.283185307179586	5.497787143782138	1.8477590650225735

0.0	5.6941366846315	1.904664812914517
0.19634954084936207	5.6941366846315	1.8122548927057753
0.39269908169872414	5.6941366846315	1.6878920615897777
0.5890486225480862	5.6941366846315	1.5363555134228326
0.7853981633974483	5.6941366846315	1.3634687127683198
0.9817477042468103	5.6941366846315	1.175875602419358
1.1780972450961724	5.6941366846315	0.98078528040323
1.3744467859455345	5.6941366846315	0.7856949583871019
1.5707963267948966	5.6941366846315	0.5981018480381403
1.7671458676442586	5.6941366846315	0.4252150473836277
1.9634954084936207	5.6941366846315	0.27367849921668264
2.1598449493429825	5.6941366846315	0.14931566810068508
2.356194490192345	5.6941366846315	0.05690574789194358
2.552544031041707	5.6941366846315	0.0
2.748893571891069	5.6941366846315	-0.01921471959676946
2.945243112740431	5.6941366846315	1.1102230246251565E-16
3.141592653589793	5.6941366846315	0.056905747891944025
3.3379421944391554	5.6941366846315	0.14931566810068575
3.5342917352885173	5.6941366846315	0.2736784992166833
3.730641276137879	5.6941366846315	0.4252150473836285
3.9269908169872414	5.6941366846315	0.5981018480381413
4.123340357836604	5.6941366846315	0.7856949583871029
4.319689898685965	5.6941366846315	0.9807852804032305
4.516039439535327	5.6941366846315	1.175875602419359
4.71238898038469	5.6941366846315	1.3634687127683207
4.908738521234052	5.6941366846315	1.5363555134228333
5.105088062083414	5.6941366846315	1.6878920615897788
5.301437602932776	5.6941366846315	1.8122548927057758
5.497787143782138	5.6941366846315	1.9046648129145174
5.6941366846315	5.6941366846315	1.961570560806461
5.890486225480862	5.6941366846315	1.9807852804032304
6.086835766330224	5.6941366846315	1.9615705608064609
6.283185307179586	5.6941366846315	1.9046648129145172

0.0	5.890486225480862	1.9238795325112865
0.19634954084936207	5.890486225480862	1.831469612302545
0.39269908169872414	5.890486225480862	1.707106781186547
0.5890486225480862	5.890486225480862	1.555570233019602
0.7853981633974483	5.890486225480862	1.3826834323650892
0.9817477042468103	5.890486225480862	1.1950903220161275
1.1780972450961724	5.890486225480862	0.9999999999999994
1.3744467859455345	5.890486225480862	0.8049096779838714
1.5707963267948966	5.890486225480862	0.6173165676349097
1.7671458676442586	5.890486225480862	0.44442976698039716
1.9634954084936207	5.890486225480862	0.2928932188134521
2.1598449493429825	5.890486225480862	0.16853038769745454
2.356194490192345	5.890486225480862	0.07612046748871304
2.552544031041707	5.890486225480862	0.01921471959676946
2.748893571891069	5.890486225480862	0.0
2.945243112740431	5.890486225480862	0.01921471959676957
3.141592653589793	5.890486225480862	0.07612046748871348
3.3379421944391554	5.890486225480862	0.1685303876974552
3.5342917352885173	5.890486225480862	0.29289321881345276
3.730641276137879	5.890486225480862	0.44442976698039793
3.9269908169872414	5.890486225480862	0.6173165676349106
4.123340357836604	5.890486225480862	0.8049096779838724
4.319689898685965	5.890486225480862	1.0
4.516039439535327	5.890486225480862	1.1950903220161284
4.71238898038469	5.890486225480862	1.38268343236509
4.908738521234052	5.890486225480862	1.5555702330196026
5.105088062083414	5.890486225480862	1.7071067811865481
5.301437602932776	5.890486225480862	1.8314696123025453
5.497787143782138	5.890486225480862	1.923879532511287
5.6941366846315	5.890486225480862	1.9807852804032304
5.890486225480862	5.890486225480862	2.0
6.086835766330224	5.890486225480862	1.9807852804032304
6.283185307179586	5.890486225480862	1.9238795325112865

0.0	6.086835766330224	1.904664812914517
0.19634954084936207	6.086835766330224	1.8122548927057753
0.39269908169872414	6.086835766330224	1.6878920615897774
0.5890486225480862	6.086835766330224	1.5363555134228324
0.7853981633974483	6.086835766330224	1.3634687127683196
0.9817477042468103	6.086835766330224	1.175875602419358
1.1780972450961724	6.086835766330224	0.9807852804032299
1.3744467859455345	6.086835766330224	0.7856949583871018
1.5707963267948966	6.086835766330224	0.5981018480381401
1.7671458676442586	6.086835766330224	0.4252150473836276
1.9634954084936207	6.086835766330224	0.2736784992166825
2.1598449493429825	6.086835766330224	0.14931566810068497
2.356194490192345	6.086835766330224	0.05690574789194347
2.552544031041707	6.086835766330224	-1.1102230246251565E-16
2.748893571891069	6.086835766330224	-0.01921471959676957
2.945243112740431	6.086835766330224	0.0
3.141592653589793	6.086835766330224	0.056905747891943914
3.3379421944391554	6.086835766330224	0.14931566810068564
3.5342917352885173	6.086835766330224	0.2736784992166832
3.730641276137879	6.086835766330224	0.42521504738362836
3.9269908169872414	6.086835766330224	0.598101848038141
4.123340357836604	6.086835766330224	0.7856949583871028
4.319689898685965	6.086835766330224	0.9807852804032304
4.516039439535327	6.086835766330224	1.1758756024193588
4.71238898038469	6.086835766330224	1.3634687127683205
4.908738521234052	6.086835766330224	1.536355513422833
5.105088062083414	6.086835766330224	1.6878920615897786
5.301437602932776	6.086835766330224	1.8122548927057758
5.497787143782138	6.086835766330224	1.9046648129145174
5.6941366846315	6.086835766330224	1.9615705608064609
5.890486225480862	6.086835766330224	1.9807852804032304
6.086835766330224	6.086835766330224	1.9615705608064609
6.283185307179586	6.086835766330224	1.904664812914517

0.0	6.283185307179586	1.847759065022573
0.19634954084936207	6.283185307179586	1.7553491448138314
0.39269908169872414	6.283185307179586	1.6309863136978338
0.5890486225480862	6.283185307179586	1.4794497655308887
0.7853981633974483	6.283185307179586	1.306562964876376
0.9817477042468103	6.283185307179586	1.118969854527414
1.1780972450961724	6.283185307179586	0.9238795325112861
1.3744467859455345	6.283185307179586	0.728789210495158
1.5707963267948966	6.283185307179586	0.5411961001461963
1.7671458676442586	6.283185307179586	0.3683092994916838
1.9634954084936207	6.283185307179586	0.21677275132473872
2.1598449493429825	6.283185307179586	0.09240992020874117
2.356194490192345	6.283185307179586	-3.3306690738754696E-16
2.552544031041707	6.283185307179586	-0.056905747891943914
2.748893571891069	6.283185307179586	-0.07612046748871337
2.945243112740431	6.283185307179586	-0.0569057478919438
3.141592653589793	6.283185307179586	1.1102230246251565E-16
3.3379421944391554	6.283185307179586	0.09240992020874184
3.5342917352885173	6.283185307179586	0.2167727513247394
3.730641276137879	6.283185307179586	0.36830929949168456
3.9269908169872414	6.283185307179586	0.5411961001461973
4.123340357836604	6.283185307179586	0.728789210495159
4.319689898685965	6.283185307179586	0.9238795325112866
4.516039439535327	6.283185307179586	1.1189698545274152
4.71238898038469	6.283185307179586	1.3065629648763768
4.908738521234052	6.283185307179586	1.4794497655308894
5.105088062083414	6.283185307179586	1.6309863136978349
5.301437602932776	6.283185307179586	1.7553491448138319
5.497787143782138	6.283185307179586	1.8477590650225735
5.6941366846315	6.283185307179586	1.9046648129145172
5.890486225480862	6.283185307179586	1.9238795325112865
6.086835766330224	6.283185307179586	1.904664812914517
6.283185307179586	6.283185307179586	1.8477590650225733

