0.0	0.0	-1.414213562373095
0.19634954084936207	0.0	-1.2626770142061496
0.39269908169872414	0.0	-1.0897902135516373
0.5890486225480862	0.0	-0.9021971032026757
0.7853981633974483	0.0	-0.7071067811865475
0.9817477042468103	0.0	-0.5120164591704193
1.1780972450961724	0.0	-0.3244233488214577
1.3744467859455345	0.0	-0.15153654816694528
1.5707963267948966	0.0	0.0
1.7671458676442586	0.0	0.12436283111599777
1.9634954084936207	0.0	0.21677275132473928
2.1598449493429825	0.0	0.27367849921668297
2.356194490192345	0.0	0.29289321881345254
2.552544031041707	0.0	0.27367849921668297
2.748893571891069	0.0	0.21677275132473928
2.945243112740431	0.0	0.124362831115998
3.141592653589793	0.0	1.1102230246251565E-16
3.3379421944391554	0.0	-0.15153654816694528
3.5342917352885173	0.0	-0.32442334882145757
3.730641276137879	0.0	-0.5120164591704188
3.9269908169872414	0.0	-0.7071067811865474
4.123340357836604	0.0	-0.9021971032026759
4.319689898685965	0.0	-1.0897902135516366
4.516039439535327	0.0	-1.2626770142061494
4.71238898038469	0.0	-1.414213562373095
4.908738521234052	0.0	-1.5385763934890928
5.105088062083414	0.0	-1.6309863136978344
5.301437602932776	0.0	-1.687892061589778
5.497787143782138	0.0	-1.7071067811865475
5.6941366846315	0.0	-1.687892061589778
5.890486225480862	0.0	-1.6309863136978344
6.086835766330224	0.0	-1.5385763934890928
6.283185307179586	0.0	-1.4142135623730951

0.0	0.19634954084936207	-1.2626770142061496
0.19634954084936207	0.19634954084936207	-1.1111404660392044
0.39269908169872414	0.19634954084936207	-0.938253665384692
0.5890486225480862	0.19634954084936207	-0.7506605550357304
0.7853981633974483	0.19634954084936207	-0.5555702330196022
0.9817477042468103	0.19634954084936207	-0.36047991100347393
1.1780972450961724	0.19634954084936207	-0.1728868006545124
1.3744467859455345	0.19634954084936207	0.0
1.5707963267948966	0.19634954084936207	0.15153654816694528
1.7671458676442586	0.19634954084936207	0.27589937928294306
1.9634954084936207	0.19634954084936207	0.36830929949168456
2.1598449493429825	0.19634954084936207	0.42521504738362825
2.356194490192345	0.19634954084936207	0.4444297669803978
2.552544031041707	0.19634954084936207	0.42521504738362825
2.748893571891069	0.19634954084936207	0.36830929949168456
2.945243112740431	0.19634954084936207	0.2758993792829433
3.141592653589793	0.19634954084936207	0.1515365481669454
3.3379421944391554	0.19634954084936207	0.0
3.5342917352885173	0.19634954084936207	-0.17288680065451228
3.730641276137879	0.19634954084936207	-0.36047991100347354
3.9269908169872414	0.19634954084936207	-0.5555702330196021
4.123340357836604	0.19634954084936207	-0.7506605550357306
4.319689898685965	0.19634954084936207	-0.9382536653846913
4.516039439535327	0.19634954084936207	-1.1111404660392041
4.71238898038469	0.19634954084936207	-1.2626770142061496
4.908738521234052	0.19634954084936207	-1.3870398453221475
5.105088062083414	0.19634954084936207	-1.4794497655308891
5.301437602932776	0.19634954084936207	-1.5363555134228326
5.497787143782138	0.19634954084936207	-1.5555702330196022
5.6941366846315	0.19634954084936207	-1.5363555134228326
5.890486225480862	0.19634954084936207	-1.4794497655308891
6.086835766330224	0.19634954084936207	-1.3870398453221475
6.283185307179586	0.19634954084936207	-1.2626770142061499

0.0	0.39269908169872414	-1.0897902135516373
0.19634954084936207	0.39269908169872414	-0.938253665384692
0.39269908169872414	0.39269908169872414	-0.7653668647301796
0.5890486225480862	0.39269908169872414	-0.577773754381218
0.7853981633974483	0.39269908169872414	-0.3826834323650898
0.9817477042468103	0.39269908169872414	-0.18759311034896153
1.1780972450961724	0.39269908169872414	0.0
1.3744467859455345	0.39269908169872414	0.1728868006545124
1.5707963267948966	0.39269908169872414	0.3244233488214577
1.7671458676442586	0.39269908169872414	0.44878617993745545
1.9634954084936207	0.39269908169872414	0.5411961001461969
2.1598449493429825	0.39269908169872414	0.5981018480381406
2.356194490192345	0.39269908169872414	0.6173165676349102
2.552544031041707	0.39269908169872414	0.5981018480381406
2.748893571891069	0.39269908169872414	0.5411961001461969
2.945243112740431	0.39269908169872414	0.4487861799374557
3.141592653589793	0.39269908169872414	0.3244233488214578
3.3379421944391554	0.39269908169872414	0.1728868006545124
3.5342917352885173	0.39269908169872414	1.1102230246251565E-16
3.730641276137879	0.39269908169872414	-0.18759311034896117
3.9269908169872414	0.39269908169872414	-0.38268343236508967
4.123340357836604	0.39269908169872414	-0.5777737543812181
4.319689898685965	0.39269908169872414	-0.765366864730179
4.516039439535327	0.39269908169872414	-0.9382536653846918
4.71238898038469	0.39269908169872414	-1.0897902135516373
4.908738521234052	0.39269908169872414	-1.214153044667635
5.105088062083414	0.39269908169872414	-1.3065629648763766
5.301437602932776	0.39269908169872414	-1.36346871276832
5.497787143782138	0.39269908169872414	-1.3826834323650898
5.6941366846315	0.39269908169872414	-1.3634687127683203
5.890486225480862	0.39269908169872414	-1.3065629648763768
6.086835766330224	0.39269908169872414	-1.2141530446676352
6.283185307179586	0.39269908169872414	-1.0897902135516375

0.0	0.5890486225480862	-0.9021971032026757
0.19634954084936207	0.5890486225480862	-0.7506605550357304
0.39269908169872414	0.5890486225480862	-0.577773754381218
0.5890486225480862	0.5890486225480862	-0.3901806440322565
0.7853981633974483	0.5890486225480862	-0.19509032201612825
0.9817477042468103	0.5890486225480862	0.0
1.1780972450961724	0.5890486225480862	0.18759311034896153
1.3744467859455345	0.5890486225480862	0.36047991100347393
1.5707963267948966	0.5890486225480862	0.5120164591704193
1.7671458676442586	0.5890486225480862	0.6363792902864169
1.9634954084936207	0.5890486225480862	0.7287892104951585
2.1598449493429825	0.5890486225480862	0.7856949583871022
2.356194490192345	0.5890486225480862	0.8049096779838718
2.552544031041707	0.5890486225480862	0.7856949583871022
2.748893571891069	0.5890486225480862	0.7287892104951585
2.945243112740431	0.5890486225480862	0.6363792902864172
3.141592653589793	0.5890486225480862	0.5120164591704193
3.3379421944391554	0.5890486225480862	0.36047991100347393
3.5342917352885173	0.5890486225480862	0.18759311034896164
3.730641276137879	0.5890486225480862	3.608224830031759E-16
3.9269908169872414	0.5890486225480862	-0.19509032201612814
4.123340357836604	0.5890486225480862	-0.3901806440322566
4.319689898685965	0.5890486225480862	-0.5777737543812175
4.516039439535327	0.5890486225480862	-0.7506605550357301
4.71238898038469	0.5890486225480862	-0.9021971032026757
4.908738521234052	0.5890486225480862	-1.0265599343186735
5.105088062083414	0.5890486225480862	-1.1189698545274152
5.301437602932776	0.5890486225480862	-1.1758756024193586
5.497787143782138	0.5890486225480862	-1.1950903220161282
5.6941366846315	0.5890486225480862	-1.1758756024193586
5.890486225480862	0.5890486225480862	-1.1189698545274152
6.086835766330224	0.5890486225480862	-1.0265599343186738
6.283185307179586	0.5890486225480862	-0.9021971032026759

0.0	0.7853981633974483	-0.7071067811865475
0.19634954084936207	0.7853981633974483	-0.5555702330196022
0.39269908169872414	0.7853981633974483	-0.3826834323650898
0.5890486225480862	0.7853981633974483	-0.19509032201612825
0.7853981633974483	0.7853981633974483	0.0
0.9817477042468103	0.7853981633974483	0.19509032201612825
1.1780972450961724	0.7853981633974483	0.3826834323650898
1.3744467859455345	0.7853981633974483	0.5555702330196022
1.5707963267948966	0.7853981633974483	0.7071067811865475
1.7671458676442586	0.7853981633974483	0.8314696123025452
1.9634954084936207	0.7853981633974483	0.9238795325112867
2.1598449493429825	0.7853981633974483	0.9807852804032304
2.356194490192345	0.7853981633974483	1.0
2.552544031041707	0.7853981633974483	0.9807852804032304
2.748893571891069	0.7853981633974483	0.9238795325112867
2.945243112740431	0.7853981633974483	0.8314696123025455
3.141592653589793	0.7853981633974483	0.7071067811865476
3.3379421944391554	0.7853981633974483	0.5555702330196022
3.5342917352885173	0.7853981633974483	0.3826834323650899
3.730641276137879	0.7853981633974483	0.1950903220161286
3.9269908169872414	0.7853981633974483	1.2246467991473532E-16
4.123340357836604	0.7853981633974483	-0.19509032201612836
4.319689898685965	0.7853981633974483	-0.3826834323650892
4.516039439535327	0.7853981633974483	-0.555570233019602
4.71238898038469	0.7853981633974483	-0.7071067811865475
4.908738521234052	0.7853981633974483	-0.8314696123025452
5.105088062083414	0.7853981633974483	-0.9238795325112868
5.301437602932776	0.7853981633974483	-0.9807852804032303
5.497787143782138	0.7853981633974483	-1.0
5.6941366846315	0.7853981633974483	-0.9807852804032304
5.890486225480862	0.7853981633974483	-0.923879532511287
6.086835766330224	0.7853981633974483	-0.8314696123025455
6.283185307179586	0.7853981633974483	-0.7071067811865477

0.0	0.9817477042468103	-0.5120164591704193
0.19634954084936207	0.9817477042468103	-0.36047991100347393
0.39269908169872414	0.9817477042468103	-0.18759311034896153
0.5890486225480862	0.9817477042468103	0.0
0.7853981633974483	0.9817477042468103	0.19509032201612825
0.9817477042468103	0.9817477042468103	0.3901806440322565
1.1780972450961724	0.9817477042468103	0.577773754381218
1.3744467859455345	0.9817477042468103	0.7506605550357304
1.5707963267948966	0.9817477042468103	0.9021971032026757
1.7671458676442586	0.9817477042468103	1.0265599343186735
1.9634954084936207	0.9817477042468103	1.118969854527415
2.1598449493429825	0.9817477042468103	1.1758756024193586
2.356194490192345	0.9817477042468103	1.1950903220161282
2.552544031041707	0.9817477042468103	1.1758756024193586
2.748893571891069	0.9817477042468103	1.118969854527415
2.945243112740431	0.9817477042468103	1.0265599343186738
3.141592653589793	0.9817477042468103	0.9021971032026759
3.3379421944391554	0.9817477042468103	0.7506605550357304
3.5342917352885173	0.9817477042468103	0.5777737543812181
3.730641276137879	0.9817477042468103	0.39018064403225683
3.9269908169872414	0.9817477042468103	0.19509032201612836
4.123340357836604	0.9817477042468103	-1.1102230246251565E-16
4.319689898685965	0.9817477042468103	-0.18759311034896098
4.516039439535327	0.9817477042468103	-0.3604799110034737
4.71238898038469	0.9817477042468103	-0.5120164591704193
4.908738521234052	0.9817477042468103	-0.6363792902864169
5.105088062083414	0.9817477042468103	-0.7287892104951585
5.301437602932776	0.9817477042468103	-0.785694958387102
5.497787143782138	0.9817477042468103	-0.8049096779838718
5.6941366846315	0.9817477042468103	-0.7856949583871022
5.890486225480862	0.9817477042468103	-0.7287892104951588
6.086835766330224	0.9817477042468103	-0.6363792902864172
6.283185307179586	0.9817477042468103	-0.5120164591704195

0.0	1.1780972450961724	-0.3244233488214577
0.19634954084936207	1.1780972450961724	-0.1728868006545124
0.39269908169872414	1.1780972450961724	0.0
0.5890486225480862	1.1780972450961724	0.18759311034896153
0.7853981633974483	1.1780972450961724	0.3826834323650898
0.9817477042468103	1.1780972450961724	0.577773754381218
1.1780972450961724	1.1780972450961724	0.7653668647301796
1.3744467859455345	1.1780972450961724	0.938253665384692
1.5707963267948966	1.1780972450961724	1.0897902135516373
1.7671458676442586	1.1780972450961724	1.214153044667635
1.9634954084936207	1.1780972450961724	1.3065629648763766
2.1598449493429825	1.1780972450961724	1.3634687127683203
2.356194490192345	1.1780972450961724	1.3826834323650898
2.552544031041707	1.1780972450961724	1.3634687127683203
2.748893571891069	1.1780972450961724	1.3065629648763766
2.945243112740431	1.1780972450961724	1.2141530446676352
3.141592653589793	1.1780972450961724	1.0897902135516373
3.3379421944391554	1.1780972450961724	0.938253665384692
3.5342917352885173	1.1780972450961724	0.7653668647301797
3.730641276137879	1.1780972450961724	0.5777737543812184
3.9269908169872414	1.1780972450961724	0.3826834323650899
4.123340357836604	1.1780972450961724	0.18759311034896142
4.319689898685965	1.1780972450961724	5.551115123125783E-16
4.516039439535327	1.1780972450961724	-0.17288680065451217
4.71238898038469	1.1780972450961724	-0.3244233488214577
4.908738521234052	1.1780972450961724	-0.44878617993745545
5.105088062083414	1.1780972450961724	-0.5411961001461971
5.301437602932776	1.1780972450961724	-0.5981018480381406
5.497787143782138	1.1780972450961724	-0.6173165676349102
5.6941366846315	1.1780972450961724	-0.5981018480381406
5.890486225480862	1.1780972450961724	-0.5411961001461971
6.086835766330224	1.1780972450961724	-0.4487861799374557
6.283185307179586	1.1780972450961724	-0.3244233488214579

0.0	1.3744467859455345	-0.15153654816694528
0.19634954084936207	1.3744467859455345	0.0
0.39269908169872414	1.3744467859455345	0.1728868006545124
0.5890486225480862	1.3744467859455345	0.36047991100347393
0.7853981633974483	1.3744467859455345	0.5555702330196022
0.9817477042468103	1.3744467859455345	0.7506605550357304
1.1780972450961724	1.3744467859455345	0.938253665384692
1.3744467859455345	1.3744467859455345	1.1111404660392044
1.5707963267948966	1.3744467859455345	1.2626770142061496
1.7671458676442586	1.3744467859455345	1.3870398453221475
1.9634954084936207	1.3744467859455345	1.479449765530889
2.1598449493429825	1.3744467859455345	1.5363555134228326
2.356194490192345	1.3744467859455345	1.5555702330196022
2.552544031041707	1.3744467859455345	1.5363555134228326
2.748893571891069	1.3744467859455345	1.479449765530889
2.945243112740431	1.3744467859455345	1.3870398453221475
3.141592653589793	1.3744467859455345	1.2626770142061496
3.3379421944391554	1.3744467859455345	1.1111404660392044
3.5342917352885173	1.3744467859455345	0.938253665384692
3.730641276137879	1.3744467859455345	0.7506605550357308
3.9269908169872414	1.3744467859455345	0.5555702330196023
4.123340357836604	1.3744467859455345	0.3604799110034738
4.319689898685965	1.3744467859455345	0.17288680065451295
4.516039439535327	1.3744467859455345	2.220446049250313E-16
4.71238898038469	1.3744467859455345	-0.15153654816694528
4.908738521234052	1.3744467859455345	-0.27589937928294306
5.105088062083414	1.3744467859455345	-0.36830929949168467
5.301437602932776	1.3744467859455345	-0.42521504738362814
5.497787143782138	1.3744467859455345	-0.4444297669803978
5.6941366846315	1.3744467859455345	-0.42521504738362825
5.890486225480862	1.3744467859455345	-0.3683092994916848
6.086835766330224	1.3744467859455345	-0.2758993792829433
6.283185307179586	1.3744467859455345	-0.1515365481669455

0.0	1.5707963267948966	0.0
0.19634954084936207	1.5707963267948966	0.15153654816694528
0.39269908169872414	1.5707963267948966	0.3244233488214577
0.5890486225480862	1.5707963267948966	0.5120164591704193
0.7853981633974483	1.5707963267948966	0.7071067811865475
0.9817477042468103	1.5707963267948966	0.9021971032026757
1.1780972450961724	1.5707963267948966	1.0897902135516373
1.3744467859455345	1.5707963267948966	1.2626770142061496
1.5707963267948966	1.5707963267948966	1.414213562373095
1.7671458676442586	1.5707963267948966	1.5385763934890928
1.9634954084936207	1.5707963267948966	1.6309863136978342
2.1598449493429825	1.5707963267948966	1.687892061589778
2.356194490192345	1.5707963267948966	1.7071067811865475
2.552544031041707	1.5707963267948966	1.687892061589778
2.748893571891069	1.5707963267948966	1.6309863136978342
2.945243112740431	1.5707963267948966	1.5385763934890928
3.141592653589793	1.5707963267948966	1.414213562373095
3.3379421944391554	1.5707963267948966	1.2626770142061496
3.5342917352885173	1.5707963267948966	1.0897902135516373
3.730641276137879	1.5707963267948966	0.9021971032026761
3.9269908169872414	1.5707963267948966	0.7071067811865476
4.123340357836604	1.5707963267948966	0.512016459170419
4.319689898685965	1.5707963267948966	0.32442334882145824
4.516039439535327	1.5707963267948966	0.1515365481669455
4.71238898038469	1.5707963267948966	0.0
4.908738521234052	1.5707963267948966	-0.12436283111599777
5.105088062083414	1.5707963267948966	-0.2167727513247394
5.301437602932776	1.5707963267948966	-0.27367849921668286
5.497787143782138	1.5707963267948966	-0.29289321881345254
5.6941366846315	1.5707963267948966	-0.27367849921668297
5.890486225480862	1.5707963267948966	-0.2167727513247395
6.086835766330224	1.5707963267948966	-0.124362831115998
6.283185307179586	1.5707963267948966	-2.220446049250313E-16

0.0	1.7671458676442586	0.12436283111599777
0.19634954084936207	1.7671458676442586	0.27589937928294306
0.39269908169872414	1.7671458676442586	0.44878617993745545
0.5890486225480862	1.7671458676442586	0.6363792902864169
0.7853981633974483	1.7671458676442586	0.8314696123025452
0.9817477042468103	1.7671458676442586	1.0265599343186735
1.1780972450961724	1.7671458676442586	1.214153044667635
1.3744467859455345	1.7671458676442586	1.3870398453221475
1.5707963267948966	1.7671458676442586	1.5385763934890928
1.7671458676442586	1.7671458676442586	1.6629392246050905
1.9634954084936207	1.7671458676442586	1.7553491448138319
2.1598449493429825	1.7671458676442586	1.8122548927057758
2.356194490192345	1.7671458676442586	1.8314696123025453
2.552544031041707	1.7671458676442586	1.8122548927057758
2.748893571891069	1.7671458676442586	1.7553491448138319
2.945243112740431	1.7671458676442586	1.6629392246050907
3.141592653589793	1.7671458676442586	1.5385763934890928
3.3379421944391554	1.7671458676442586	1.3870398453221475
3.5342917352885173	1.7671458676442586	1.2141530446676352
3.730641276137879	1.7671458676442586	1.0265599343186738
3.9269908169872414	1.7671458676442586	0.8314696123025453
4.123340357836604	1.7671458676442586	0.6363792902864169
4.319689898685965	1.7671458676442586	0.448786179937456
4.516039439535327	1.7671458676442586	0.2758993792829433
4.71238898038469	1.7671458676442586	0.12436283111599777
4.908738521234052	1.7671458676442586	0.0
5.105088062083414	1.7671458676442586	-0.09240992020874161
5.301437602932776	1.7671458676442586	-0.14931566810068508
5.497787143782138	1.7671458676442586	-0.16853038769745476
5.6941366846315	1.7671458676442586	-0.1493156681006852
5.890486225480862	1.7671458676442586	-0.09240992020874172
6.086835766330224	1.7671458676442586	-2.220446049250313E-16
6.283185307179586	1.7671458676442586	0.12436283111599755

0.0	1.9634954084936207	0.21677275132473928
0.19634954084936207	1.9634954084936207	0.36830929949168456
0.39269908169872414	1.9634954084936207	0.5411961001461969
0.5890486225480862	1.9634954084936207	0.7287892104951585
0.7853981633974483	1.9634954084936207	0.9238795325112867
0.9817477042468103	1.9634954084936207	1.118969854527415
1.1780972450961724	1.9634954084936207	1.3065629648763766
1.3744467859455345	1.9634954084936207	1.479449765530889
1.5707963267948966	1.9634954084936207	1.6309863136978342
1.7671458676442586	1.9634954084936207	1.7553491448138319
1.9634954084936207	1.9634954084936207	1.8477590650225735
2.1598449493429825	1.9634954084936207	1.9046648129145172
2.356194490192345	1.9634954084936207	1.9238795325112867
2.552544031041707	1.9634954084936207	1.9046648129145172
2.748893571891069	1.9634954084936207	1.8477590650225735
2.945243112740431	1.9634954084936207	1.7553491448138323
3.141592653589793	1.9634954084936207	1.6309863136978344
3.3379421944391554	1.9634954084936207	1.479449765530889
3.5342917352885173	1.9634954084936207	1.3065629648763766
3.730641276137879	1.9634954084936207	1.1189698545274154
3.9269908169872414	1.9634954084936207	0.9238795325112868
4.123340357836604	1.9634954084936207	0.7287892104951583
4.319689898685965	1.9634954084936207	0.5411961001461976
4.516039439535327	1.9634954084936207	0.3683092994916848
4.71238898038469	1.9634954084936207	0.21677275132473928
4.908738521234052	1.9634954084936207	0.0924099202087415
5.105088062083414	1.9634954084936207	-1.1102230246251565E-16
5.301437602932776	1.9634954084936207	-0.05690574789194358
5.497787143782138	1.9634954084936207	-0.07612046748871326
5.6941366846315	1.9634954084936207	-0.05690574789194369
5.890486225480862	1.9634954084936207	-2.220446049250313E-16
6.086835766330224	1.9634954084936207	0.09240992020874128
6.283185307179586	1.9634954084936207	0.21677275132473905

0.0	2.1598449493429825	0.27367849921668297
0.19634954084936207	2.1598449493429825	0.42521504738362825
0.39269908169872414	2.1598449493429825	0.5981018480381406
0.5890486225480862	2.1598449493429825	0.7856949583871022
0.7853981633974483	2.1598449493429825	0.9807852804032304
0.9817477042468103	2.1598449493429825	1.1758756024193586
1.1780972450961724	2.1598449493429825	1.3634687127683203
1.3744467859455345	2.1598449493429825	1.5363555134228326
1.5707963267948966	2.1598449493429825	1.687892061589778
1.7671458676442586	2.1598449493429825	1.8122548927057758
1.9634954084936207	2.1598449493429825	1.9046648129145172
2.1598449493429825	2.1598449493429825	1.9615705608064609
2.356194490192345	2.1598449493429825	1.9807852804032304
2.552544031041707	2.1598449493429825	1.9615705608064609
2.748893571891069	2.1598449493429825	1.9046648129145172
2.945243112740431	2.1598449493429825	1.8122548927057758
3.141592653589793	2.1598449493429825	1.687892061589778
3.3379421944391554	2.1598449493429825	1.5363555134228326
3.5342917352885173	2.1598449493429825	1.3634687127683203
3.730641276137879	2.1598449493429825	1.175875602419359
3.9269908169872414	2.1598449493429825	0.9807852804032305
4.123340357836604	2.1598449493429825	0.785694958387102
4.319689898685965	2.1598449493429825	0.5981018480381413
4.516039439535327	2.1598449493429825	0.4252150473836285
4.71238898038469	2.1598449493429825	0.27367849921668297
4.908738521234052	2.1598449493429825	0.1493156681006852
5.105088062083414	2.1598449493429825	0.05690574789194358
5.301437602932776	2.1598449493429825	1.1102230246251565E-16
5.497787143782138	2.1598449493429825	-0.01921471959676957
5.6941366846315	2.1598449493429825	0.0
5.890486225480862	2.1598449493429825	0.05690574789194347
6.086835766330224	2.1598449493429825	0.14931566810068497
6.283185307179586	2.1598449493429825	0.27367849921668275

0.0	2.356194490192345	0.29289321881345254
0.19634954084936207	2.356194490192345	0.4444297669803978
0.39269908169872414	2.356194490192345	0.6173165676349102
0.5890486225480862	2.356194490192345	0.8049096779838718
0.7853981633974483	2.356194490192345	1.0
0.9817477042468103	2.356194490192345	1.1950903220161282
1.1780972450961724	2.356194490192345	1.3826834323650898
1.3744467859455345	2.356194490192345	1.5555702330196022
1.5707963267948966	2.356194490192345	1.7071067811865475
1.7671458676442586	2.356194490192345	1.8314696123025453
1.9634954084936207	2.356194490192345	1.9238795325112867
2.1598449493429825	2.356194490192345	1.9807852804032304
2.356194490192345	2.356194490192345	2.0
2.552544031041707	2.356194490192345	1.9807852804032304
2.748893571891069	2.356194490192345	1.9238795325112867
2.945243112740431	2.356194490192345	1.8314696123025453
3.141592653589793	2.356194490192345	1.7071067811865475
3.3379421944391554	2.356194490192345	1.5555702330196022
3.5342917352885173	2.356194490192345	1.3826834323650898
3.730641276137879	2.356194490192345	1.1950903220161286
3.9269908169872414	2.356194490192345	1.0000000000000002
4.123340357836604	2.356194490192345	0.8049096779838716
4.319689898685965	2.356194490192345	0.6173165676349108
4.516039439535327	2.356194490192345	0.44442976698039804
4.71238898038469	2.356194490192345	0.29289321881345254
4.908738521234052	2.356194490192345	0.16853038769745476
5.105088062083414	2.356194490192345	0.07612046748871315
5.301437602932776	2.356194490192345	0.01921471959676968
5.497787143782138	2.356194490192345	0.0
5.6941366846315	2.356194490192345	0.01921471959676957
5.890486225480862	2.356194490192345	0.07612046748871304
6.086835766330224	2.356194490192345	0.16853038769745454
6.283185307179586	2.356194490192345	0.2928932188134523

0.0	2.552544031041707	0.27367849921668297
0.19634954084936207	2.552544031041707	0.42521504738362825
0.39269908169872414	2.552544031041707	0.5981018480381406
0.5890486225480862	2.552544031041707	0.7856949583871022
0.7853981633974483	2.552544031041707	0.9807852804032304
0.9817477042468103	2.552544031041707	1.1758756024193586
1.1780972450961724	2.552544031041707	1.3634687127683203
1.3744467859455345	2.552544031041707	1.5363555134228326
1.5707963267948966	2.552544031041707	1.687892061589778
1.7671458676442586	2.552544031041707	1.8122548927057758
1.9634954084936207	2.552544031041707	1.9046648129145172
2.1598449493429825	2.552544031041707	1.9615705608064609
2.356194490192345	2.552544031041707	1.9807852804032304
2.552544031041707	2.552544031041707	1.9615705608064609
2.748893571891069	2.552544031041707	1.9046648129145172
2.945243112740431	2.552544031041707	1.8122548927057758
3.141592653589793	2.552544031041707	1.687892061589778
3.3379421944391554	2.552544031041707	1.5363555134228326
3.5342917352885173	2.552544031041707	1.3634687127683203
3.730641276137879	2.552544031041707	1.175875602419359
3.9269908169872414	2.552544031041707	0.9807852804032305
4.123340357836604	2.552544031041707	0.785694958387102
4.319689898685965	2.552544031041707	0.5981018480381413
4.516039439535327	2.552544031041707	0.4252150473836285
4.71238898038469	2.552544031041707	0.27367849921668297
4.908738521234052	2.552544031041707	0.1493156681006852
5.105088062083414	2.552544031041707	0.05690574789194358
5.301437602932776	2.552544031041707	1.1102230246251565E-16
5.497787143782138	2.552544031041707	-0.01921471959676957
5.6941366846315	2.552544031041707	0.0
5.890486225480862	2.552544031041707	0.05690574789194347
6.086835766330224	2.552544031041707	0.14931566810068497
6.283185307179586	2.552544031041707	0.27367849921668275

0.0	2.748893571891069	0.21677275132473928
0.19634954084936207	2.748893571891069	0.36830929949168456
0.39269908169872414	2.748893571891069	0.5411961001461969
0.5890486225480862	2.748893571891069	0.7287892104951585
0.7853981633974483	2.748893571891069	0.9238795325112867
0.9817477042468103	2.748893571891069	1.118969854527415
1.1780972450961724	2.748893571891069	1.3065629648763766
1.3744467859455345	2.748893571891069	1.479449765530889
1.5707963267948966	2.748893571891069	1.6309863136978342
1.7671458676442586	2.748893571891069	1.7553491448138319
1.9634954084936207	2.748893571891069	1.8477590650225735
2.1598449493429825	2.748893571891069	1.9046648129145172
2.356194490192345	2.748893571891069	1.9238795325112867
2.552544031041707	2.748893571891069	1.9046648129145172
2.748893571891069	2.748893571891069	1.8477590650225735
2.945243112740431	2.748893571891069	1.7553491448138323
3.141592653589793	2.748893571891069	1.6309863136978344
3.3379421944391554	2.748893571891069	1.479449765530889
3.5342917352885173	2.748893571891069	1.3065629648763766
3.730641276137879	2.748893571891069	1.1189698545274154
3.9269908169872414	2.748893571891069	0.9238795325112868
4.123340357836604	2.748893571891069	0.7287892104951583
4.319689898685965	2.748893571891069	0.5411961001461976
4.516039439535327	2.748893571891069	0.3683092994916848
4.71238898038469	2.748893571891069	0.21677275132473928
4.908738521234052	2.748893571891069	0.0924099202087415
5.105088062083414	2.748893571891069	-1.1102230246251565E-16
5.301437602932776	2.748893571891069	-0.05690574789194358
5.497787143782138	2.748893571891069	-0.07612046748871326
5.6941366846315	2.748893571891069	-0.05690574789194369
5.890486225480862	2.748893571891069	-2.220446049250313E-16
6.086835766330224	2.748893571891069	0.09240992020874128
6.283185307179586	2.748893571891069	0.21677275132473905

0.0	2.945243112740431	0.124362831115998
0.19634954084936207	2.945243112740431	0.2758993792829433
0.39269908169872414	2.945243112740431	0.4487861799374557
0.5890486225480862	2.945243112740431	0.6363792902864172
0.7853981633974483	2.945243112740431	0.8314696123025455
0.9817477042468103	2.945243112740431	1.0265599343186738
1.1780972450961724	2.945243112740431	1.2141530446676352
1.3744467859455345	2.945243112740431	1.3870398453221475
1.5707963267948966	2.945243112740431	1.5385763934890928
1.7671458676442586	2.945243112740431	1.6629392246050907
1.9634954084936207	2.945243112740431	1.7553491448138323
2.1598449493429825	2.945243112740431	1.8122548927057758
2.356194490192345	2.945243112740431	1.8314696123025453
2.552544031041707	2.945243112740431	1.8122548927057758
2.748893571891069	2.945243112740431	1.7553491448138323
2.945243112740431	2.945243112740431	1.662939224605091
3.141592653589793	2.945243112740431	1.538576393489093
3.3379421944391554	2.945243112740431	1.3870398453221475
3.5342917352885173	2.945243112740431	1.2141530446676354
3.730641276137879	2.945243112740431	1.026559934318674
3.9269908169872414	2.945243112740431	0.8314696123025456
4.123340357836604	2.945243112740431	0.6363792902864172
4.319689898685965	2.945243112740431	0.44878617993745623
4.516039439535327	2.945243112740431	0.2758993792829435
4.71238898038469	2.945243112740431	0.124362831115998
4.908738521234052	2.945243112740431	2.220446049250313E-16
5.105088062083414	2.945243112740431	-0.09240992020874139
5.301437602932776	2.945243112740431	-0.14931566810068486
5.497787143782138	2.945243112740431	-0.16853038769745454
5.6941366846315	2.945243112740431	-0.14931566810068497
5.890486225480862	2.945243112740431	-0.0924099202087415
6.086835766330224	2.945243112740431	0.0
6.283185307179586	2.945243112740431	0.12436283111599777

0.0	3.141592653589793	1.1102230246251565E-16
0.19634954084936207	3.141592653589793	0.1515365481669454
0.39269908169872414	3.141592653589793	0.3244233488214578
0.5890486225480862	3.141592653589793	0.5120164591704193
0.7853981633974483	3.141592653589793	0.7071067811865476
0.9817477042468103	3.141592653589793	0.9021971032026759
1.1780972450961724	3.141592653589793	1.0897902135516373
1.3744467859455345	3.141592653589793	1.2626770142061496
1.5707963267948966	3.141592653589793	1.414213562373095
1.7671458676442586	3.141592653589793	1.5385763934890928
1.9634954084936207	3.141592653589793	1.6309863136978344
2.1598449493429825	3.141592653589793	1.687892061589778
2.356194490192345	3.141592653589793	1.7071067811865475
2.552544031041707	3.141592653589793	1.687892061589778
2.748893571891069	3.141592653589793	1.6309863136978344
2.945243112740431	3.141592653589793	1.538576393489093
3.141592653589793	3.141592653589793	1.4142135623730951
3.3379421944391554	3.141592653589793	1.2626770142061496
3.5342917352885173	3.141592653589793	1.0897902135516375
3.730641276137879	3.141592653589793	0.9021971032026762
3.9269908169872414	3.141592653589793	0.7071067811865477
4.123340357836604	3.141592653589793	0.5120164591704193
4.319689898685965	3.141592653589793	0.32442334882145835
4.516039439535327	3.141592653589793	0.15153654816694562
4.71238898038469	3.141592653589793	1.1102230246251565E-16
4.908738521234052	3.141592653589793	-0.12436283111599766
5.105088062083414	3.141592653589793	-0.21677275132473928
5.301437602932776	3.141592653589793	-0.27367849921668275
5.497787143782138	3.141592653589793	-0.2928932188134524
5.6941366846315	3.141592653589793	-0.27367849921668286
5.890486225480862	3.141592653589793	-0.2167727513247394
6.086835766330224	3.141592653589793	-0.12436283111599788
6.283185307179586	3.141592653589793	-1.1102230246251565E-16

0.0	3.3379421944391554	-0.15153654816694528
0.19634954084936207	3.3379421944391554	0.0
0.39269908169872414	3.3379421944391554	0.1728868006545124
0.5890486225480862	3.3379421944391554	0.36047991100347393
0.7853981633974483	3.3379421944391554	0.5555702330196022
0.9817477042468103	3.3379421944391554	0.7506605550357304
1.1780972450961724	3.3379421944391554	0.938253665384692
1.3744467859455345	3.3379421944391554	1.1111404660392044
1.5707963267948966	3.3379421944391554	1.2626770142061496
1.7671458676442586	3.3379421944391554	1.3870398453221475
1.9634954084936207	3.3379421944391554	1.479449765530889
2.1598449493429825	3.3379421944391554	1.5363555134228326
2.356194490192345	3.3379421944391554	1.5555702330196022
2.552544031041707	3.3379421944391554	1.5363555134228326
2.748893571891069	3.3379421944391554	1.479449765530889
2.945243112740431	3.3379421944391554	1.3870398453221475
3.141592653589793	3.3379421944391554	1.2626770142061496
3.3379421944391554	3.3379421944391554	1.1111404660392044
3.5342917352885173	3.3379421944391554	0.938253665384692
3.730641276137879	3.3379421944391554	0.7506605550357308
3.9269908169872414	3.3379421944391554	0.5555702330196023
4.123340357836604	3.3379421944391554	0.3604799110034738
4.319689898685965	3.3379421944391554	0.17288680065451295
4.516039439535327	3.3379421944391554	2.220446049250313E-16
4.71238898038469	3.3379421944391554	-0.15153654816694528
4.908738521234052	3.3379421944391554	-0.27589937928294306
5.105088062083414	3.3379421944391554	-0.36830929949168467
5.301437602932776	3.3379421944391554	-0.42521504738362814
5.497787143782138	3.3379421944391554	-0.4444297669803978
5.6941366846315	3.3379421944391554	-0.42521504738362825
5.890486225480862	3.3379421944391554	-0.3683092994916848
6.086835766330224	3.3379421944391554	-0.2758993792829433
6.283185307179586	3.3379421944391554	-0.1515365481669455

0.0	3.5342917352885173	-0.32442334882145757
0.19634954084936207	3.5342917352885173	-0.17288680065451228
0.39269908169872414	3.5342917352885173	1.1102230246251565E-16
0.5890486225480862	3.5342917352885173	0.18759311034896164
0.7853981633974483	3.5342917352885173	0.3826834323650899
0.9817477042468103	3.5342917352885173	0.5777737543812181
1.1780972450961724	3.5342917352885173	0.7653668647301797
1.3744467859455345	3.5342917352885173	0.938253665384692
1.5707963267948966	3.5342917352885173	1.0897902135516373
1.7671458676442586	3.5342917352885173	1.2141530446676352
1.9634954084936207	3.5342917352885173	1.3065629648763766
2.1598449493429825	3.5342917352885173	1.3634687127683203
2.356194490192345	3.5342917352885173	1.3826834323650898
2.552544031041707	3.5342917352885173	1.3634687127683203
2.748893571891069	3.5342917352885173	1.3065629648763766
2.945243112740431	3.5342917352885173	1.2141530446676354
3.141592653589793	3.5342917352885173	1.0897902135516375
3.3379421944391554	3.5342917352885173	0.938253665384692
3.5342917352885173	3.5342917352885173	0.7653668647301798
3.730641276137879	3.5342917352885173	0.5777737543812185
3.9269908169872414	3.5342917352885173	0.38268343236509
4.123340357836604	3.5342917352885173	0.18759311034896153
4.319689898685965	3.5342917352885173	6.661338147750939E-16
4.516039439535327	3.5342917352885173	-0.17288680065451206
4.71238898038469	3.5342917352885173	-0.32442334882145757
4.908738521234052	3.5342917352885173	-0.44878617993745534
5.105088062083414	3.5342917352885173	-0.5411961001461969
5.301437602932776	3.5342917352885173	-0.5981018480381404
5.497787143782138	3.5342917352885173	-0.6173165676349102
5.6941366846315	3.5342917352885173	-0.5981018480381406
5.890486225480862	3.5342917352885173	-0.5411961001461971
6.086835766330224	3.5342917352885173	-0.44878617993745556
6.283185307179586	3.5342917352885173	-0.3244233488214578

0.0	3.730641276137879	-0.5120164591704188
0.19634954084936207	3.730641276137879	-0.36047991100347354
0.39269908169872414	3.730641276137879	-0.18759311034896117
0.5890486225480862	3.730641276137879	3.608224830031759E-16
0.7853981633974483	3.730641276137879	0.1950903220161286
0.9817477042468103	3.730641276137879	0.39018064403225683
1.1780972450961724	3.730641276137879	0.5777737543812184
1.3744467859455345	3.730641276137879	0.7506605550357308
1.5707963267948966	3.730641276137879	0.9021971032026761
1.7671458676442586	3.730641276137879	1.0265599343186738
1.9634954084936207	3.730641276137879	1.1189698545274154
2.1598449493429825	3.730641276137879	1.175875602419359
2.356194490192345	3.730641276137879	1.1950903220161286
2.552544031041707	3.730641276137879	1.175875602419359
2.748893571891069	3.730641276137879	1.1189698545274154
2.945243112740431	3.730641276137879	1.026559934318674
3.141592653589793	3.730641276137879	0.9021971032026762
3.3379421944391554	3.730641276137879	0.7506605550357308
3.5342917352885173	3.730641276137879	0.5777737543812185
3.730641276137879	3.730641276137879	0.3901806440322572
3.9269908169872414	3.730641276137879	0.19509032201612872
4.123340357836604	3.730641276137879	2.498001805406602E-16
4.319689898685965	3.730641276137879	-0.18759311034896062
4.516039439535327	3.730641276137879	-0.3604799110034733
4.71238898038469	3.730641276137879	-0.5120164591704188
4.908738521234052	3.730641276137879	-0.6363792902864166
5.105088062083414	3.730641276137879	-0.7287892104951582
5.301437602932776	3.730641276137879	-0.7856949583871017
5.497787143782138	3.730641276137879	-0.8049096779838714
5.6941366846315	3.730641276137879	-0.7856949583871018
5.890486225480862	3.730641276137879	-0.7287892104951583
6.086835766330224	3.730641276137879	-0.6363792902864168
6.283185307179586	3.730641276137879	-0.512016459170419

0.0	3.9269908169872414	-0.7071067811865474
0.19634954084936207	3.9269908169872414	-0.5555702330196021
0.39269908169872414	3.9269908169872414	-0.38268343236508967
0.5890486225480862	3.9269908169872414	-0.19509032201612814
0.7853981633974483	3.9269908169872414	1.2246467991473532E-16
0.9817477042468103	3.9269908169872414	0.19509032201612836
1.1780972450961724	3.9269908169872414	0.3826834323650899
1.3744467859455345	3.9269908169872414	0.5555702330196023
1.5707963267948966	3.9269908169872414	0.7071067811865476
1.7671458676442586	3.9269908169872414	0.8314696123025453
1.9634954084936207	3.9269908169872414	0.9238795325112868
2.1598449493429825	3.9269908169872414	0.9807852804032305
2.356194490192345	3.9269908169872414	1.0000000000000002
2.552544031041707	3.9269908169872414	0.9807852804032305
2.748893571891069	3.9269908169872414	0.9238795325112868
2.945243112740431	3.9269908169872414	0.8314696123025456
3.141592653589793	3.9269908169872414	0.7071067811865477
3.3379421944391554	3.9269908169872414	0.5555702330196023
3.5342917352885173	3.9269908169872414	0.38268343236509
3.730641276137879	3.9269908169872414	0.19509032201612872
3.9269908169872414	3.9269908169872414	2.4492935982947064E-16
4.123340357836604	3.9269908169872414	-0.19509032201612825
4.319689898685965	3.9269908169872414	-0.3826834323650891
4.516039439535327	3.9269908169872414	-0.5555702330196018
4.71238898038469	3.9269908169872414	-0.7071067811865474
4.908738521234052	3.9269908169872414	-0.8314696123025451
5.105088062083414	3.9269908169872414	-0.9238795325112867
5.301437602932776	3.9269908169872414	-0.9807852804032302
5.497787143782138	3.9269908169872414	-0.9999999999999999
5.6941366846315	3.9269908169872414	-0.9807852804032303
5.890486225480862	3.9269908169872414	-0.9238795325112868
6.086835766330224	3.9269908169872414	-0.8314696123025453
6.283185307179586	3.9269908169872414	-0.7071067811865476

0.0	4.123340357836604	-0.9021971032026759
0.19634954084936207	4.123340357836604	-0.7506605550357306
0.39269908169872414	4.123340357836604	-0.5777737543812181
0.5890486225480862	4.123340357836604	-0.3901806440322566
0.7853981633974483	4.123340357836604	-0.19509032201612836
0.9817477042468103	4.123340357836604	-1.1102230246251565E-16
1.1780972450961724	4.123340357836604	0.18759311034896142
1.3744467859455345	4.123340357836604	0.3604799110034738
1.5707963267948966	4.123340357836604	0.512016459170419
1.7671458676442586	4.123340357836604	0.6363792902864169
1.9634954084936207	4.123340357836604	0.7287892104951583
2.1598449493429825	4.123340357836604	0.785694958387102
2.356194490192345	4.123340357836604	0.8049096779838716
2.552544031041707	4.123340357836604	0.785694958387102
2.748893571891069	4.123340357836604	0.7287892104951583
2.945243112740431	4.123340357836604	0.6363792902864172
3.141592653589793	4.123340357836604	0.5120164591704193
3.3379421944391554	4.123340357836604	0.3604799110034738
3.5342917352885173	4.123340357836604	0.18759311034896153
3.730641276137879	4.123340357836604	2.498001805406602E-16
3.9269908169872414	4.123340357836604	-0.19509032201612825
4.123340357836604	4.123340357836604	-0.3901806440322567
4.319689898685965	4.123340357836604	-0.5777737543812176
4.516039439535327	4.123340357836604	-0.7506605550357304
4.71238898038469	4.123340357836604	-0.9021971032026759
4.908738521234052	4.123340357836604	-1.0265599343186735
5.105088062083414	4.123340357836604	-1.1189698545274152
5.301437602932776	4.123340357836604	-1.1758756024193586
5.497787143782138	4.123340357836604	-1.1950903220161284
5.6941366846315	4.123340357836604	-1.1758756024193588
5.890486225480862	4.123340357836604	-1.1189698545274154
6.086835766330224	4.123340357836604	-1.0265599343186738
6.283185307179586	4.123340357836604	-0.9021971032026761

0.0	4.319689898685965	-1.0897902135516366
0.19634954084936207	4.319689898685965	-0.9382536653846913
0.39269908169872414	4.319689898685965	-0.765366864730179
0.5890486225480862	4.319689898685965	-0.5777737543812175
0.7853981633974483	4.319689898685965	-0.3826834323650892
0.9817477042468103	4.319689898685965	-0.18759311034896098
1.1780972450961724	4.319689898685965	5.551115123125783E-16
1.3744467859455345	4.319689898685965	0.17288680065451295
1.5707963267948966	4.319689898685965	0.32442334882145824
1.7671458676442586	4.319689898685965	0.448786179937456
1.9634954084936207	4.319689898685965	0.5411961001461976
2.1598449493429825	4.319689898685965	0.5981018480381413
2.356194490192345	4.319689898685965	0.6173165676349108
2.552544031041707	4.319689898685965	0.5981018480381413
2.748893571891069	4.319689898685965	0.5411961001461976
2.945243112740431	4.319689898685965	0.44878617993745623
3.141592653589793	4.319689898685965	0.32442334882145835
3.3379421944391554	4.319689898685965	0.17288680065451295
3.5342917352885173	4.319689898685965	6.661338147750939E-16
3.730641276137879	4.319689898685965	-0.18759311034896062
3.9269908169872414	4.319689898685965	-0.3826834323650891
4.123340357836604	4.319689898685965	-0.5777737543812176
4.319689898685965	4.319689898685965	-0.7653668647301785
4.516039439535327	4.319689898685965	-0.9382536653846911
4.71238898038469	4.319689898685965	-1.0897902135516366
4.908738521234052	4.319689898685965	-1.2141530446676345
5.105088062083414	4.319689898685965	-1.3065629648763761
5.301437602932776	4.319689898685965	-1.3634687127683196
5.497787143782138	4.319689898685965	-1.3826834323650892
5.6941366846315	4.319689898685965	-1.3634687127683196
5.890486225480862	4.319689898685965	-1.3065629648763761
6.086835766330224	4.319689898685965	-1.2141530446676347
6.283185307179586	4.319689898685965	-1.0897902135516369

0.0	4.516039439535327	-1.2626770142061494
0.19634954084936207	4.516039439535327	-1.1111404660392041
0.39269908169872414	4.516039439535327	-0.9382536653846918
0.5890486225480862	4.516039439535327	-0.7506605550357301
0.7853981633974483	4.516039439535327	-0.555570233019602
0.9817477042468103	4.516039439535327	-0.3604799110034737
1.1780972450961724	4.516039439535327	-0.17288680065451217
1.3744467859455345	4.516039439535327	2.220446049250313E-16
1.5707963267948966	4.516039439535327	0.1515365481669455
1.7671458676442586	4.516039439535327	0.2758993792829433
1.9634954084936207	4.516039439535327	0.3683092994916848
2.1598449493429825	4.516039439535327	0.4252150473836285
2.356194490192345	4.516039439535327	0.44442976698039804
2.552544031041707	4.516039439535327	0.4252150473836285
2.748893571891069	4.516039439535327	0.3683092994916848
2.945243112740431	4.516039439535327	0.2758993792829435
3.141592653589793	4.516039439535327	0.15153654816694562
3.3379421944391554	4.516039439535327	2.220446049250313E-16
3.5342917352885173	4.516039439535327	-0.17288680065451206
3.730641276137879	4.516039439535327	-0.3604799110034733
3.9269908169872414	4.516039439535327	-0.5555702330196018
4.123340357836604	4.516039439535327	-0.7506605550357304
4.319689898685965	4.516039439535327	-0.9382536653846911
4.516039439535327	4.516039439535327	-1.111140466039204
4.71238898038469	4.516039439535327	-1.2626770142061494
4.908738521234052	4.516039439535327	-1.387039845322147
5.105088062083414	4.516039439535327	-1.4794497655308887
5.301437602932776	4.516039439535327	-1.5363555134228322
5.497787143782138	4.516039439535327	-1.555570233019602
5.6941366846315	4.516039439535327	-1.5363555134228324
5.890486225480862	4.516039439535327	-1.479449765530889
6.086835766330224	4.516039439535327	-1.3870398453221475
6.283185307179586	4.516039439535327	-1.2626770142061496

0.0	4.71238898038469	-1.414213562373095
0.19634954084936207	4.71238898038469	-1.2626770142061496
0.39269908169872414	4.71238898038469	-1.0897902135516373
0.5890486225480862	4.71238898038469	-0.9021971032026757
0.7853981633974483	4.71238898038469	-0.7071067811865475
0.9817477042468103	4.71238898038469	-0.5120164591704193
1.1780972450961724	4.71238898038469	-0.3244233488214577
1.3744467859455345	4.71238898038469	-0.15153654816694528
1.5707963267948966	4.71238898038469	0.0
1.7671458676442586	4.71238898038469	0.12436283111599777
1.9634954084936207	4.71238898038469	0.21677275132473928
2.1598449493429825	4.71238898038469	0.27367849921668297
2.356194490192345	4.71238898038469	0.29289321881345254
2.552544031041707	4.71238898038469	0.27367849921668297
2.748893571891069	4.71238898038469	0.21677275132473928
2.945243112740431	4.71238898038469	0.124362831115998
3.141592653589793	4.71238898038469	1.1102230246251565E-16
3.3379421944391554	4.71238898038469	-0.15153654816694528
3.5342917352885173	4.71238898038469	-0.32442334882145757
3.730641276137879	4.71238898038469	-0.5120164591704188
3.9269908169872414	4.71238898038469	-0.7071067811865474
4.123340357836604	4.71238898038469	-0.9021971032026759
4.319689898685965	4.71238898038469	-1.0897902135516366
4.516039439535327	4.71238898038469	-1.2626770142061494
4.71238898038469	4.71238898038469	-1.414213562373095
4.908738521234052	4.71238898038469	-1.5385763934890928
5.105088062083414	4.71238898038469	-1.6309863136978344
5.301437602932776	4.71238898038469	-1.687892061589778
5.497787143782138	4.71238898038469	-1.7071067811865475
5.6941366846315	4.71238898038469	-1.687892061589778
5.890486225480862	4.71238898038469	-1.6309863136978344
6.086835766330224	4.71238898038469	-1.5385763934890928
6.283185307179586	4.71238898038469	-1.4142135623730951

0.0	4.908738521234052	-1.5385763934890928
0.19634954084936207	4.908738521234052	-1.3870398453221475
0.39269908169872414	4.908738521234052	-1.214153044667635
0.5890486225480862	4.908738521234052	-1.0265599343186735
0.7853981633974483	4.908738521234052	-0.8314696123025452
0.9817477042468103	4.908738521234052	-0.6363792902864169
1.1780972450961724	4.908738521234052	-0.44878617993745545
1.3744467859455345	4.908738521234052	-0.27589937928294306
1.5707963267948966	4.908738521234052	-0.12436283111599777
1.7671458676442586	4.908738521234052	0.0
1.9634954084936207	4.908738521234052	0.0924099202087415
2.1598449493429825	4.908738521234052	0.1493156681006852
2.356194490192345	4.908738521234052	0.16853038769745476
2.552544031041707	4.908738521234052	0.1493156681006852
2.748893571891069	4.908738521234052	0.0924099202087415
2.945243112740431	4.908738521234052	2.220446049250313E-16
3.141592653589793	4.908738521234052	-0.12436283111599766
3.3379421944391554	4.908738521234052	-0.27589937928294306
3.5342917352885173	4.908738521234052	-0.44878617993745534
3.730641276137879	4.908738521234052	-0.6363792902864166
3.9269908169872414	4.908738521234052	-0.8314696123025451
4.123340357836604	4.908738521234052	-1.0265599343186735
4.319689898685965	4.908738521234052	-1.2141530446676345
4.516039439535327	4.908738521234052	-1.387039845322147
4.71238898038469	4.908738521234052	-1.5385763934890928
4.908738521234052	4.908738521234052	-1.6629392246050905
5.105088062083414	4.908738521234052	-1.755349144813832
5.301437602932776	4.908738521234052	-1.8122548927057756
5.497787143782138	4.908738521234052	-1.8314696123025453
5.6941366846315	4.908738521234052	-1.8122548927057758
5.890486225480862	4.908738521234052	-1.7553491448138323
6.086835766330224	4.908738521234052	-1.6629392246050907
6.283185307179586	4.908738521234052	-1.5385763934890928

0.0	5.105088062083414	-1.6309863136978344
0.19634954084936207	5.105088062083414	-1.4794497655308891
0.39269908169872414	5.105088062083414	-1.3065629648763766
0.5890486225480862	5.105088062083414	-1.1189698545274152
0.7853981633974483	5.105088062083414	-0.9238795325112868
0.9817477042468103	5.105088062083414	-0.7287892104951585
1.1780972450961724	5.105088062083414	-0.5411961001461971
1.3744467859455345	5.105088062083414	-0.36830929949168467
1.5707963267948966	5.105088062083414	-0.2167727513247394
1.7671458676442586	5.105088062083414	-0.09240992020874161
1.9634954084936207	5.105088062083414	-1.1102230246251565E-16
2.1598449493429825	5.105088062083414	0.05690574789194358
2.356194490192345	5.105088062083414	0.07612046748871315
2.552544031041707	5.105088062083414	0.05690574789194358
2.748893571891069	5.105088062083414	-1.1102230246251565E-16
2.945243112740431	5.105088062083414	-0.09240992020874139
3.141592653589793	5.105088062083414	-0.21677275132473928
3.3379421944391554	5.105088062083414	-0.36830929949168467
3.5342917352885173	5.105088062083414	-0.5411961001461969
3.730641276137879	5.105088062083414	-0.7287892104951582
3.9269908169872414	5.105088062083414	-0.9238795325112867
4.123340357836604	5.105088062083414	-1.1189698545274152
4.319689898685965	5.105088062083414	-1.3065629648763761
4.516039439535327	5.105088062083414	-1.4794497655308887
4.71238898038469	5.105088062083414	-1.6309863136978344
4.908738521234052	5.105088062083414	-1.755349144813832
5.105088062083414	5.105088062083414	-1.8477590650225737
5.301437602932776	5.105088062083414	-1.9046648129145172
5.497787143782138	5.105088062083414	-1.923879532511287
5.6941366846315	5.105088062083414	-1.9046648129145174
5.890486225480862	5.105088062083414	-1.847759065022574
6.086835766330224	5.105088062083414	-1.7553491448138323
6.283185307179586	5.105088062083414	-1.6309863136978344

0.0	5.301437602932776	-1.687892061589778
0.19634954084936207	5.301437602932776	-1.5363555134228326
0.39269908169872414	5.301437602932776	-1.36346871276832
0.5890486225480862	5.301437602932776	-1.1758756024193586
0.7853981633974483	5.301437602932776	-0.9807852804032303
0.9817477042468103	5.301437602932776	-0.785694958387102
1.1780972450961724	5.301437602932776	-0.5981018480381406
1.3744467859455345	5.301437602932776	-0.42521504738362814
1.5707963267948966	5.301437602932776	-0.27367849921668286
1.7671458676442586	5.301437602932776	-0.14931566810068508
1.9634954084936207	5.301437602932776	-0.05690574789194358
2.1598449493429825	5.301437602932776	1.1102230246251565E-16
2.356194490192345	5.301437602932776	0.01921471959676968
2.552544031041707	5.301437602932776	1.1102230246251565E-16
2.748893571891069	5.301437602932776	-0.05690574789194358
2.945243112740431	5.301437602932776	-0.14931566810068486
3.141592653589793	5.301437602932776	-0.27367849921668275
3.3379421944391554	5.301437602932776	-0.42521504738362814
3.5342917352885173	5.301437602932776	-0.5981018480381404
3.730641276137879	5.301437602932776	-0.7856949583871017
3.9269908169872414	5.301437602932776	-0.9807852804032302
4.123340357836604	5.301437602932776	-1.1758756024193586
4.319689898685965	5.301437602932776	-1.3634687127683196
4.516039439535327	5.301437602932776	-1.5363555134228322
4.71238898038469	5.301437602932776	-1.687892061589778
4.908738521234052	5.301437602932776	-1.8122548927057756
5.105088062083414	5.301437602932776	-1.9046648129145172
5.301437602932776	5.301437602932776	-1.9615705608064606
5.497787143782138	5.301437602932776	-1.9807852804032304
5.6941366846315	5.301437602932776	-1.9615705608064609
5.890486225480862	5.301437602932776	-1.9046648129145174
6.086835766330224	5.301437602932776	-1.8122548927057758
6.283185307179586	5.301437602932776	-1.687892061589778

0.0	5.497787143782138	-1.7071067811865475
0.19634954084936207	5.497787143782138	-1.5555702330196022
0.39269908169872414	5.497787143782138	-1.3826834323650898
0.5890486225480862	5.497787143782138	-1.1950903220161282
0.7853981633974483	5.497787143782138	-1.0
0.9817477042468103	5.497787143782138	-0.8049096779838718
1.1780972450961724	5.497787143782138	-0.6173165676349102
1.3744467859455345	5.497787143782138	-0.4444297669803978
1.5707963267948966	5.497787143782138	-0.29289321881345254
1.7671458676442586	5.497787143782138	-0.16853038769745476
1.9634954084936207	5.497787143782138	-0.07612046748871326
2.1598449493429825	5.497787143782138	-0.01921471959676957
2.356194490192345	5.497787143782138	0.0
2.552544031041707	5.497787143782138	-0.01921471959676957
2.748893571891069	5.497787143782138	-0.07612046748871326
2.945243112740431	5.497787143782138	-0.16853038769745454
3.141592653589793	5.497787143782138	-0.2928932188134524
3.3379421944391554	5.497787143782138	-0.4444297669803978
3.5342917352885173	5.497787143782138	-0.6173165676349102
3.730641276137879	5.497787143782138	-0.8049096779838714
3.9269908169872414	5.497787143782138	-0.9999999999999999
4.123340357836604	5.497787143782138	-1.1950903220161284
4.319689898685965	5.497787143782138	-1.3826834323650892
4.516039439535327	5.497787143782138	-1.555570233019602
4.71238898038469	5.497787143782138	-1.7071067811865475
4.908738521234052	5.497787143782138	-1.8314696123025453
5.105088062083414	5.497787143782138	-1.923879532511287
5.301437602932776	5.497787143782138	-1.9807852804032304
5.497787143782138	5.497787143782138	-2.0
5.6941366846315	5.497787143782138	-1.9807852804032304
5.890486225480862	5.497787143782138	-1.923879532511287
6.086835766330224	5.497787143782138	-1.8314696123025453
6.283185307179586	5.497787143782138	-1.7071067811865477

0.0	5.6941366846315	-1.687892061589778
0.19634954084936207	5.6941366846315	-1.5363555134228326
0.39269908169872414	5.6941366846315	-1.3634687127683203
0.5890486225480862	5.6941366846315	-1.1758756024193586
0.7853981633974483	5.6941366846315	-0.9807852804032304
0.9817477042468103	5.6941366846315	-0.7856949583871022
1.1780972450961724	5.6941366846315	-0.5981018480381406
1.3744467859455345	5.6941366846315	-0.42521504738362825
1.5707963267948966	5.6941366846315	-0.27367849921668297
1.7671458676442586	5.6941366846315	-0.1493156681006852
1.9634954084936207	5.6941366846315	-0.05690574789194369
2.1598449493429825	5.6941366846315	0.0
2.356194490192345	5.6941366846315	0.01921471959676957
2.552544031041707	5.6941366846315	0.0
2.748893571891069	5.6941366846315	-0.05690574789194369
2.945243112740431	5.6941366846315	-0.14931566810068497
3.141592653589793	5.6941366846315	-0.27367849921668286
3.3379421944391554	5.6941366846315	-0.42521504738362825
3.5342917352885173	5.6941366846315	-0.5981018480381406
3.730641276137879	5.6941366846315	-0.7856949583871018
3.9269908169872414	5.6941366846315	-0.9807852804032303
4.123340357836604	5.6941366846315	-1.1758756024193588
4.319689898685965	5.6941366846315	-1.3634687127683196
4.516039439535327	5.6941366846315	-1.5363555134228324
4.71238898038469	5.6941366846315	-1.687892061589778
4.908738521234052	5.6941366846315	-1.8122548927057758
5.105088062083414	5.6941366846315	-1.9046648129145174
5.301437602932776	5.6941366846315	-1.9615705608064609
5.497787143782138	5.6941366846315	-1.9807852804032304
5.6941366846315	5.6941366846315	-1.9615705608064609
5.890486225480862	5.6941366846315	-1.9046648129145174
6.086835766330224	5.6941366846315	-1.8122548927057758
6.283185307179586	5.6941366846315	-1.6878920615897781

0.0	5.890486225480862	-1.6309863136978344
0.19634954084936207	5.890486225480862	-1.4794497655308891
0.39269908169872414	5.890486225480862	-1.3065629648763768
0.5890486225480862	5.890486225480862	-1.1189698545274152
0.7853981633974483	5.890486225480862	-0.923879532511287
0.9817477042468103	5.890486225480862	-0.7287892104951588
1.1780972450961724	5.890486225480862	-0.5411961001461971
1.3744467859455345	5.890486225480862	-0.3683092994916848
1.5707963267948966	5.890486225480862	-0.2167727513247395
1.7671458676442586	5.890486225480862	-0.09240992020874172
1.9634954084936207	5.890486225480862	-2.220446049250313E-16
2.1598449493429825	5.890486225480862	0.05690574789194347
2.356194490192345	5.890486225480862	0.07612046748871304
2.552544031041707	5.890486225480862	0.05690574789194347
2.748893571891069	5.890486225480862	-2.220446049250313E-16
2.945243112740431	5.890486225480862	-0.0924099202087415
3.141592653589793	5.890486225480862	-0.2167727513247394
3.3379421944391554	5.890486225480862	-0.3683092994916848
3.5342917352885173	5.890486225480862	-0.5411961001461971
3.730641276137879	5.890486225480862	-0.7287892104951583
3.9269908169872414	5.890486225480862	-0.9238795325112868
4.123340357836604	5.890486225480862	-1.1189698545274154
4.319689898685965	5.890486225480862	-1.3065629648763761
4.516039439535327	5.890486225480862	-1.479449765530889
4.71238898038469	5.890486225480862	-1.6309863136978344
4.908738521234052	5.890486225480862	-1.7553491448138323
5.105088062083414	5.890486225480862	-1.847759065022574
5.301437602932776	5.890486225480862	-1.9046648129145174
5.497787143782138	5.890486225480862	-1.923879532511287
5.6941366846315	5.890486225480862	-1.9046648129145174
5.890486225480862	5.890486225480862	-1.847759065022574
6.086835766330224	5.890486225480862	-1.7553491448138323
6.283185307179586	5.890486225480862	-1.6309863136978346

0.0	6.086835766330224	-1.5385763934890928
0.19634954084936207	6.086835766330224	-1.3870398453221475
0.39269908169872414	6.086835766330224	-1.2141530446676352
0.5890486225480862	6.086835766330224	-1.0265599343186738
0.7853981633974483	6.086835766330224	-0.8314696123025455
0.9817477042468103	6.086835766330224	-0.6363792902864172
1.1780972450961724	6.086835766330224	-0.4487861799374557
1.3744467859455345	6.086835766330224	-0.2758993792829433
1.5707963267948966	6.086835766330224	-0.124362831115998
1.7671458676442586	6.086835766330224	-2.220446049250313E-16
1.9634954084936207	6.086835766330224	0.09240992020874128
2.1598449493429825	6.086835766330224	0.14931566810068497
2.356194490192345	6.086835766330224	0.16853038769745454
2.552544031041707	6.086835766330224	0.14931566810068497
2.748893571891069	6.086835766330224	0.09240992020874128
2.945243112740431	6.086835766330224	0.0
3.141592653589793	6.086835766330224	-0.12436283111599788
3.3379421944391554	6.086835766330224	-0.2758993792829433
3.5342917352885173	6.086835766330224	-0.44878617993745556
3.730641276137879	6.086835766330224	-0.6363792902864168
3.9269908169872414	6.086835766330224	-0.8314696123025453
4.123340357836604	6.086835766330224	-1.0265599343186738
4.319689898685965	6.086835766330224	-1.2141530446676347
4.516039439535327	6.086835766330224	-1.3870398453221475
4.71238898038469	6.086835766330224	-1.5385763934890928
4.908738521234052	6.086835766330224	-1.6629392246050907
5.105088062083414	6.086835766330224	-1.7553491448138323
5.301437602932776	6.086835766330224	-1.8122548927057758
5.497787143782138	6.086835766330224	-1.8314696123025453
5.6941366846315	6.086835766330224	-1.8122548927057758
5.890486225480862	6.086835766330224	-1.7553491448138323
6.086835766330224	6.086835766330224	-1.662939224605091
6.283185307179586	6.086835766330224	-1.5385763934890933

0.0	6.283185307179586	-1.4142135623730951
0.19634954084936207	6.283185307179586	-1.2626770142061499
0.39269908169872414	6.283185307179586	-1.0897902135516375
0.5890486225480862	6.283185307179586	-0.9021971032026759
0.7853981633974483	6.283185307179586	-0.7071067811865477
0.9817477042468103	6.283185307179586	-0.5120164591704195
1.1780972450961724	6.283185307179586	-0.3244233488214579
1.3744467859455345	6.283185307179586	-0.1515365481669455
1.5707963267948966	6.283185307179586	-2.220446049250313E-16
1.7671458676442586	6.283185307179586	0.12436283111599755
1.9634954084936207	6.283185307179586	0.21677275132473905
2.1598449493429825	6.283185307179586	0.27367849921668275
2.356194490192345	6.283185307179586	0.2928932188134523
2.552544031041707	6.283185307179586	0.27367849921668275
2.748893571891069	6.283185307179586	0.21677275132473905
2.945243112740431	6.283185307179586	0.12436283111599777
3.141592653589793	6.283185307179586	-1.1102230246251565E-16
3.3379421944391554	6.283185307179586	-0.1515365481669455
3.5342917352885173	6.283185307179586	-0.3244233488214578
3.730641276137879	6.283185307179586	-0.512016459170419
3.9269908169872414	6.283185307179586	-0.7071067811865476
4.123340357836604	6.283185307179586	-0.9021971032026761
4.319689898685965	6.283185307179586	-1.0897902135516369
4.516039439535327	6.283185307179586	-1.2626770142061496
4.71238898038469	6.283185307179586	-1.4142135623730951
4.908738521234052	6.283185307179586	-1.5385763934890928
5.105088062083414	6.283185307179586	-1.6309863136978344
5.301437602932776	6.283185307179586	-1.687892061589778
5.497787143782138	6.283185307179586	-1.7071067811865477
5.6941366846315	6.283185307179586	-1.6878920615897781
5.890486225480862	6.283185307179586	-1.6309863136978346
6.086835766330224	6.283185307179586	-1.5385763934890933
6.283185307179586	6.283185307179586	-1.4142135623730954

