0.0	0.0	-0.3901806440322572
0.19634954084936207	0.0	-0.5777737543812189
0.39269908169872414	0.0	-0.7506605550357311
0.5890486225480862	0.0	-0.9021971032026762
0.7853981633974483	0.0	-1.026559934318674
0.9817477042468103	0.0	-1.1189698545274154
1.1780972450961724	0.0	-1.175875602419359
1.3744467859455345	0.0	-1.1950903220161286
1.5707963267948966	0.0	-1.175875602419359
1.7671458676442586	0.0	-1.1189698545274152
1.9634954084936207	0.0	-1.0265599343186738
2.1598449493429825	0.0	-0.9021971032026761
2.356194490192345	0.0	-0.7506605550357307
2.552544031041707	0.0	-0.5777737543812179
2.748893571891069	0.0	-0.39018064403225666
2.945243112740431	0.0	-0.1950903220161286
3.141592653589793	0.0	-1.3877787807814457E-16
3.3379421944391554	0.0	0.18759311034896156
3.5342917352885173	0.0	0.36047991100347376
3.730641276137879	0.0	0.5120164591704188
3.9269908169872414	0.0	0.6363792902864167
4.123340357836604	0.0	0.7287892104951583
4.319689898685965	0.0	0.7856949583871018
4.516039439535327	0.0	0.8049096779838714
4.71238898038469	0.0	0.7856949583871018
4.908738521234052	0.0	0.728789210495158
5.105088062083414	0.0	0.6363792902864163
5.301437602932776	0.0	0.5120164591704189
5.497787143782138	0.0	0.36047991100347354
5.6941366846315	0.0	0.18759311034896084
5.890486225480862	0.0	0.0
6.086835766330224	0.0	-0.1950903220161285
6.283185307179586	0.0	-0.39018064403225694

0.0	0.19634954084936207	-0.5777737543812189
0.19634954084936207	0.19634954084936207	-0.7653668647301806
0.39269908169872414	0.19634954084936207	-0.9382536653846928
0.5890486225480862	0.19634954084936207	-1.089790213551638
0.7853981633974483	0.19634954084936207	-1.2141530446676359
0.9817477042468103	0.19634954084936207	-1.306562964876377
1.1780972450961724	0.19634954084936207	-1.363468712768321
1.3744467859455345	0.19634954084936207	-1.3826834323650903
1.5707963267948966	0.19634954084936207	-1.3634687127683207
1.7671458676442586	0.19634954084936207	-1.306562964876377
1.9634954084936207	0.19634954084936207	-1.2141530446676354
2.1598449493429825	0.19634954084936207	-1.0897902135516377
2.356194490192345	0.19634954084936207	-0.9382536653846923
2.552544031041707	0.19634954084936207	-0.7653668647301797
2.748893571891069	0.19634954084936207	-0.5777737543812184
2.945243112740431	0.19634954084936207	-0.3826834323650903
3.141592653589793	0.19634954084936207	-0.1875931103489618
3.3379421944391554	0.19634954084936207	-1.1102230246251565E-16
3.5342917352885173	0.19634954084936207	0.17288680065451212
3.730641276137879	0.19634954084936207	0.3244233488214572
3.9269908169872414	0.19634954084936207	0.44878617993745507
4.123340357836604	0.19634954084936207	0.5411961001461967
4.319689898685965	0.19634954084936207	0.5981018480381401
4.516039439535327	0.19634954084936207	0.6173165676349097
4.71238898038469	0.19634954084936207	0.5981018480381401
4.908738521234052	0.19634954084936207	0.5411961001461963
5.105088062083414	0.19634954084936207	0.4487861799374546
5.301437602932776	0.19634954084936207	0.3244233488214573
5.497787143782138	0.19634954084936207	0.1728868006545119
5.6941366846315	0.19634954084936207	-8.326672684688674E-16
5.890486225480862	0.19634954084936207	-0.18759311034896167
6.086835766330224	0.19634954084936207	-0.38268343236509017
6.283185307179586	0.19634954084936207	-0.5777737543812187

0.0	0.39269908169872414	-0.7506605550357311
0.19634954084936207	0.39269908169872414	-0.9382536653846928
0.39269908169872414	0.39269908169872414	-1.111140466039205
0.5890486225480862	0.39269908169872414	-1.26267701420615
0.7853981633974483	0.39269908169872414	-1.387039845322148
0.9817477042468103	0.39269908169872414	-1.4794497655308894
1.1780972450961724	0.39269908169872414	-1.536355513422833
1.3744467859455345	0.39269908169872414	-1.5555702330196026
1.5707963267948966	0.39269908169872414	-1.536355513422833
1.7671458676442586	0.39269908169872414	-1.4794497655308891
1.9634954084936207	0.39269908169872414	-1.3870398453221475
2.1598449493429825	0.39269908169872414	-1.26267701420615
2.356194490192345	0.39269908169872414	-1.1111404660392046
2.552544031041707	0.39269908169872414	-0.9382536653846918
2.748893571891069	0.39269908169872414	-0.7506605550357306
2.945243112740431	0.39269908169872414	-0.5555702330196025
3.141592653589793	0.39269908169872414	-0.36047991100347404
3.3379421944391554	0.39269908169872414	-0.17288680065451234
3.5342917352885173	0.39269908169872414	-1.1102230246251565E-16
3.730641276137879	0.39269908169872414	0.15153654816694495
3.9269908169872414	0.39269908169872414	0.27589937928294284
4.123340357836604	0.39269908169872414	0.36830929949168445
4.319689898685965	0.39269908169872414	0.4252150473836279
4.516039439535327	0.39269908169872414	0.4444297669803975
4.71238898038469	0.39269908169872414	0.4252150473836279
4.908738521234052	0.39269908169872414	0.3683092994916841
5.105088062083414	0.39269908169872414	0.2758993792829424
5.301437602932776	0.39269908169872414	0.15153654816694506
5.497787143782138	0.39269908169872414	-3.3306690738754696E-16
5.6941366846315	0.39269908169872414	-0.17288680065451306
5.890486225480862	0.39269908169872414	-0.3604799110034739
6.086835766330224	0.39269908169872414	-0.5555702330196024
6.283185307179586	0.39269908169872414	-0.7506605550357308

0.0	0.5890486225480862	-0.9021971032026762
0.19634954084936207	0.5890486225480862	-1.089790213551638
0.39269908169872414	0.5890486225480862	-1.26267701420615
0.5890486225480862	0.5890486225480862	-1.4142135623730951
0.7853981633974483	0.5890486225480862	-1.538576393489093
0.9817477042468103	0.5890486225480862	-1.6309863136978344
1.1780972450961724	0.5890486225480862	-1.6878920615897781
1.3744467859455345	0.5890486225480862	-1.7071067811865475
1.5707963267948966	0.5890486225480862	-1.687892061589778
1.7671458676442586	0.5890486225480862	-1.6309863136978342
1.9634954084936207	0.5890486225480862	-1.5385763934890928
2.1598449493429825	0.5890486225480862	-1.414213562373095
2.356194490192345	0.5890486225480862	-1.2626770142061496
2.552544031041707	0.5890486225480862	-1.0897902135516369
2.748893571891069	0.5890486225480862	-0.9021971032026757
2.945243112740431	0.5890486225480862	-0.7071067811865476
3.141592653589793	0.5890486225480862	-0.512016459170419
3.3379421944391554	0.5890486225480862	-0.3244233488214574
3.5342917352885173	0.5890486225480862	-0.15153654816694517
3.730641276137879	0.5890486225480862	-1.1102230246251565E-16
3.9269908169872414	0.5890486225480862	0.12436283111599777
4.123340357836604	0.5890486225480862	0.2167727513247394
4.319689898685965	0.5890486225480862	0.27367849921668286
4.516039439535327	0.5890486225480862	0.2928932188134524
4.71238898038469	0.5890486225480862	0.27367849921668286
4.908738521234052	0.5890486225480862	0.21677275132473905
5.105088062083414	0.5890486225480862	0.12436283111599733
5.301437602932776	0.5890486225480862	0.0
5.497787143782138	0.5890486225480862	-0.1515365481669454
5.6941366846315	0.5890486225480862	-0.3244233488214581
5.890486225480862	0.5890486225480862	-0.5120164591704189
6.086835766330224	0.5890486225480862	-0.7071067811865475
6.283185307179586	0.5890486225480862	-0.9021971032026759

0.0	0.7853981633974483	-1.026559934318674
0.19634954084936207	0.7853981633974483	-1.2141530446676359
0.39269908169872414	0.7853981633974483	-1.387039845322148
0.5890486225480862	0.7853981633974483	-1.538576393489093
0.7853981633974483	0.7853981633974483	-1.662939224605091
0.9817477042468103	0.7853981633974483	-1.7553491448138323
1.1780972450961724	0.7853981633974483	-1.812254892705776
1.3744467859455345	0.7853981633974483	-1.8314696123025453
1.5707963267948966	0.7853981633974483	-1.8122548927057758
1.7671458676442586	0.7853981633974483	-1.755349144813832
1.9634954084936207	0.7853981633974483	-1.6629392246050907
2.1598449493429825	0.7853981633974483	-1.5385763934890928
2.356194490192345	0.7853981633974483	-1.3870398453221475
2.552544031041707	0.7853981633974483	-1.2141530446676347
2.748893571891069	0.7853981633974483	-1.0265599343186735
2.945243112740431	0.7853981633974483	-0.8314696123025455
3.141592653589793	0.7853981633974483	-0.6363792902864169
3.3379421944391554	0.7853981633974483	-0.4487861799374553
3.5342917352885173	0.7853981633974483	-0.27589937928294306
3.730641276137879	0.7853981633974483	-0.124362831115998
3.9269908169872414	0.7853981633974483	-1.1102230246251565E-16
4.123340357836604	0.7853981633974483	0.0924099202087415
4.319689898685965	0.7853981633974483	0.14931566810068497
4.516039439535327	0.7853981633974483	0.16853038769745454
4.71238898038469	0.7853981633974483	0.14931566810068497
4.908738521234052	0.7853981633974483	0.09240992020874117
5.105088062083414	0.7853981633974483	-5.551115123125783E-16
5.301437602932776	0.7853981633974483	-0.12436283111599788
5.497787143782138	0.7853981633974483	-0.2758993792829433
5.6941366846315	0.7853981633974483	-0.448786179937456
5.890486225480862	0.7853981633974483	-0.6363792902864168
6.086835766330224	0.7853981633974483	-0.8314696123025453
6.283185307179586	0.7853981633974483	-1.0265599343186738

0.0	0.9817477042468103	-1.1189698545274154
0.19634954084936207	0.9817477042468103	-1.306562964876377
0.39269908169872414	0.9817477042468103	-1.4794497655308894
0.5890486225480862	0.9817477042468103	-1.6309863136978344
0.7853981633974483	0.9817477042468103	-1.7553491448138323
0.9817477042468103	0.9817477042468103	-1.8477590650225737
1.1780972450961724	0.9817477042468103	-1.9046648129145174
1.3744467859455345	0.9817477042468103	-1.923879532511287
1.5707963267948966	0.9817477042468103	-1.9046648129145174
1.7671458676442586	0.9817477042468103	-1.8477590650225735
1.9634954084936207	0.9817477042468103	-1.7553491448138319
2.1598449493429825	0.9817477042468103	-1.6309863136978344
2.356194490192345	0.9817477042468103	-1.479449765530889
2.552544031041707	0.9817477042468103	-1.3065629648763761
2.748893571891069	0.9817477042468103	-1.118969854527415
2.945243112740431	0.9817477042468103	-0.9238795325112868
3.141592653589793	0.9817477042468103	-0.7287892104951583
3.3379421944391554	0.9817477042468103	-0.5411961001461967
3.5342917352885173	0.9817477042468103	-0.36830929949168445
3.730641276137879	0.9817477042468103	-0.2167727513247394
3.9269908169872414	0.9817477042468103	-0.0924099202087415
4.123340357836604	0.9817477042468103	1.1102230246251565E-16
4.319689898685965	0.9817477042468103	0.05690574789194358
4.516039439535327	0.9817477042468103	0.07612046748871315
4.71238898038469	0.9817477042468103	0.05690574789194358
4.908738521234052	0.9817477042468103	-2.220446049250313E-16
5.105088062083414	0.9817477042468103	-0.09240992020874195
5.301437602932776	0.9817477042468103	-0.21677275132473928
5.497787143782138	0.9817477042468103	-0.36830929949168467
5.6941366846315	0.9817477042468103	-0.5411961001461973
5.890486225480862	0.9817477042468103	-0.7287892104951582
6.086835766330224	0.9817477042468103	-0.9238795325112867
6.283185307179586	0.9817477042468103	-1.1189698545274152

0.0	1.1780972450961724	-1.175875602419359
0.19634954084936207	1.1780972450961724	-1.363468712768321
0.39269908169872414	1.1780972450961724	-1.536355513422833
0.5890486225480862	1.1780972450961724	-1.6878920615897781
0.7853981633974483	1.1780972450961724	-1.812254892705776
0.9817477042468103	1.1780972450961724	-1.9046648129145174
1.1780972450961724	1.1780972450961724	-1.961570560806461
1.3744467859455345	1.1780972450961724	-1.9807852804032304
1.5707963267948966	1.1780972450961724	-1.9615705608064609
1.7671458676442586	1.1780972450961724	-1.9046648129145172
1.9634954084936207	1.1780972450961724	-1.8122548927057758
2.1598449493429825	1.1780972450961724	-1.687892061589778
2.356194490192345	1.1780972450961724	-1.5363555134228326
2.552544031041707	1.1780972450961724	-1.3634687127683198
2.748893571891069	1.1780972450961724	-1.1758756024193586
2.945243112740431	1.1780972450961724	-0.9807852804032305
3.141592653589793	1.1780972450961724	-0.785694958387102
3.3379421944391554	1.1780972450961724	-0.5981018480381404
3.5342917352885173	1.1780972450961724	-0.42521504738362814
3.730641276137879	1.1780972450961724	-0.2736784992166831
3.9269908169872414	1.1780972450961724	-0.1493156681006852
4.123340357836604	1.1780972450961724	-0.05690574789194358
4.319689898685965	1.1780972450961724	-1.1102230246251565E-16
4.516039439535327	1.1780972450961724	0.01921471959676946
4.71238898038469	1.1780972450961724	-1.1102230246251565E-16
4.908738521234052	1.1780972450961724	-0.056905747891943914
5.105088062083414	1.1780972450961724	-0.14931566810068564
5.301437602932776	1.1780972450961724	-0.27367849921668297
5.497787143782138	1.1780972450961724	-0.42521504738362836
5.6941366846315	1.1780972450961724	-0.598101848038141
5.890486225480862	1.1780972450961724	-0.7856949583871019
6.086835766330224	1.1780972450961724	-0.9807852804032304
6.283185307179586	1.1780972450961724	-1.1758756024193588

0.0	1.3744467859455345	-1.1950903220161286
0.19634954084936207	1.3744467859455345	-1.3826834323650903
0.39269908169872414	1.3744467859455345	-1.5555702330196026
0.5890486225480862	1.3744467859455345	-1.7071067811865475
0.7853981633974483	1.3744467859455345	-1.8314696123025453
0.9817477042468103	1.3744467859455345	-1.923879532511287
1.1780972450961724	1.3744467859455345	-1.9807852804032304
1.3744467859455345	1.3744467859455345	-2.0
1.5707963267948966	1.3744467859455345	-1.9807852804032304
1.7671458676442586	1.3744467859455345	-1.9238795325112865
1.9634954084936207	1.3744467859455345	-1.8314696123025451
2.1598449493429825	1.3744467859455345	-1.7071067811865475
2.356194490192345	1.3744467859455345	-1.5555702330196022
2.552544031041707	1.3744467859455345	-1.3826834323650894
2.748893571891069	1.3744467859455345	-1.195090322016128
2.945243112740431	1.3744467859455345	-1.0
3.141592653589793	1.3744467859455345	-0.8049096779838716
3.3379421944391554	1.3744467859455345	-0.6173165676349098
3.5342917352885173	1.3744467859455345	-0.4444297669803976
3.730641276137879	1.3744467859455345	-0.29289321881345254
3.9269908169872414	1.3744467859455345	-0.16853038769745465
4.123340357836604	1.3744467859455345	-0.07612046748871304
4.319689898685965	1.3744467859455345	-0.01921471959676957
4.516039439535327	1.3744467859455345	0.0
4.71238898038469	1.3744467859455345	-0.01921471959676957
4.908738521234052	1.3744467859455345	-0.07612046748871337
5.105088062083414	1.3744467859455345	-0.1685303876974551
5.301437602932776	1.3744467859455345	-0.2928932188134524
5.497787143782138	1.3744467859455345	-0.4444297669803978
5.6941366846315	1.3744467859455345	-0.6173165676349106
5.890486225480862	1.3744467859455345	-0.8049096779838714
6.086835766330224	1.3744467859455345	-0.9999999999999999
6.283185307179586	1.3744467859455345	-1.1950903220161284

0.0	1.5707963267948966	-1.175875602419359
0.19634954084936207	1.5707963267948966	-1.3634687127683207
0.39269908169872414	1.5707963267948966	-1.536355513422833
0.5890486225480862	1.5707963267948966	-1.687892061589778
0.7853981633974483	1.5707963267948966	-1.8122548927057758
0.9817477042468103	1.5707963267948966	-1.9046648129145174
1.1780972450961724	1.5707963267948966	-1.9615705608064609
1.3744467859455345	1.5707963267948966	-1.9807852804032304
1.5707963267948966	1.5707963267948966	-1.9615705608064609
1.7671458676442586	1.5707963267948966	-1.904664812914517
1.9634954084936207	1.5707963267948966	-1.8122548927057756
2.1598449493429825	1.5707963267948966	-1.687892061589778
2.356194490192345	1.5707963267948966	-1.5363555134228326
2.552544031041707	1.5707963267948966	-1.3634687127683198
2.748893571891069	1.5707963267948966	-1.1758756024193584
2.945243112740431	1.5707963267948966	-0.9807852804032304
3.141592653589793	1.5707963267948966	-0.785694958387102
3.3379421944391554	1.5707963267948966	-0.5981018480381403
3.5342917352885173	1.5707963267948966	-0.42521504738362803
3.730641276137879	1.5707963267948966	-0.27367849921668297
3.9269908169872414	1.5707963267948966	-0.14931566810068508
4.123340357836604	1.5707963267948966	-0.05690574789194347
4.319689898685965	1.5707963267948966	0.0
4.516039439535327	1.5707963267948966	0.01921471959676957
4.71238898038469	1.5707963267948966	0.0
4.908738521234052	1.5707963267948966	-0.0569057478919438
5.105088062083414	1.5707963267948966	-0.14931566810068553
5.301437602932776	1.5707963267948966	-0.27367849921668286
5.497787143782138	1.5707963267948966	-0.42521504738362825
5.6941366846315	1.5707963267948966	-0.598101848038141
5.890486225480862	1.5707963267948966	-0.7856949583871018
6.086835766330224	1.5707963267948966	-0.9807852804032303
6.283185307179586	1.5707963267948966	-1.1758756024193588

0.0	1.7671458676442586	-1.1189698545274152
0.19634954084936207	1.7671458676442586	-1.306562964876377
0.39269908169872414	1.7671458676442586	-1.4794497655308891
0.5890486225480862	1.7671458676442586	-1.6309863136978342
0.7853981633974483	1.7671458676442586	-1.755349144813832
0.9817477042468103	1.7671458676442586	-1.8477590650225735
1.1780972450961724	1.7671458676442586	-1.9046648129145172
1.3744467859455345	1.7671458676442586	-1.9238795325112865
1.5707963267948966	1.7671458676442586	-1.904664812914517
1.7671458676442586	1.7671458676442586	-1.8477590650225733
1.9634954084936207	1.7671458676442586	-1.7553491448138319
2.1598449493429825	1.7671458676442586	-1.630986313697834
2.356194490192345	1.7671458676442586	-1.4794497655308887
2.552544031041707	1.7671458676442586	-1.306562964876376
2.748893571891069	1.7671458676442586	-1.1189698545274147
2.945243112740431	1.7671458676442586	-0.9238795325112866
3.141592653589793	1.7671458676442586	-0.7287892104951581
3.3379421944391554	1.7671458676442586	-0.5411961001461965
3.5342917352885173	1.7671458676442586	-0.36830929949168423
3.730641276137879	1.7671458676442586	-0.21677275132473917
3.9269908169872414	1.7671458676442586	-0.09240992020874128
4.123340357836604	1.7671458676442586	3.3306690738754696E-16
4.319689898685965	1.7671458676442586	0.0569057478919438
4.516039439535327	1.7671458676442586	0.07612046748871337
4.71238898038469	1.7671458676442586	0.0569057478919438
4.908738521234052	1.7671458676442586	0.0
5.105088062083414	1.7671458676442586	-0.09240992020874172
5.301437602932776	1.7671458676442586	-0.21677275132473905
5.497787143782138	1.7671458676442586	-0.36830929949168445
5.6941366846315	1.7671458676442586	-0.5411961001461971
5.890486225480862	1.7671458676442586	-0.728789210495158
6.086835766330224	1.7671458676442586	-0.9238795325112865
6.283185307179586	1.7671458676442586	-1.118969854527415

0.0	1.9634954084936207	-1.0265599343186738
0.19634954084936207	1.9634954084936207	-1.2141530446676354
0.39269908169872414	1.9634954084936207	-1.3870398453221475
0.5890486225480862	1.9634954084936207	-1.5385763934890928
0.7853981633974483	1.9634954084936207	-1.6629392246050907
0.9817477042468103	1.9634954084936207	-1.7553491448138319
1.1780972450961724	1.9634954084936207	-1.8122548927057758
1.3744467859455345	1.9634954084936207	-1.8314696123025451
1.5707963267948966	1.9634954084936207	-1.8122548927057756
1.7671458676442586	1.9634954084936207	-1.7553491448138319
1.9634954084936207	1.9634954084936207	-1.6629392246050902
2.1598449493429825	1.9634954084936207	-1.5385763934890926
2.356194490192345	1.9634954084936207	-1.387039845322147
2.552544031041707	1.9634954084936207	-1.2141530446676345
2.748893571891069	1.9634954084936207	-1.026559934318673
2.945243112740431	1.9634954084936207	-0.8314696123025451
3.141592653589793	1.9634954084936207	-0.6363792902864167
3.3379421944391554	1.9634954084936207	-0.44878617993745495
3.5342917352885173	1.9634954084936207	-0.2758993792829427
3.730641276137879	1.9634954084936207	-0.12436283111599766
3.9269908169872414	1.9634954084936207	2.220446049250313E-16
4.123340357836604	1.9634954084936207	0.09240992020874184
4.319689898685965	1.9634954084936207	0.1493156681006853
4.516039439535327	1.9634954084936207	0.16853038769745488
4.71238898038469	1.9634954084936207	0.1493156681006853
4.908738521234052	1.9634954084936207	0.0924099202087415
5.105088062083414	1.9634954084936207	-2.220446049250313E-16
5.301437602932776	1.9634954084936207	-0.12436283111599755
5.497787143782138	1.9634954084936207	-0.27589937928294295
5.6941366846315	1.9634954084936207	-0.4487861799374557
5.890486225480862	1.9634954084936207	-0.6363792902864165
6.086835766330224	1.9634954084936207	-0.831469612302545
6.283185307179586	1.9634954084936207	-1.0265599343186735

0.0	2.1598449493429825	-0.9021971032026761
0.19634954084936207	2.1598449493429825	-1.0897902135516377
0.39269908169872414	2.1598449493429825	-1.26267701420615
0.5890486225480862	2.1598449493429825	-1.414213562373095
0.7853981633974483	2.1598449493429825	-1.5385763934890928
0.9817477042468103	2.1598449493429825	-1.6309863136978344
1.1780972450961724	2.1598449493429825	-1.687892061589778
1.3744467859455345	2.1598449493429825	-1.7071067811865475
1.5707963267948966	2.1598449493429825	-1.687892061589778
1.7671458676442586	2.1598449493429825	-1.630986313697834
1.9634954084936207	2.1598449493429825	-1.5385763934890926
2.1598449493429825	2.1598449493429825	-1.414213562373095
2.356194490192345	2.1598449493429825	-1.2626770142061496
2.552544031041707	2.1598449493429825	-1.0897902135516369
2.748893571891069	2.1598449493429825	-0.9021971032026755
2.945243112740431	2.1598449493429825	-0.7071067811865475
3.141592653589793	2.1598449493429825	-0.512016459170419
3.3379421944391554	2.1598449493429825	-0.3244233488214573
3.5342917352885173	2.1598449493429825	-0.15153654816694506
3.730641276137879	2.1598449493429825	0.0
3.9269908169872414	2.1598449493429825	0.12436283111599788
4.123340357836604	2.1598449493429825	0.2167727513247395
4.319689898685965	2.1598449493429825	0.27367849921668297
4.516039439535327	2.1598449493429825	0.29289321881345254
4.71238898038469	2.1598449493429825	0.27367849921668297
4.908738521234052	2.1598449493429825	0.21677275132473917
5.105088062083414	2.1598449493429825	0.12436283111599744
5.301437602932776	2.1598449493429825	1.1102230246251565E-16
5.497787143782138	2.1598449493429825	-0.15153654816694528
5.6941366846315	2.1598449493429825	-0.324423348821458
5.890486225480862	2.1598449493429825	-0.5120164591704188
6.086835766330224	2.1598449493429825	-0.7071067811865474
6.283185307179586	2.1598449493429825	-0.9021971032026759

0.0	2.356194490192345	-0.7506605550357307
0.19634954084936207	2.356194490192345	-0.9382536653846923
0.39269908169872414	2.356194490192345	-1.1111404660392046
0.5890486225480862	2.356194490192345	-1.2626770142061496
0.7853981633974483	2.356194490192345	-1.3870398453221475
0.9817477042468103	2.356194490192345	-1.479449765530889
1.1780972450961724	2.356194490192345	-1.5363555134228326
1.3744467859455345	2.356194490192345	-1.5555702330196022
1.5707963267948966	2.356194490192345	-1.5363555134228326
1.7671458676442586	2.356194490192345	-1.4794497655308887
1.9634954084936207	2.356194490192345	-1.387039845322147
2.1598449493429825	2.356194490192345	-1.2626770142061496
2.356194490192345	2.356194490192345	-1.1111404660392041
2.552544031041707	2.356194490192345	-0.9382536653846913
2.748893571891069	2.356194490192345	-0.7506605550357301
2.945243112740431	2.356194490192345	-0.5555702330196021
3.141592653589793	2.356194490192345	-0.3604799110034736
3.3379421944391554	2.356194490192345	-0.1728868006545119
3.5342917352885173	2.356194490192345	3.3306690738754696E-16
3.730641276137879	2.356194490192345	0.1515365481669454
3.9269908169872414	2.356194490192345	0.2758993792829433
4.123340357836604	2.356194490192345	0.3683092994916849
4.319689898685965	2.356194490192345	0.42521504738362836
4.516039439535327	2.356194490192345	0.44442976698039793
4.71238898038469	2.356194490192345	0.42521504738362836
4.908738521234052	2.356194490192345	0.36830929949168456
5.105088062083414	2.356194490192345	0.27589937928294284
5.301437602932776	2.356194490192345	0.1515365481669455
5.497787143782138	2.356194490192345	1.1102230246251565E-16
5.6941366846315	2.356194490192345	-0.17288680065451262
5.890486225480862	2.356194490192345	-0.36047991100347343
6.086835766330224	2.356194490192345	-0.555570233019602
6.283185307179586	2.356194490192345	-0.7506605550357304

0.0	2.552544031041707	-0.5777737543812179
0.19634954084936207	2.552544031041707	-0.7653668647301797
0.39269908169872414	2.552544031041707	-0.9382536653846918
0.5890486225480862	2.552544031041707	-1.0897902135516369
0.7853981633974483	2.552544031041707	-1.2141530446676347
0.9817477042468103	2.552544031041707	-1.3065629648763761
1.1780972450961724	2.552544031041707	-1.3634687127683198
1.3744467859455345	2.552544031041707	-1.3826834323650894
1.5707963267948966	2.552544031041707	-1.3634687127683198
1.7671458676442586	2.552544031041707	-1.306562964876376
1.9634954084936207	2.552544031041707	-1.2141530446676345
2.1598449493429825	2.552544031041707	-1.0897902135516369
2.356194490192345	2.552544031041707	-0.9382536653846913
2.552544031041707	2.552544031041707	-0.7653668647301787
2.748893571891069	2.552544031041707	-0.5777737543812174
2.945243112740431	2.552544031041707	-0.38268343236508934
3.141592653589793	2.552544031041707	-0.18759311034896087
3.3379421944391554	2.552544031041707	8.326672684688674E-16
3.5342917352885173	2.552544031041707	0.17288680065451306
3.730641276137879	2.552544031041707	0.3244233488214581
3.9269908169872414	2.552544031041707	0.448786179937456
4.123340357836604	2.552544031041707	0.5411961001461976
4.319689898685965	2.552544031041707	0.598101848038141
4.516039439535327	2.552544031041707	0.6173165676349106
4.71238898038469	2.552544031041707	0.598101848038141
4.908738521234052	2.552544031041707	0.5411961001461973
5.105088062083414	2.552544031041707	0.44878617993745556
5.301437602932776	2.552544031041707	0.32442334882145824
5.497787143782138	2.552544031041707	0.17288680065451284
5.6941366846315	2.552544031041707	1.1102230246251565E-16
5.890486225480862	2.552544031041707	-0.18759311034896073
6.086835766330224	2.552544031041707	-0.3826834323650892
6.283185307179586	2.552544031041707	-0.5777737543812177

0.0	2.748893571891069	-0.39018064403225666
0.19634954084936207	2.748893571891069	-0.5777737543812184
0.39269908169872414	2.748893571891069	-0.7506605550357306
0.5890486225480862	2.748893571891069	-0.9021971032026757
0.7853981633974483	2.748893571891069	-1.0265599343186735
0.9817477042468103	2.748893571891069	-1.118969854527415
1.1780972450961724	2.748893571891069	-1.1758756024193586
1.3744467859455345	2.748893571891069	-1.195090322016128
1.5707963267948966	2.748893571891069	-1.1758756024193584
1.7671458676442586	2.748893571891069	-1.1189698545274147
1.9634954084936207	2.748893571891069	-1.026559934318673
2.1598449493429825	2.748893571891069	-0.9021971032026755
2.356194490192345	2.748893571891069	-0.7506605550357301
2.552544031041707	2.748893571891069	-0.5777737543812174
2.748893571891069	2.748893571891069	-0.3901806440322561
2.945243112740431	2.748893571891069	-0.19509032201612805
3.141592653589793	2.748893571891069	4.163336342344337E-16
3.3379421944391554	2.748893571891069	0.18759311034896212
3.5342917352885173	2.748893571891069	0.3604799110034743
3.730641276137879	2.748893571891069	0.5120164591704194
3.9269908169872414	2.748893571891069	0.6363792902864173
4.123340357836604	2.748893571891069	0.7287892104951589
4.319689898685965	2.748893571891069	0.7856949583871023
4.516039439535327	2.748893571891069	0.8049096779838719
4.71238898038469	2.748893571891069	0.7856949583871023
4.908738521234052	2.748893571891069	0.7287892104951585
5.105088062083414	2.748893571891069	0.6363792902864168
5.301437602932776	2.748893571891069	0.5120164591704195
5.497787143782138	2.748893571891069	0.3604799110034741
5.6941366846315	2.748893571891069	0.1875931103489614
5.890486225480862	2.748893571891069	5.551115123125783E-16
6.086835766330224	2.748893571891069	-0.19509032201612794
6.283185307179586	2.748893571891069	-0.3901806440322564

0.0	2.945243112740431	-0.1950903220161286
0.19634954084936207	2.945243112740431	-0.3826834323650903
0.39269908169872414	2.945243112740431	-0.5555702330196025
0.5890486225480862	2.945243112740431	-0.7071067811865476
0.7853981633974483	2.945243112740431	-0.8314696123025455
0.9817477042468103	2.945243112740431	-0.9238795325112868
1.1780972450961724	2.945243112740431	-0.9807852804032305
1.3744467859455345	2.945243112740431	-1.0
1.5707963267948966	2.945243112740431	-0.9807852804032304
1.7671458676442586	2.945243112740431	-0.9238795325112866
1.9634954084936207	2.945243112740431	-0.8314696123025451
2.1598449493429825	2.945243112740431	-0.7071067811865475
2.356194490192345	2.945243112740431	-0.5555702330196021
2.552544031041707	2.945243112740431	-0.38268343236508934
2.748893571891069	2.945243112740431	-0.19509032201612805
2.945243112740431	2.945243112740431	0.0
3.141592653589793	2.945243112740431	0.19509032201612847
3.3379421944391554	2.945243112740431	0.38268343236509017
3.5342917352885173	2.945243112740431	0.5555702330196024
3.730641276137879	2.945243112740431	0.7071067811865475
3.9269908169872414	2.945243112740431	0.8314696123025453
4.123340357836604	2.945243112740431	0.923879532511287
4.319689898685965	2.945243112740431	0.9807852804032304
4.516039439535327	2.945243112740431	1.0
4.71238898038469	2.945243112740431	0.9807852804032304
4.908738521234052	2.945243112740431	0.9238795325112866
5.105088062083414	2.945243112740431	0.8314696123025449
5.301437602932776	2.945243112740431	0.7071067811865476
5.497787143782138	2.945243112740431	0.5555702330196022
5.6941366846315	2.945243112740431	0.38268343236508945
5.890486225480862	2.945243112740431	0.1950903220161286
6.086835766330224	2.945243112740431	1.2246467991473532E-16
6.283185307179586	2.945243112740431	-0.19509032201612836

0.0	3.141592653589793	-1.3877787807814457E-16
0.19634954084936207	3.141592653589793	-0.1875931103489618
0.39269908169872414	3.141592653589793	-0.36047991100347404
0.5890486225480862	3.141592653589793	-0.512016459170419
0.7853981633974483	3.141592653589793	-0.6363792902864169
0.9817477042468103	3.141592653589793	-0.7287892104951583
1.1780972450961724	3.141592653589793	-0.785694958387102
1.3744467859455345	3.141592653589793	-0.8049096779838716
1.5707963267948966	3.141592653589793	-0.785694958387102
1.7671458676442586	3.141592653589793	-0.7287892104951581
1.9634954084936207	3.141592653589793	-0.6363792902864167
2.1598449493429825	3.141592653589793	-0.512016459170419
2.356194490192345	3.141592653589793	-0.3604799110034736
2.552544031041707	3.141592653589793	-0.18759311034896087
2.748893571891069	3.141592653589793	4.163336342344337E-16
2.945243112740431	3.141592653589793	0.19509032201612847
3.141592653589793	3.141592653589793	0.39018064403225694
3.3379421944391554	3.141592653589793	0.5777737543812187
3.5342917352885173	3.141592653589793	0.7506605550357308
3.730641276137879	3.141592653589793	0.9021971032026759
3.9269908169872414	3.141592653589793	1.0265599343186738
4.123340357836604	3.141592653589793	1.1189698545274154
4.319689898685965	3.141592653589793	1.1758756024193588
4.516039439535327	3.141592653589793	1.1950903220161284
4.71238898038469	3.141592653589793	1.1758756024193588
4.908738521234052	3.141592653589793	1.1189698545274152
5.105088062083414	3.141592653589793	1.0265599343186733
5.301437602932776	3.141592653589793	0.9021971032026761
5.497787143782138	3.141592653589793	0.7506605550357306
5.6941366846315	3.141592653589793	0.5777737543812179
5.890486225480862	3.141592653589793	0.39018064403225705
6.086835766330224	3.141592653589793	0.19509032201612858
6.283185307179586	3.141592653589793	1.1102230246251565E-16

0.0	3.3379421944391554	0.18759311034896156
0.19634954084936207	3.3379421944391554	-1.1102230246251565E-16
0.39269908169872414	3.3379421944391554	-0.17288680065451234
0.5890486225480862	3.3379421944391554	-0.3244233488214574
0.7853981633974483	3.3379421944391554	-0.4487861799374553
0.9817477042468103	3.3379421944391554	-0.5411961001461967
1.1780972450961724	3.3379421944391554	-0.5981018480381404
1.3744467859455345	3.3379421944391554	-0.6173165676349098
1.5707963267948966	3.3379421944391554	-0.5981018480381403
1.7671458676442586	3.3379421944391554	-0.5411961001461965
1.9634954084936207	3.3379421944391554	-0.44878617993745495
2.1598449493429825	3.3379421944391554	-0.3244233488214573
2.356194490192345	3.3379421944391554	-0.1728868006545119
2.552544031041707	3.3379421944391554	8.326672684688674E-16
2.748893571891069	3.3379421944391554	0.18759311034896212
2.945243112740431	3.3379421944391554	0.38268343236509017
3.141592653589793	3.3379421944391554	0.5777737543812187
3.3379421944391554	3.3379421944391554	0.7653668647301803
3.5342917352885173	3.3379421944391554	0.9382536653846926
3.730641276137879	3.3379421944391554	1.0897902135516375
3.9269908169872414	3.3379421944391554	1.2141530446676354
4.123340357836604	3.3379421944391554	1.306562964876377
4.319689898685965	3.3379421944391554	1.3634687127683205
4.516039439535327	3.3379421944391554	1.38268343236509
4.71238898038469	3.3379421944391554	1.3634687127683205
4.908738521234052	3.3379421944391554	1.3065629648763768
5.105088062083414	3.3379421944391554	1.214153044667635
5.301437602932776	3.3379421944391554	1.0897902135516377
5.497787143782138	3.3379421944391554	0.9382536653846923
5.6941366846315	3.3379421944391554	0.7653668647301797
5.890486225480862	3.3379421944391554	0.5777737543812188
6.086835766330224	3.3379421944391554	0.3826834323650903
6.283185307179586	3.3379421944391554	0.1875931103489618

0.0	3.5342917352885173	0.36047991100347376
0.19634954084936207	3.5342917352885173	0.17288680065451212
0.39269908169872414	3.5342917352885173	-1.1102230246251565E-16
0.5890486225480862	3.5342917352885173	-0.15153654816694517
0.7853981633974483	3.5342917352885173	-0.27589937928294306
0.9817477042468103	3.5342917352885173	-0.36830929949168445
1.1780972450961724	3.5342917352885173	-0.42521504738362814
1.3744467859455345	3.5342917352885173	-0.4444297669803976
1.5707963267948966	3.5342917352885173	-0.42521504738362803
1.7671458676442586	3.5342917352885173	-0.36830929949168423
1.9634954084936207	3.5342917352885173	-0.2758993792829427
2.1598449493429825	3.5342917352885173	-0.15153654816694506
2.356194490192345	3.5342917352885173	3.3306690738754696E-16
2.552544031041707	3.5342917352885173	0.17288680065451306
2.748893571891069	3.5342917352885173	0.3604799110034743
2.945243112740431	3.5342917352885173	0.5555702330196024
3.141592653589793	3.5342917352885173	0.7506605550357308
3.3379421944391554	3.5342917352885173	0.9382536653846926
3.5342917352885173	3.5342917352885173	1.1111404660392048
3.730641276137879	3.5342917352885173	1.2626770142061499
3.9269908169872414	3.5342917352885173	1.3870398453221477
4.123340357836604	3.5342917352885173	1.4794497655308894
4.319689898685965	3.5342917352885173	1.5363555134228328
4.516039439535327	3.5342917352885173	1.5555702330196024
4.71238898038469	3.5342917352885173	1.5363555134228328
4.908738521234052	3.5342917352885173	1.4794497655308891
5.105088062083414	3.5342917352885173	1.3870398453221473
5.301437602932776	3.5342917352885173	1.26267701420615
5.497787143782138	3.5342917352885173	1.1111404660392046
5.6941366846315	3.5342917352885173	0.9382536653846918
5.890486225480862	3.5342917352885173	0.750660555035731
6.086835766330224	3.5342917352885173	0.5555702330196025
6.283185307179586	3.5342917352885173	0.36047991100347404

0.0	3.730641276137879	0.5120164591704188
0.19634954084936207	3.730641276137879	0.3244233488214572
0.39269908169872414	3.730641276137879	0.15153654816694495
0.5890486225480862	3.730641276137879	-1.1102230246251565E-16
0.7853981633974483	3.730641276137879	-0.124362831115998
0.9817477042468103	3.730641276137879	-0.2167727513247394
1.1780972450961724	3.730641276137879	-0.2736784992166831
1.3744467859455345	3.730641276137879	-0.29289321881345254
1.5707963267948966	3.730641276137879	-0.27367849921668297
1.7671458676442586	3.730641276137879	-0.21677275132473917
1.9634954084936207	3.730641276137879	-0.12436283111599766
2.1598449493429825	3.730641276137879	0.0
2.356194490192345	3.730641276137879	0.1515365481669454
2.552544031041707	3.730641276137879	0.3244233488214581
2.748893571891069	3.730641276137879	0.5120164591704194
2.945243112740431	3.730641276137879	0.7071067811865475
3.141592653589793	3.730641276137879	0.9021971032026759
3.3379421944391554	3.730641276137879	1.0897902135516375
3.5342917352885173	3.730641276137879	1.2626770142061499
3.730641276137879	3.730641276137879	1.414213562373095
3.9269908169872414	3.730641276137879	1.5385763934890928
4.123340357836604	3.730641276137879	1.6309863136978344
4.319689898685965	3.730641276137879	1.687892061589778
4.516039439535327	3.730641276137879	1.7071067811865475
4.71238898038469	3.730641276137879	1.687892061589778
4.908738521234052	3.730641276137879	1.630986313697834
5.105088062083414	3.730641276137879	1.5385763934890924
5.301437602932776	3.730641276137879	1.414213562373095
5.497787143782138	3.730641276137879	1.2626770142061496
5.6941366846315	3.730641276137879	1.0897902135516369
5.890486225480862	3.730641276137879	0.9021971032026761
6.086835766330224	3.730641276137879	0.7071067811865476
6.283185307179586	3.730641276137879	0.512016459170419

0.0	3.9269908169872414	0.6363792902864167
0.19634954084936207	3.9269908169872414	0.44878617993745507
0.39269908169872414	3.9269908169872414	0.27589937928294284
0.5890486225480862	3.9269908169872414	0.12436283111599777
0.7853981633974483	3.9269908169872414	-1.1102230246251565E-16
0.9817477042468103	3.9269908169872414	-0.0924099202087415
1.1780972450961724	3.9269908169872414	-0.1493156681006852
1.3744467859455345	3.9269908169872414	-0.16853038769745465
1.5707963267948966	3.9269908169872414	-0.14931566810068508
1.7671458676442586	3.9269908169872414	-0.09240992020874128
1.9634954084936207	3.9269908169872414	2.220446049250313E-16
2.1598449493429825	3.9269908169872414	0.12436283111599788
2.356194490192345	3.9269908169872414	0.2758993792829433
2.552544031041707	3.9269908169872414	0.448786179937456
2.748893571891069	3.9269908169872414	0.6363792902864173
2.945243112740431	3.9269908169872414	0.8314696123025453
3.141592653589793	3.9269908169872414	1.0265599343186738
3.3379421944391554	3.9269908169872414	1.2141530446676354
3.5342917352885173	3.9269908169872414	1.3870398453221477
3.730641276137879	3.9269908169872414	1.5385763934890928
3.9269908169872414	3.9269908169872414	1.6629392246050907
4.123340357836604	3.9269908169872414	1.7553491448138323
4.319689898685965	3.9269908169872414	1.8122548927057758
4.516039439535327	3.9269908169872414	1.8314696123025453
4.71238898038469	3.9269908169872414	1.8122548927057758
4.908738521234052	3.9269908169872414	1.7553491448138319
5.105088062083414	3.9269908169872414	1.6629392246050902
5.301437602932776	3.9269908169872414	1.5385763934890928
5.497787143782138	3.9269908169872414	1.3870398453221475
5.6941366846315	3.9269908169872414	1.2141530446676347
5.890486225480862	3.9269908169872414	1.026559934318674
6.086835766330224	3.9269908169872414	0.8314696123025455
6.283185307179586	3.9269908169872414	0.6363792902864169

0.0	4.123340357836604	0.7287892104951583
0.19634954084936207	4.123340357836604	0.5411961001461967
0.39269908169872414	4.123340357836604	0.36830929949168445
0.5890486225480862	4.123340357836604	0.2167727513247394
0.7853981633974483	4.123340357836604	0.0924099202087415
0.9817477042468103	4.123340357836604	1.1102230246251565E-16
1.1780972450961724	4.123340357836604	-0.05690574789194358
1.3744467859455345	4.123340357836604	-0.07612046748871304
1.5707963267948966	4.123340357836604	-0.05690574789194347
1.7671458676442586	4.123340357836604	3.3306690738754696E-16
1.9634954084936207	4.123340357836604	0.09240992020874184
2.1598449493429825	4.123340357836604	0.2167727513247395
2.356194490192345	4.123340357836604	0.3683092994916849
2.552544031041707	4.123340357836604	0.5411961001461976
2.748893571891069	4.123340357836604	0.7287892104951589
2.945243112740431	4.123340357836604	0.923879532511287
3.141592653589793	4.123340357836604	1.1189698545274154
3.3379421944391554	4.123340357836604	1.306562964876377
3.5342917352885173	4.123340357836604	1.4794497655308894
3.730641276137879	4.123340357836604	1.6309863136978344
3.9269908169872414	4.123340357836604	1.7553491448138323
4.123340357836604	4.123340357836604	1.847759065022574
4.319689898685965	4.123340357836604	1.9046648129145174
4.516039439535327	4.123340357836604	1.923879532511287
4.71238898038469	4.123340357836604	1.9046648129145174
4.908738521234052	4.123340357836604	1.8477590650225735
5.105088062083414	4.123340357836604	1.7553491448138319
5.301437602932776	4.123340357836604	1.6309863136978344
5.497787143782138	4.123340357836604	1.4794497655308891
5.6941366846315	4.123340357836604	1.3065629648763764
5.890486225480862	4.123340357836604	1.1189698545274156
6.086835766330224	4.123340357836604	0.9238795325112871
6.283185307179586	4.123340357836604	0.7287892104951585

0.0	4.319689898685965	0.7856949583871018
0.19634954084936207	4.319689898685965	0.5981018480381401
0.39269908169872414	4.319689898685965	0.4252150473836279
0.5890486225480862	4.319689898685965	0.27367849921668286
0.7853981633974483	4.319689898685965	0.14931566810068497
0.9817477042468103	4.319689898685965	0.05690574789194358
1.1780972450961724	4.319689898685965	-1.1102230246251565E-16
1.3744467859455345	4.319689898685965	-0.01921471959676957
1.5707963267948966	4.319689898685965	0.0
1.7671458676442586	4.319689898685965	0.0569057478919438
1.9634954084936207	4.319689898685965	0.1493156681006853
2.1598449493429825	4.319689898685965	0.27367849921668297
2.356194490192345	4.319689898685965	0.42521504738362836
2.552544031041707	4.319689898685965	0.598101848038141
2.748893571891069	4.319689898685965	0.7856949583871023
2.945243112740431	4.319689898685965	0.9807852804032304
3.141592653589793	4.319689898685965	1.1758756024193588
3.3379421944391554	4.319689898685965	1.3634687127683205
3.5342917352885173	4.319689898685965	1.5363555134228328
3.730641276137879	4.319689898685965	1.687892061589778
3.9269908169872414	4.319689898685965	1.8122548927057758
4.123340357836604	4.319689898685965	1.9046648129145174
4.319689898685965	4.319689898685965	1.9615705608064609
4.516039439535327	4.319689898685965	1.9807852804032304
4.71238898038469	4.319689898685965	1.9615705608064609
4.908738521234052	4.319689898685965	1.904664812914517
5.105088062083414	4.319689898685965	1.8122548927057753
5.301437602932776	4.319689898685965	1.687892061589778
5.497787143782138	4.319689898685965	1.5363555134228326
5.6941366846315	4.319689898685965	1.3634687127683198
5.890486225480862	4.319689898685965	1.175875602419359
6.086835766330224	4.319689898685965	0.9807852804032305
6.283185307179586	4.319689898685965	0.785694958387102

0.0	4.516039439535327	0.8049096779838714
0.19634954084936207	4.516039439535327	0.6173165676349097
0.39269908169872414	4.516039439535327	0.4444297669803975
0.5890486225480862	4.516039439535327	0.2928932188134524
0.7853981633974483	4.516039439535327	0.16853038769745454
0.9817477042468103	4.516039439535327	0.07612046748871315
1.1780972450961724	4.516039439535327	0.01921471959676946
1.3744467859455345	4.516039439535327	0.0
1.5707963267948966	4.516039439535327	0.01921471959676957
1.7671458676442586	4.516039439535327	0.07612046748871337
1.9634954084936207	4.516039439535327	0.16853038769745488
2.1598449493429825	4.516039439535327	0.29289321881345254
2.356194490192345	4.516039439535327	0.44442976698039793
2.552544031041707	4.516039439535327	0.6173165676349106
2.748893571891069	4.516039439535327	0.8049096779838719
2.945243112740431	4.516039439535327	1.0
3.141592653589793	4.516039439535327	1.1950903220161284
3.3379421944391554	4.516039439535327	1.38268343236509
3.5342917352885173	4.516039439535327	1.5555702330196024
3.730641276137879	4.516039439535327	1.7071067811865475
3.9269908169872414	4.516039439535327	1.8314696123025453
4.123340357836604	4.516039439535327	1.923879532511287
4.319689898685965	4.516039439535327	1.9807852804032304
4.516039439535327	4.516039439535327	2.0
4.71238898038469	4.516039439535327	1.9807852804032304
4.908738521234052	4.516039439535327	1.9238795325112865
5.105088062083414	4.516039439535327	1.831469612302545
5.301437602932776	4.516039439535327	1.7071067811865475
5.497787143782138	4.516039439535327	1.5555702330196022
5.6941366846315	4.516039439535327	1.3826834323650894
5.890486225480862	4.516039439535327	1.1950903220161286
6.086835766330224	4.516039439535327	1.0000000000000002
6.283185307179586	4.516039439535327	0.8049096779838716

0.0	4.71238898038469	0.7856949583871018
0.19634954084936207	4.71238898038469	0.5981018480381401
0.39269908169872414	4.71238898038469	0.4252150473836279
0.5890486225480862	4.71238898038469	0.27367849921668286
0.7853981633974483	4.71238898038469	0.14931566810068497
0.9817477042468103	4.71238898038469	0.05690574789194358
1.1780972450961724	4.71238898038469	-1.1102230246251565E-16
1.3744467859455345	4.71238898038469	-0.01921471959676957
1.5707963267948966	4.71238898038469	0.0
1.7671458676442586	4.71238898038469	0.0569057478919438
1.9634954084936207	4.71238898038469	0.1493156681006853
2.1598449493429825	4.71238898038469	0.27367849921668297
2.356194490192345	4.71238898038469	0.42521504738362836
2.552544031041707	4.71238898038469	0.598101848038141
2.748893571891069	4.71238898038469	0.7856949583871023
2.945243112740431	4.71238898038469	0.9807852804032304
3.141592653589793	4.71238898038469	1.1758756024193588
3.3379421944391554	4.71238898038469	1.3634687127683205
3.5342917352885173	4.71238898038469	1.5363555134228328
3.730641276137879	4.71238898038469	1.687892061589778
3.9269908169872414	4.71238898038469	1.8122548927057758
4.123340357836604	4.71238898038469	1.9046648129145174
4.319689898685965	4.71238898038469	1.9615705608064609
4.516039439535327	4.71238898038469	1.9807852804032304
4.71238898038469	4.71238898038469	1.9615705608064609
4.908738521234052	4.71238898038469	1.904664812914517
5.105088062083414	4.71238898038469	1.8122548927057753
5.301437602932776	4.71238898038469	1.687892061589778
5.497787143782138	4.71238898038469	1.5363555134228326
5.6941366846315	4.71238898038469	1.3634687127683198
5.890486225480862	4.71238898038469	1.175875602419359
6.086835766330224	4.71238898038469	0.9807852804032305
6.283185307179586	4.71238898038469	0.785694958387102

0.0	4.908738521234052	0.728789210495158
0.19634954084936207	4.908738521234052	0.5411961001461963
0.39269908169872414	4.908738521234052	0.3683092994916841
0.5890486225480862	4.908738521234052	0.21677275132473905
0.7853981633974483	4.908738521234052	0.09240992020874117
0.9817477042468103	4.908738521234052	-2.220446049250313E-16
1.1780972450961724	4.908738521234052	-0.056905747891943914
1.3744467859455345	4.908738521234052	-0.07612046748871337
1.5707963267948966	4.908738521234052	-0.0569057478919438
1.7671458676442586	4.908738521234052	0.0
1.9634954084936207	4.908738521234052	0.0924099202087415
2.1598449493429825	4.908738521234052	0.21677275132473917
2.356194490192345	4.908738521234052	0.36830929949168456
2.552544031041707	4.908738521234052	0.5411961001461973
2.748893571891069	4.908738521234052	0.7287892104951585
2.945243112740431	4.908738521234052	0.9238795325112866
3.141592653589793	4.908738521234052	1.1189698545274152
3.3379421944391554	4.908738521234052	1.3065629648763768
3.5342917352885173	4.908738521234052	1.4794497655308891
3.730641276137879	4.908738521234052	1.630986313697834
3.9269908169872414	4.908738521234052	1.7553491448138319
4.123340357836604	4.908738521234052	1.8477590650225735
4.319689898685965	4.908738521234052	1.904664812914517
4.516039439535327	4.908738521234052	1.9238795325112865
4.71238898038469	4.908738521234052	1.904664812914517
4.908738521234052	4.908738521234052	1.8477590650225733
5.105088062083414	4.908738521234052	1.7553491448138314
5.301437602932776	4.908738521234052	1.6309863136978342
5.497787143782138	4.908738521234052	1.4794497655308887
5.6941366846315	4.908738521234052	1.3065629648763761
5.890486225480862	4.908738521234052	1.1189698545274152
6.086835766330224	4.908738521234052	0.9238795325112867
6.283185307179586	4.908738521234052	0.7287892104951583

0.0	5.105088062083414	0.6363792902864163
0.19634954084936207	5.105088062083414	0.4487861799374546
0.39269908169872414	5.105088062083414	0.2758993792829424
0.5890486225480862	5.105088062083414	0.12436283111599733
0.7853981633974483	5.105088062083414	-5.551115123125783E-16
0.9817477042468103	5.105088062083414	-0.09240992020874195
1.1780972450961724	5.105088062083414	-0.14931566810068564
1.3744467859455345	5.105088062083414	-0.1685303876974551
1.5707963267948966	5.105088062083414	-0.14931566810068553
1.7671458676442586	5.105088062083414	-0.09240992020874172
1.9634954084936207	5.105088062083414	-2.220446049250313E-16
2.1598449493429825	5.105088062083414	0.12436283111599744
2.356194490192345	5.105088062083414	0.27589937928294284
2.552544031041707	5.105088062083414	0.44878617993745556
2.748893571891069	5.105088062083414	0.6363792902864168
2.945243112740431	5.105088062083414	0.8314696123025449
3.141592653589793	5.105088062083414	1.0265599343186733
3.3379421944391554	5.105088062083414	1.214153044667635
3.5342917352885173	5.105088062083414	1.3870398453221473
3.730641276137879	5.105088062083414	1.5385763934890924
3.9269908169872414	5.105088062083414	1.6629392246050902
4.123340357836604	5.105088062083414	1.7553491448138319
4.319689898685965	5.105088062083414	1.8122548927057753
4.516039439535327	5.105088062083414	1.831469612302545
4.71238898038469	5.105088062083414	1.8122548927057753
4.908738521234052	5.105088062083414	1.7553491448138314
5.105088062083414	5.105088062083414	1.6629392246050898
5.301437602932776	5.105088062083414	1.5385763934890924
5.497787143782138	5.105088062083414	1.387039845322147
5.6941366846315	5.105088062083414	1.2141530446676343
5.890486225480862	5.105088062083414	1.0265599343186735
6.086835766330224	5.105088062083414	0.831469612302545
6.283185307179586	5.105088062083414	0.6363792902864165

0.0	5.301437602932776	0.5120164591704189
0.19634954084936207	5.301437602932776	0.3244233488214573
0.39269908169872414	5.301437602932776	0.15153654816694506
0.5890486225480862	5.301437602932776	0.0
0.7853981633974483	5.301437602932776	-0.12436283111599788
0.9817477042468103	5.301437602932776	-0.21677275132473928
1.1780972450961724	5.301437602932776	-0.27367849921668297
1.3744467859455345	5.301437602932776	-0.2928932188134524
1.5707963267948966	5.301437602932776	-0.27367849921668286
1.7671458676442586	5.301437602932776	-0.21677275132473905
1.9634954084936207	5.301437602932776	-0.12436283111599755
2.1598449493429825	5.301437602932776	1.1102230246251565E-16
2.356194490192345	5.301437602932776	0.1515365481669455
2.552544031041707	5.301437602932776	0.32442334882145824
2.748893571891069	5.301437602932776	0.5120164591704195
2.945243112740431	5.301437602932776	0.7071067811865476
3.141592653589793	5.301437602932776	0.9021971032026761
3.3379421944391554	5.301437602932776	1.0897902135516377
3.5342917352885173	5.301437602932776	1.26267701420615
3.730641276137879	5.301437602932776	1.414213562373095
3.9269908169872414	5.301437602932776	1.5385763934890928
4.123340357836604	5.301437602932776	1.6309863136978344
4.319689898685965	5.301437602932776	1.687892061589778
4.516039439535327	5.301437602932776	1.7071067811865475
4.71238898038469	5.301437602932776	1.687892061589778
4.908738521234052	5.301437602932776	1.6309863136978342
5.105088062083414	5.301437602932776	1.5385763934890924
5.301437602932776	5.301437602932776	1.4142135623730951
5.497787143782138	5.301437602932776	1.2626770142061496
5.6941366846315	5.301437602932776	1.089790213551637
5.890486225480862	5.301437602932776	0.9021971032026762
6.086835766330224	5.301437602932776	0.7071067811865477
6.283185307179586	5.301437602932776	0.5120164591704193

0.0	5.497787143782138	0.36047991100347354
0.19634954084936207	5.497787143782138	0.1728868006545119
0.39269908169872414	5.497787143782138	-3.3306690738754696E-16
0.5890486225480862	5.497787143782138	-0.1515365481669454
0.7853981633974483	5.497787143782138	-0.2758993792829433
0.9817477042468103	5.497787143782138	-0.36830929949168467
1.1780972450961724	5.497787143782138	-0.42521504738362836
1.3744467859455345	5.497787143782138	-0.4444297669803978
1.5707963267948966	5.497787143782138	-0.42521504738362825
1.7671458676442586	5.497787143782138	-0.36830929949168445
1.9634954084936207	5.497787143782138	-0.27589937928294295
2.1598449493429825	5.497787143782138	-0.15153654816694528
2.356194490192345	5.497787143782138	1.1102230246251565E-16
2.552544031041707	5.497787143782138	0.17288680065451284
2.748893571891069	5.497787143782138	0.3604799110034741
2.945243112740431	5.497787143782138	0.5555702330196022
3.141592653589793	5.497787143782138	0.7506605550357306
3.3379421944391554	5.497787143782138	0.9382536653846923
3.5342917352885173	5.497787143782138	1.1111404660392046
3.730641276137879	5.497787143782138	1.2626770142061496
3.9269908169872414	5.497787143782138	1.3870398453221475
4.123340357836604	5.497787143782138	1.4794497655308891
4.319689898685965	5.497787143782138	1.5363555134228326
4.516039439535327	5.497787143782138	1.5555702330196022
4.71238898038469	5.497787143782138	1.5363555134228326
4.908738521234052	5.497787143782138	1.4794497655308887
5.105088062083414	5.497787143782138	1.387039845322147
5.301437602932776	5.497787143782138	1.2626770142061496
5.497787143782138	5.497787143782138	1.1111404660392044
5.6941366846315	5.497787143782138	0.9382536653846916
5.890486225480862	5.497787143782138	0.7506605550357308
6.086835766330224	5.497787143782138	0.5555702330196023
6.283185307179586	5.497787143782138	0.3604799110034738

0.0	5.6941366846315	0.18759311034896084
0.19634954084936207	5.6941366846315	-8.326672684688674E-16
0.39269908169872414	5.6941366846315	-0.17288680065451306
0.5890486225480862	5.6941366846315	-0.3244233488214581
0.7853981633974483	5.6941366846315	-0.448786179937456
0.9817477042468103	5.6941366846315	-0.5411961001461973
1.1780972450961724	5.6941366846315	-0.598101848038141
1.3744467859455345	5.6941366846315	-0.6173165676349106
1.5707963267948966	5.6941366846315	-0.598101848038141
1.7671458676442586	5.6941366846315	-0.5411961001461971
1.9634954084936207	5.6941366846315	-0.4487861799374557
2.1598449493429825	5.6941366846315	-0.324423348821458
2.356194490192345	5.6941366846315	-0.17288680065451262
2.552544031041707	5.6941366846315	1.1102230246251565E-16
2.748893571891069	5.6941366846315	0.1875931103489614
2.945243112740431	5.6941366846315	0.38268343236508945
3.141592653589793	5.6941366846315	0.5777737543812179
3.3379421944391554	5.6941366846315	0.7653668647301797
3.5342917352885173	5.6941366846315	0.9382536653846918
3.730641276137879	5.6941366846315	1.0897902135516369
3.9269908169872414	5.6941366846315	1.2141530446676347
4.123340357836604	5.6941366846315	1.3065629648763764
4.319689898685965	5.6941366846315	1.3634687127683198
4.516039439535327	5.6941366846315	1.3826834323650894
4.71238898038469	5.6941366846315	1.3634687127683198
4.908738521234052	5.6941366846315	1.3065629648763761
5.105088062083414	5.6941366846315	1.2141530446676343
5.301437602932776	5.6941366846315	1.089790213551637
5.497787143782138	5.6941366846315	0.9382536653846916
5.6941366846315	5.6941366846315	0.7653668647301789
5.890486225480862	5.6941366846315	0.577773754381218
6.086835766330224	5.6941366846315	0.38268343236508956
6.283185307179586	5.6941366846315	0.1875931103489611

0.0	5.890486225480862	0.0
0.19634954084936207	5.890486225480862	-0.18759311034896167
0.39269908169872414	5.890486225480862	-0.3604799110034739
0.5890486225480862	5.890486225480862	-0.5120164591704189
0.7853981633974483	5.890486225480862	-0.6363792902864168
0.9817477042468103	5.890486225480862	-0.7287892104951582
1.1780972450961724	5.890486225480862	-0.7856949583871019
1.3744467859455345	5.890486225480862	-0.8049096779838714
1.5707963267948966	5.890486225480862	-0.7856949583871018
1.7671458676442586	5.890486225480862	-0.728789210495158
1.9634954084936207	5.890486225480862	-0.6363792902864165
2.1598449493429825	5.890486225480862	-0.5120164591704188
2.356194490192345	5.890486225480862	-0.36047991100347343
2.552544031041707	5.890486225480862	-0.18759311034896073
2.748893571891069	5.890486225480862	5.551115123125783E-16
2.945243112740431	5.890486225480862	0.1950903220161286
3.141592653589793	5.890486225480862	0.39018064403225705
3.3379421944391554	5.890486225480862	0.5777737543812188
3.5342917352885173	5.890486225480862	0.750660555035731
3.730641276137879	5.890486225480862	0.9021971032026761
3.9269908169872414	5.890486225480862	1.026559934318674
4.123340357836604	5.890486225480862	1.1189698545274156
4.319689898685965	5.890486225480862	1.175875602419359
4.516039439535327	5.890486225480862	1.1950903220161286
4.71238898038469	5.890486225480862	1.175875602419359
4.908738521234052	5.890486225480862	1.1189698545274152
5.105088062083414	5.890486225480862	1.0265599343186735
5.301437602932776	5.890486225480862	0.9021971032026762
5.497787143782138	5.890486225480862	0.7506605550357308
5.6941366846315	5.890486225480862	0.577773754381218
5.890486225480862	5.890486225480862	0.3901806440322572
6.086835766330224	5.890486225480862	0.19509032201612872
6.283185307179586	5.890486225480862	2.498001805406602E-16

0.0	6.086835766330224	-0.1950903220161285
0.19634954084936207	6.086835766330224	-0.38268343236509017
0.39269908169872414	6.086835766330224	-0.5555702330196024
0.5890486225480862	6.086835766330224	-0.7071067811865475
0.7853981633974483	6.086835766330224	-0.8314696123025453
0.9817477042468103	6.086835766330224	-0.9238795325112867
1.1780972450961724	6.086835766330224	-0.9807852804032304
1.3744467859455345	6.086835766330224	-0.9999999999999999
1.5707963267948966	6.086835766330224	-0.9807852804032303
1.7671458676442586	6.086835766330224	-0.9238795325112865
1.9634954084936207	6.086835766330224	-0.831469612302545
2.1598449493429825	6.086835766330224	-0.7071067811865474
2.356194490192345	6.086835766330224	-0.555570233019602
2.552544031041707	6.086835766330224	-0.3826834323650892
2.748893571891069	6.086835766330224	-0.19509032201612794
2.945243112740431	6.086835766330224	1.2246467991473532E-16
3.141592653589793	6.086835766330224	0.19509032201612858
3.3379421944391554	6.086835766330224	0.3826834323650903
3.5342917352885173	6.086835766330224	0.5555702330196025
3.730641276137879	6.086835766330224	0.7071067811865476
3.9269908169872414	6.086835766330224	0.8314696123025455
4.123340357836604	6.086835766330224	0.9238795325112871
4.319689898685965	6.086835766330224	0.9807852804032305
4.516039439535327	6.086835766330224	1.0000000000000002
4.71238898038469	6.086835766330224	0.9807852804032305
4.908738521234052	6.086835766330224	0.9238795325112867
5.105088062083414	6.086835766330224	0.831469612302545
5.301437602932776	6.086835766330224	0.7071067811865477
5.497787143782138	6.086835766330224	0.5555702330196023
5.6941366846315	6.086835766330224	0.38268343236508956
5.890486225480862	6.086835766330224	0.19509032201612872
6.086835766330224	6.086835766330224	2.4492935982947064E-16
6.283185307179586	6.086835766330224	-0.19509032201612825

0.0	6.283185307179586	-0.39018064403225694
0.19634954084936207	6.283185307179586	-0.5777737543812187
0.39269908169872414	6.283185307179586	-0.7506605550357308
0.5890486225480862	6.283185307179586	-0.9021971032026759
0.7853981633974483	6.283185307179586	-1.0265599343186738
0.9817477042468103	6.283185307179586	-1.1189698545274152
1.1780972450961724	6.283185307179586	-1.1758756024193588
1.3744467859455345	6.283185307179586	-1.1950903220161284
1.5707963267948966	6.283185307179586	-1.1758756024193588
1.7671458676442586	6.283185307179586	-1.118969854527415
1.9634954084936207	6.283185307179586	-1.0265599343186735
2.1598449493429825	6.283185307179586	-0.9021971032026759
2.356194490192345	6.283185307179586	-0.7506605550357304
2.552544031041707	6.283185307179586	-0.5777737543812177
2.748893571891069	6.283185307179586	-0.3901806440322564
2.945243112740431	6.283185307179586	-0.19509032201612836
3.141592653589793	6.283185307179586	1.1102230246251565E-16
3.3379421944391554	6.283185307179586	0.1875931103489618
3.5342917352885173	6.283185307179586	0.36047991100347404
3.730641276137879	6.283185307179586	0.512016459170419
3.9269908169872414	6.283185307179586	0.6363792902864169
4.123340357836604	6.283185307179586	0.7287892104951585
4.319689898685965	6.283185307179586	0.785694958387102
4.516039439535327	6.283185307179586	0.8049096779838716
4.71238898038469	6.283185307179586	0.785694958387102
4.908738521234052	6.283185307179586	0.7287892104951583
5.105088062083414	6.283185307179586	0.6363792902864165
5.301437602932776	6.283185307179586	0.5120164591704193
5.497787143782138	6.283185307179586	0.3604799110034738
5.6941366846315	6.283185307179586	0.1875931103489611
5.890486225480862	6.283185307179586	2.498001805406602E-16
6.086835766330224	6.283185307179586	-0.19509032201612825
6.283185307179586	6.283185307179586	-0.3901806440322567

