0.0	0.0	-1.8477590650225735
0.19634954084936207	0.0	-1.9046648129145172
0.39269908169872414	0.0	-1.9238795325112867
0.5890486225480862	0.0	-1.9046648129145172
0.7853981633974483	0.0	-1.8477590650225735
0.9817477042468103	0.0	-1.7553491448138319
1.1780972450961724	0.0	-1.6309863136978342
1.3744467859455345	0.0	-1.479449765530889
1.5707963267948966	0.0	-1.3065629648763766
1.7671458676442586	0.0	-1.118969854527415
1.9634954084936207	0.0	-0.9238795325112867
2.1598449493429825	0.0	-0.7287892104951587
2.356194490192345	0.0	-0.5411961001461969
2.552544031041707	0.0	-0.36830929949168434
2.748893571891069	0.0	-0.21677275132473928
2.945243112740431	0.0	-0.09240992020874161
3.141592653589793	0.0	0.0
3.3379421944391554	0.0	0.05690574789194369
3.5342917352885173	0.0	0.07612046748871326
3.730641276137879	0.0	0.0569057478919438
3.9269908169872414	0.0	0.0
4.123340357836604	0.0	-0.09240992020874161
4.319689898685965	0.0	-0.21677275132473883
4.516039439535327	0.0	-0.36830929949168423
4.71238898038469	0.0	-0.5411961001461969
4.908738521234052	0.0	-0.7287892104951585
5.105088062083414	0.0	-0.9238795325112871
5.301437602932776	0.0	-1.1189698545274147
5.497787143782138	0.0	-1.3065629648763764
5.6941366846315	0.0	-1.4794497655308891
5.890486225480862	0.0	-1.630986313697834
6.086835766330224	0.0	-1.7553491448138319
6.283185307179586	0.0	-1.8477590650225733

0.0	0.19634954084936207	-1.9046648129145172
0.19634954084936207	0.19634954084936207	-1.9615705608064609
0.39269908169872414	0.19634954084936207	-1.9807852804032304
0.5890486225480862	0.19634954084936207	-1.9615705608064609
0.7853981633974483	0.19634954084936207	-1.9046648129145172
0.9817477042468103	0.19634954084936207	-1.8122548927057758
1.1780972450961724	0.19634954084936207	-1.687892061589778
1.3744467859455345	0.19634954084936207	-1.5363555134228326
1.5707963267948966	0.19634954084936207	-1.3634687127683203
1.7671458676442586	0.19634954084936207	-1.1758756024193586
1.9634954084936207	0.19634954084936207	-0.9807852804032304
2.1598449493429825	0.19634954084936207	-0.7856949583871023
2.356194490192345	0.19634954084936207	-0.5981018480381406
2.552544031041707	0.19634954084936207	-0.42521504738362803
2.748893571891069	0.19634954084936207	-0.27367849921668297
2.945243112740431	0.19634954084936207	-0.1493156681006853
3.141592653589793	0.19634954084936207	-0.05690574789194369
3.3379421944391554	0.19634954084936207	0.0
3.5342917352885173	0.19634954084936207	0.01921471959676957
3.730641276137879	0.19634954084936207	1.1102230246251565E-16
3.9269908169872414	0.19634954084936207	-0.05690574789194369
4.123340357836604	0.19634954084936207	-0.1493156681006853
4.319689898685965	0.19634954084936207	-0.2736784992166825
4.516039439535327	0.19634954084936207	-0.4252150473836279
4.71238898038469	0.19634954084936207	-0.5981018480381406
4.908738521234052	0.19634954084936207	-0.7856949583871022
5.105088062083414	0.19634954084936207	-0.9807852804032308
5.301437602932776	0.19634954084936207	-1.1758756024193584
5.497787143782138	0.19634954084936207	-1.36346871276832
5.6941366846315	0.19634954084936207	-1.5363555134228326
5.890486225480862	0.19634954084936207	-1.6878920615897774
6.086835766330224	0.19634954084936207	-1.8122548927057758
6.283185307179586	0.19634954084936207	-1.904664812914517

0.0	0.39269908169872414	-1.9238795325112867
0.19634954084936207	0.39269908169872414	-1.9807852804032304
0.39269908169872414	0.39269908169872414	-2.0
0.5890486225480862	0.39269908169872414	-1.9807852804032304
0.7853981633974483	0.39269908169872414	-1.9238795325112867
0.9817477042468103	0.39269908169872414	-1.8314696123025453
1.1780972450961724	0.39269908169872414	-1.7071067811865475
1.3744467859455345	0.39269908169872414	-1.5555702330196022
1.5707963267948966	0.39269908169872414	-1.3826834323650898
1.7671458676442586	0.39269908169872414	-1.1950903220161282
1.9634954084936207	0.39269908169872414	-1.0
2.1598449493429825	0.39269908169872414	-0.8049096779838719
2.356194490192345	0.39269908169872414	-0.6173165676349102
2.552544031041707	0.39269908169872414	-0.4444297669803976
2.748893571891069	0.39269908169872414	-0.29289321881345254
2.945243112740431	0.39269908169872414	-0.16853038769745488
3.141592653589793	0.39269908169872414	-0.07612046748871326
3.3379421944391554	0.39269908169872414	-0.01921471959676957
3.5342917352885173	0.39269908169872414	0.0
3.730641276137879	0.39269908169872414	-0.01921471959676946
3.9269908169872414	0.39269908169872414	-0.07612046748871326
4.123340357836604	0.39269908169872414	-0.16853038769745488
4.319689898685965	0.39269908169872414	-0.2928932188134521
4.516039439535327	0.39269908169872414	-0.4444297669803975
4.71238898038469	0.39269908169872414	-0.6173165676349102
4.908738521234052	0.39269908169872414	-0.8049096779838718
5.105088062083414	0.39269908169872414	-1.0000000000000002
5.301437602932776	0.39269908169872414	-1.195090322016128
5.497787143782138	0.39269908169872414	-1.3826834323650896
5.6941366846315	0.39269908169872414	-1.5555702330196022
5.890486225480862	0.39269908169872414	-1.707106781186547
6.086835766330224	0.39269908169872414	-1.8314696123025453
6.283185307179586	0.39269908169872414	-1.9238795325112865

0.0	0.5890486225480862	-1.9046648129145172
0.19634954084936207	0.5890486225480862	-1.9615705608064609
0.39269908169872414	0.5890486225480862	-1.9807852804032304
0.5890486225480862	0.5890486225480862	-1.9615705608064609
0.7853981633974483	0.5890486225480862	-1.9046648129145172
0.9817477042468103	0.5890486225480862	-1.8122548927057758
1.1780972450961724	0.5890486225480862	-1.687892061589778
1.3744467859455345	0.5890486225480862	-1.5363555134228326
1.5707963267948966	0.5890486225480862	-1.3634687127683203
1.7671458676442586	0.5890486225480862	-1.1758756024193586
1.9634954084936207	0.5890486225480862	-0.9807852804032304
2.1598449493429825	0.5890486225480862	-0.7856949583871023
2.356194490192345	0.5890486225480862	-0.5981018480381406
2.552544031041707	0.5890486225480862	-0.42521504738362803
2.748893571891069	0.5890486225480862	-0.27367849921668297
2.945243112740431	0.5890486225480862	-0.1493156681006853
3.141592653589793	0.5890486225480862	-0.05690574789194369
3.3379421944391554	0.5890486225480862	0.0
3.5342917352885173	0.5890486225480862	0.01921471959676957
3.730641276137879	0.5890486225480862	1.1102230246251565E-16
3.9269908169872414	0.5890486225480862	-0.05690574789194369
4.123340357836604	0.5890486225480862	-0.1493156681006853
4.319689898685965	0.5890486225480862	-0.2736784992166825
4.516039439535327	0.5890486225480862	-0.4252150473836279
4.71238898038469	0.5890486225480862	-0.5981018480381406
4.908738521234052	0.5890486225480862	-0.7856949583871022
5.105088062083414	0.5890486225480862	-0.9807852804032308
5.301437602932776	0.5890486225480862	-1.1758756024193584
5.497787143782138	0.5890486225480862	-1.36346871276832
5.6941366846315	0.5890486225480862	-1.5363555134228326
5.890486225480862	0.5890486225480862	-1.6878920615897774
6.086835766330224	0.5890486225480862	-1.8122548927057758
6.283185307179586	0.5890486225480862	-1.904664812914517

0.0	0.7853981633974483	-1.8477590650225735
0.19634954084936207	0.7853981633974483	-1.9046648129145172
0.39269908169872414	0.7853981633974483	-1.9238795325112867
0.5890486225480862	0.7853981633974483	-1.9046648129145172
0.7853981633974483	0.7853981633974483	-1.8477590650225735
0.9817477042468103	0.7853981633974483	-1.7553491448138319
1.1780972450961724	0.7853981633974483	-1.6309863136978342
1.3744467859455345	0.7853981633974483	-1.479449765530889
1.5707963267948966	0.7853981633974483	-1.3065629648763766
1.7671458676442586	0.7853981633974483	-1.118969854527415
1.9634954084936207	0.7853981633974483	-0.9238795325112867
2.1598449493429825	0.7853981633974483	-0.7287892104951587
2.356194490192345	0.7853981633974483	-0.5411961001461969
2.552544031041707	0.7853981633974483	-0.36830929949168434
2.748893571891069	0.7853981633974483	-0.21677275132473928
2.945243112740431	0.7853981633974483	-0.09240992020874161
3.141592653589793	0.7853981633974483	0.0
3.3379421944391554	0.7853981633974483	0.05690574789194369
3.5342917352885173	0.7853981633974483	0.07612046748871326
3.730641276137879	0.7853981633974483	0.0569057478919438
3.9269908169872414	0.7853981633974483	0.0
4.123340357836604	0.7853981633974483	-0.09240992020874161
4.319689898685965	0.7853981633974483	-0.21677275132473883
4.516039439535327	0.7853981633974483	-0.36830929949168423
4.71238898038469	0.7853981633974483	-0.5411961001461969
4.908738521234052	0.7853981633974483	-0.7287892104951585
5.105088062083414	0.7853981633974483	-0.9238795325112871
5.301437602932776	0.7853981633974483	-1.1189698545274147
5.497787143782138	0.7853981633974483	-1.3065629648763764
5.6941366846315	0.7853981633974483	-1.4794497655308891
5.890486225480862	0.7853981633974483	-1.630986313697834
6.086835766330224	0.7853981633974483	-1.7553491448138319
6.283185307179586	0.7853981633974483	-1.8477590650225733

0.0	0.9817477042468103	-1.7553491448138319
0.19634954084936207	0.9817477042468103	-1.8122548927057758
0.39269908169872414	0.9817477042468103	-1.8314696123025453
0.5890486225480862	0.9817477042468103	-1.8122548927057758
0.7853981633974483	0.9817477042468103	-1.7553491448138319
0.9817477042468103	0.9817477042468103	-1.6629392246050905
1.1780972450961724	0.9817477042468103	-1.5385763934890928
1.3744467859455345	0.9817477042468103	-1.3870398453221475
1.5707963267948966	0.9817477042468103	-1.214153044667635
1.7671458676442586	0.9817477042468103	-1.0265599343186735
1.9634954084936207	0.9817477042468103	-0.8314696123025452
2.1598449493429825	0.9817477042468103	-0.6363792902864172
2.356194490192345	0.9817477042468103	-0.44878617993745545
2.552544031041707	0.9817477042468103	-0.27589937928294284
2.748893571891069	0.9817477042468103	-0.12436283111599777
2.945243112740431	0.9817477042468103	-1.1102230246251565E-16
3.141592653589793	0.9817477042468103	0.0924099202087415
3.3379421944391554	0.9817477042468103	0.1493156681006852
3.5342917352885173	0.9817477042468103	0.16853038769745476
3.730641276137879	0.9817477042468103	0.1493156681006853
3.9269908169872414	0.9817477042468103	0.0924099202087415
4.123340357836604	0.9817477042468103	-1.1102230246251565E-16
4.319689898685965	0.9817477042468103	-0.12436283111599733
4.516039439535327	0.9817477042468103	-0.2758993792829427
4.71238898038469	0.9817477042468103	-0.44878617993745534
4.908738521234052	0.9817477042468103	-0.636379290286417
5.105088062083414	0.9817477042468103	-0.8314696123025456
5.301437602932776	0.9817477042468103	-1.026559934318673
5.497787143782138	0.9817477042468103	-1.214153044667635
5.6941366846315	0.9817477042468103	-1.3870398453221475
5.890486225480862	0.9817477042468103	-1.5385763934890924
6.086835766330224	0.9817477042468103	-1.6629392246050905
6.283185307179586	0.9817477042468103	-1.7553491448138319

0.0	1.1780972450961724	-1.6309863136978342
0.19634954084936207	1.1780972450961724	-1.687892061589778
0.39269908169872414	1.1780972450961724	-1.7071067811865475
0.5890486225480862	1.1780972450961724	-1.687892061589778
0.7853981633974483	1.1780972450961724	-1.6309863136978342
0.9817477042468103	1.1780972450961724	-1.5385763934890928
1.1780972450961724	1.1780972450961724	-1.414213562373095
1.3744467859455345	1.1780972450961724	-1.2626770142061496
1.5707963267948966	1.1780972450961724	-1.0897902135516373
1.7671458676442586	1.1780972450961724	-0.9021971032026757
1.9634954084936207	1.1780972450961724	-0.7071067811865475
2.1598449493429825	1.1780972450961724	-0.5120164591704194
2.356194490192345	1.1780972450961724	-0.3244233488214577
2.552544031041707	1.1780972450961724	-0.15153654816694506
2.748893571891069	1.1780972450961724	0.0
2.945243112740431	1.1780972450961724	0.12436283111599766
3.141592653589793	1.1780972450961724	0.21677275132473928
3.3379421944391554	1.1780972450961724	0.27367849921668297
3.5342917352885173	1.1780972450961724	0.29289321881345254
3.730641276137879	1.1780972450961724	0.2736784992166831
3.9269908169872414	1.1780972450961724	0.21677275132473928
4.123340357836604	1.1780972450961724	0.12436283111599766
4.319689898685965	1.1780972450961724	4.440892098500626E-16
4.516039439535327	1.1780972450961724	-0.15153654816694495
4.71238898038469	1.1780972450961724	-0.32442334882145757
4.908738521234052	1.1780972450961724	-0.5120164591704193
5.105088062083414	1.1780972450961724	-0.7071067811865478
5.301437602932776	1.1780972450961724	-0.9021971032026754
5.497787143782138	1.1780972450961724	-1.089790213551637
5.6941366846315	1.1780972450961724	-1.2626770142061496
5.890486225480862	1.1780972450961724	-1.4142135623730945
6.086835766330224	1.1780972450961724	-1.5385763934890928
6.283185307179586	1.1780972450961724	-1.630986313697834

0.0	1.3744467859455345	-1.479449765530889
0.19634954084936207	1.3744467859455345	-1.5363555134228326
0.39269908169872414	1.3744467859455345	-1.5555702330196022
0.5890486225480862	1.3744467859455345	-1.5363555134228326
0.7853981633974483	1.3744467859455345	-1.479449765530889
0.9817477042468103	1.3744467859455345	-1.3870398453221475
1.1780972450961724	1.3744467859455345	-1.2626770142061496
1.3744467859455345	1.3744467859455345	-1.1111404660392044
1.5707963267948966	1.3744467859455345	-0.938253665384692
1.7671458676442586	1.3744467859455345	-0.7506605550357304
1.9634954084936207	1.3744467859455345	-0.5555702330196022
2.1598449493429825	1.3744467859455345	-0.3604799110034741
2.356194490192345	1.3744467859455345	-0.1728868006545124
2.552544031041707	1.3744467859455345	2.220446049250313E-16
2.748893571891069	1.3744467859455345	0.15153654816694528
2.945243112740431	1.3744467859455345	0.27589937928294295
3.141592653589793	1.3744467859455345	0.36830929949168456
3.3379421944391554	1.3744467859455345	0.42521504738362825
3.5342917352885173	1.3744467859455345	0.4444297669803978
3.730641276137879	1.3744467859455345	0.42521504738362836
3.9269908169872414	1.3744467859455345	0.36830929949168456
4.123340357836604	1.3744467859455345	0.27589937928294295
4.319689898685965	1.3744467859455345	0.15153654816694573
4.516039439535327	1.3744467859455345	3.3306690738754696E-16
4.71238898038469	1.3744467859455345	-0.17288680065451228
4.908738521234052	1.3744467859455345	-0.360479911003474
5.105088062083414	1.3744467859455345	-0.5555702330196025
5.301437602932776	1.3744467859455345	-0.7506605550357301
5.497787143782138	1.3744467859455345	-0.9382536653846918
5.6941366846315	1.3744467859455345	-1.1111404660392044
5.890486225480862	1.3744467859455345	-1.2626770142061492
6.086835766330224	1.3744467859455345	-1.3870398453221475
6.283185307179586	1.3744467859455345	-1.4794497655308887

0.0	1.5707963267948966	-1.3065629648763766
0.19634954084936207	1.5707963267948966	-1.3634687127683203
0.39269908169872414	1.5707963267948966	-1.3826834323650898
0.5890486225480862	1.5707963267948966	-1.3634687127683203
0.7853981633974483	1.5707963267948966	-1.3065629648763766
0.9817477042468103	1.5707963267948966	-1.214153044667635
1.1780972450961724	1.5707963267948966	-1.0897902135516373
1.3744467859455345	1.5707963267948966	-0.938253665384692
1.5707963267948966	1.5707963267948966	-0.7653668647301796
1.7671458676442586	1.5707963267948966	-0.577773754381218
1.9634954084936207	1.5707963267948966	-0.3826834323650898
2.1598449493429825	1.5707963267948966	-0.18759311034896173
2.356194490192345	1.5707963267948966	0.0
2.552544031041707	1.5707963267948966	0.17288680065451262
2.748893571891069	1.5707963267948966	0.3244233488214577
2.945243112740431	1.5707963267948966	0.44878617993745534
3.141592653589793	1.5707963267948966	0.5411961001461969
3.3379421944391554	1.5707963267948966	0.5981018480381406
3.5342917352885173	1.5707963267948966	0.6173165676349102
3.730641276137879	1.5707963267948966	0.5981018480381408
3.9269908169872414	1.5707963267948966	0.5411961001461969
4.123340357836604	1.5707963267948966	0.44878617993745534
4.319689898685965	1.5707963267948966	0.3244233488214581
4.516039439535327	1.5707963267948966	0.17288680065451273
4.71238898038469	1.5707963267948966	1.1102230246251565E-16
4.908738521234052	1.5707963267948966	-0.18759311034896162
5.105088062083414	1.5707963267948966	-0.3826834323650901
5.301437602932776	1.5707963267948966	-0.5777737543812177
5.497787143782138	1.5707963267948966	-0.7653668647301795
5.6941366846315	1.5707963267948966	-0.938253665384692
5.890486225480862	1.5707963267948966	-1.0897902135516369
6.086835766330224	1.5707963267948966	-1.214153044667635
6.283185307179586	1.5707963267948966	-1.3065629648763764

0.0	1.7671458676442586	-1.118969854527415
0.19634954084936207	1.7671458676442586	-1.1758756024193586
0.39269908169872414	1.7671458676442586	-1.1950903220161282
0.5890486225480862	1.7671458676442586	-1.1758756024193586
0.7853981633974483	1.7671458676442586	-1.118969854527415
0.9817477042468103	1.7671458676442586	-1.0265599343186735
1.1780972450961724	1.7671458676442586	-0.9021971032026757
1.3744467859455345	1.7671458676442586	-0.7506605550357304
1.5707963267948966	1.7671458676442586	-0.577773754381218
1.7671458676442586	1.7671458676442586	-0.3901806440322565
1.9634954084936207	1.7671458676442586	-0.19509032201612825
2.1598449493429825	1.7671458676442586	-1.942890293094024E-16
2.356194490192345	1.7671458676442586	0.18759311034896153
2.552544031041707	1.7671458676442586	0.36047991100347415
2.748893571891069	1.7671458676442586	0.5120164591704193
2.945243112740431	1.7671458676442586	0.6363792902864169
3.141592653589793	1.7671458676442586	0.7287892104951585
3.3379421944391554	1.7671458676442586	0.7856949583871022
3.5342917352885173	1.7671458676442586	0.8049096779838718
3.730641276137879	1.7671458676442586	0.7856949583871022
3.9269908169872414	1.7671458676442586	0.7287892104951585
4.123340357836604	1.7671458676442586	0.6363792902864169
4.319689898685965	1.7671458676442586	0.5120164591704197
4.516039439535327	1.7671458676442586	0.36047991100347426
4.71238898038469	1.7671458676442586	0.18759311034896164
4.908738521234052	1.7671458676442586	-8.326672684688674E-17
5.105088062083414	1.7671458676442586	-0.19509032201612858
5.301437602932776	1.7671458676442586	-0.39018064403225616
5.497787143782138	1.7671458676442586	-0.5777737543812179
5.6941366846315	1.7671458676442586	-0.7506605550357306
5.890486225480862	1.7671458676442586	-0.9021971032026754
6.086835766330224	1.7671458676442586	-1.0265599343186735
6.283185307179586	1.7671458676442586	-1.1189698545274147

0.0	1.9634954084936207	-0.9238795325112867
0.19634954084936207	1.9634954084936207	-0.9807852804032304
0.39269908169872414	1.9634954084936207	-1.0
0.5890486225480862	1.9634954084936207	-0.9807852804032304
0.7853981633974483	1.9634954084936207	-0.9238795325112867
0.9817477042468103	1.9634954084936207	-0.8314696123025452
1.1780972450961724	1.9634954084936207	-0.7071067811865475
1.3744467859455345	1.9634954084936207	-0.5555702330196022
1.5707963267948966	1.9634954084936207	-0.3826834323650898
1.7671458676442586	1.9634954084936207	-0.19509032201612825
1.9634954084936207	1.9634954084936207	0.0
2.1598449493429825	1.9634954084936207	0.19509032201612805
2.356194490192345	1.9634954084936207	0.3826834323650898
2.552544031041707	1.9634954084936207	0.5555702330196024
2.748893571891069	1.9634954084936207	0.7071067811865475
2.945243112740431	1.9634954084936207	0.8314696123025451
3.141592653589793	1.9634954084936207	0.9238795325112867
3.3379421944391554	1.9634954084936207	0.9807852804032304
3.5342917352885173	1.9634954084936207	1.0
3.730641276137879	1.9634954084936207	0.9807852804032305
3.9269908169872414	1.9634954084936207	0.9238795325112867
4.123340357836604	1.9634954084936207	0.8314696123025451
4.319689898685965	1.9634954084936207	0.7071067811865479
4.516039439535327	1.9634954084936207	0.5555702330196025
4.71238898038469	1.9634954084936207	0.3826834323650899
4.908738521234052	1.9634954084936207	0.19509032201612816
5.105088062083414	1.9634954084936207	-3.216245299353273E-16
5.301437602932776	1.9634954084936207	-0.19509032201612792
5.497787143782138	1.9634954084936207	-0.38268343236508967
5.6941366846315	1.9634954084936207	-0.5555702330196023
5.890486225480862	1.9634954084936207	-0.7071067811865471
6.086835766330224	1.9634954084936207	-0.8314696123025452
6.283185307179586	1.9634954084936207	-0.9238795325112865

0.0	2.1598449493429825	-0.7287892104951587
0.19634954084936207	2.1598449493429825	-0.7856949583871023
0.39269908169872414	2.1598449493429825	-0.8049096779838719
0.5890486225480862	2.1598449493429825	-0.7856949583871023
0.7853981633974483	2.1598449493429825	-0.7287892104951587
0.9817477042468103	2.1598449493429825	-0.6363792902864172
1.1780972450961724	2.1598449493429825	-0.5120164591704194
1.3744467859455345	2.1598449493429825	-0.3604799110034741
1.5707963267948966	2.1598449493429825	-0.18759311034896173
1.7671458676442586	2.1598449493429825	-1.942890293094024E-16
1.9634954084936207	2.1598449493429825	0.19509032201612805
2.1598449493429825	2.1598449493429825	0.3901806440322561
2.356194490192345	2.1598449493429825	0.5777737543812178
2.552544031041707	2.1598449493429825	0.7506605550357305
2.748893571891069	2.1598449493429825	0.9021971032026755
2.945243112740431	2.1598449493429825	1.026559934318673
3.141592653589793	2.1598449493429825	1.1189698545274147
3.3379421944391554	2.1598449493429825	1.1758756024193584
3.5342917352885173	2.1598449493429825	1.195090322016128
3.730641276137879	2.1598449493429825	1.1758756024193586
3.9269908169872414	2.1598449493429825	1.1189698545274147
4.123340357836604	2.1598449493429825	1.026559934318673
4.319689898685965	2.1598449493429825	0.902197103202676
4.516039439535327	2.1598449493429825	0.7506605550357306
4.71238898038469	2.1598449493429825	0.5777737543812179
4.908738521234052	2.1598449493429825	0.3901806440322562
5.105088062083414	2.1598449493429825	0.19509032201612772
5.301437602932776	2.1598449493429825	1.3877787807814457E-16
5.497787143782138	2.1598449493429825	-0.18759311034896162
5.6941366846315	2.1598449493429825	-0.3604799110034742
5.890486225480862	2.1598449493429825	-0.512016459170419
6.086835766330224	2.1598449493429825	-0.6363792902864172
6.283185307179586	2.1598449493429825	-0.7287892104951584

0.0	2.356194490192345	-0.5411961001461969
0.19634954084936207	2.356194490192345	-0.5981018480381406
0.39269908169872414	2.356194490192345	-0.6173165676349102
0.5890486225480862	2.356194490192345	-0.5981018480381406
0.7853981633974483	2.356194490192345	-0.5411961001461969
0.9817477042468103	2.356194490192345	-0.44878617993745545
1.1780972450961724	2.356194490192345	-0.3244233488214577
1.3744467859455345	2.356194490192345	-0.1728868006545124
1.5707963267948966	2.356194490192345	0.0
1.7671458676442586	2.356194490192345	0.18759311034896153
1.9634954084936207	2.356194490192345	0.3826834323650898
2.1598449493429825	2.356194490192345	0.5777737543812178
2.356194490192345	2.356194490192345	0.7653668647301796
2.552544031041707	2.356194490192345	0.9382536653846922
2.748893571891069	2.356194490192345	1.0897902135516373
2.945243112740431	2.356194490192345	1.214153044667635
3.141592653589793	2.356194490192345	1.3065629648763766
3.3379421944391554	2.356194490192345	1.3634687127683203
3.5342917352885173	2.356194490192345	1.3826834323650898
3.730641276137879	2.356194490192345	1.3634687127683203
3.9269908169872414	2.356194490192345	1.3065629648763766
4.123340357836604	2.356194490192345	1.214153044667635
4.319689898685965	2.356194490192345	1.0897902135516377
4.516039439535327	2.356194490192345	0.9382536653846922
4.71238898038469	2.356194490192345	0.7653668647301797
4.908738521234052	2.356194490192345	0.5777737543812179
5.105088062083414	2.356194490192345	0.38268343236508945
5.301437602932776	2.356194490192345	0.18759311034896187
5.497787143782138	2.356194490192345	1.1102230246251565E-16
5.6941366846315	2.356194490192345	-0.1728868006545125
5.890486225480862	2.356194490192345	-0.32442334882145735
6.086835766330224	2.356194490192345	-0.44878617993745545
6.283185307179586	2.356194490192345	-0.5411961001461967

0.0	2.552544031041707	-0.36830929949168434
0.19634954084936207	2.552544031041707	-0.42521504738362803
0.39269908169872414	2.552544031041707	-0.4444297669803976
0.5890486225480862	2.552544031041707	-0.42521504738362803
0.7853981633974483	2.552544031041707	-0.36830929949168434
0.9817477042468103	2.552544031041707	-0.27589937928294284
1.1780972450961724	2.552544031041707	-0.15153654816694506
1.3744467859455345	2.552544031041707	2.220446049250313E-16
1.5707963267948966	2.552544031041707	0.17288680065451262
1.7671458676442586	2.552544031041707	0.36047991100347415
1.9634954084936207	2.552544031041707	0.5555702330196024
2.1598449493429825	2.552544031041707	0.7506605550357305
2.356194490192345	2.552544031041707	0.9382536653846922
2.552544031041707	2.552544031041707	1.1111404660392048
2.748893571891069	2.552544031041707	1.2626770142061499
2.945243112740431	2.552544031041707	1.3870398453221475
3.141592653589793	2.552544031041707	1.4794497655308891
3.3379421944391554	2.552544031041707	1.5363555134228328
3.5342917352885173	2.552544031041707	1.5555702330196024
3.730641276137879	2.552544031041707	1.536355513422833
3.9269908169872414	2.552544031041707	1.4794497655308891
4.123340357836604	2.552544031041707	1.3870398453221475
4.319689898685965	2.552544031041707	1.2626770142061503
4.516039439535327	2.552544031041707	1.1111404660392048
4.71238898038469	2.552544031041707	0.9382536653846922
4.908738521234052	2.552544031041707	0.7506605550357306
5.105088062083414	2.552544031041707	0.5555702330196021
5.301437602932776	2.552544031041707	0.3604799110034745
5.497787143782138	2.552544031041707	0.17288680065451273
5.6941366846315	2.552544031041707	1.1102230246251565E-16
5.890486225480862	2.552544031041707	-0.15153654816694473
6.086835766330224	2.552544031041707	-0.27589937928294284
6.283185307179586	2.552544031041707	-0.3683092994916841

0.0	2.748893571891069	-0.21677275132473928
0.19634954084936207	2.748893571891069	-0.27367849921668297
0.39269908169872414	2.748893571891069	-0.29289321881345254
0.5890486225480862	2.748893571891069	-0.27367849921668297
0.7853981633974483	2.748893571891069	-0.21677275132473928
0.9817477042468103	2.748893571891069	-0.12436283111599777
1.1780972450961724	2.748893571891069	0.0
1.3744467859455345	2.748893571891069	0.15153654816694528
1.5707963267948966	2.748893571891069	0.3244233488214577
1.7671458676442586	2.748893571891069	0.5120164591704193
1.9634954084936207	2.748893571891069	0.7071067811865475
2.1598449493429825	2.748893571891069	0.9021971032026755
2.356194490192345	2.748893571891069	1.0897902135516373
2.552544031041707	2.748893571891069	1.2626770142061499
2.748893571891069	2.748893571891069	1.414213562373095
2.945243112740431	2.748893571891069	1.5385763934890926
3.141592653589793	2.748893571891069	1.6309863136978342
3.3379421944391554	2.748893571891069	1.687892061589778
3.5342917352885173	2.748893571891069	1.7071067811865475
3.730641276137879	2.748893571891069	1.687892061589778
3.9269908169872414	2.748893571891069	1.6309863136978342
4.123340357836604	2.748893571891069	1.5385763934890926
4.319689898685965	2.748893571891069	1.4142135623730954
4.516039439535327	2.748893571891069	1.26267701420615
4.71238898038469	2.748893571891069	1.0897902135516373
4.908738521234052	2.748893571891069	0.9021971032026757
5.105088062083414	2.748893571891069	0.7071067811865471
5.301437602932776	2.748893571891069	0.5120164591704195
5.497787143782138	2.748893571891069	0.3244233488214578
5.6941366846315	2.748893571891069	0.15153654816694517
5.890486225480862	2.748893571891069	3.3306690738754696E-16
6.086835766330224	2.748893571891069	-0.12436283111599777
6.283185307179586	2.748893571891069	-0.21677275132473905

0.0	2.945243112740431	-0.09240992020874161
0.19634954084936207	2.945243112740431	-0.1493156681006853
0.39269908169872414	2.945243112740431	-0.16853038769745488
0.5890486225480862	2.945243112740431	-0.1493156681006853
0.7853981633974483	2.945243112740431	-0.09240992020874161
0.9817477042468103	2.945243112740431	-1.1102230246251565E-16
1.1780972450961724	2.945243112740431	0.12436283111599766
1.3744467859455345	2.945243112740431	0.27589937928294295
1.5707963267948966	2.945243112740431	0.44878617993745534
1.7671458676442586	2.945243112740431	0.6363792902864169
1.9634954084936207	2.945243112740431	0.8314696123025451
2.1598449493429825	2.945243112740431	1.026559934318673
2.356194490192345	2.945243112740431	1.214153044667635
2.552544031041707	2.945243112740431	1.3870398453221475
2.748893571891069	2.945243112740431	1.5385763934890926
2.945243112740431	2.945243112740431	1.6629392246050902
3.141592653589793	2.945243112740431	1.7553491448138319
3.3379421944391554	2.945243112740431	1.8122548927057756
3.5342917352885173	2.945243112740431	1.8314696123025451
3.730641276137879	2.945243112740431	1.8122548927057758
3.9269908169872414	2.945243112740431	1.7553491448138319
4.123340357836604	2.945243112740431	1.6629392246050902
4.319689898685965	2.945243112740431	1.538576393489093
4.516039439535327	2.945243112740431	1.3870398453221475
4.71238898038469	2.945243112740431	1.214153044667635
4.908738521234052	2.945243112740431	1.0265599343186733
5.105088062083414	2.945243112740431	0.8314696123025448
5.301437602932776	2.945243112740431	0.6363792902864172
5.497787143782138	2.945243112740431	0.44878617993745545
5.6941366846315	2.945243112740431	0.27589937928294284
5.890486225480862	2.945243112740431	0.124362831115998
6.086835766330224	2.945243112740431	-1.1102230246251565E-16
6.283185307179586	2.945243112740431	-0.09240992020874139

0.0	3.141592653589793	0.0
0.19634954084936207	3.141592653589793	-0.05690574789194369
0.39269908169872414	3.141592653589793	-0.07612046748871326
0.5890486225480862	3.141592653589793	-0.05690574789194369
0.7853981633974483	3.141592653589793	0.0
0.9817477042468103	3.141592653589793	0.0924099202087415
1.1780972450961724	3.141592653589793	0.21677275132473928
1.3744467859455345	3.141592653589793	0.36830929949168456
1.5707963267948966	3.141592653589793	0.5411961001461969
1.7671458676442586	3.141592653589793	0.7287892104951585
1.9634954084936207	3.141592653589793	0.9238795325112867
2.1598449493429825	3.141592653589793	1.1189698545274147
2.356194490192345	3.141592653589793	1.3065629648763766
2.552544031041707	3.141592653589793	1.4794497655308891
2.748893571891069	3.141592653589793	1.6309863136978342
2.945243112740431	3.141592653589793	1.7553491448138319
3.141592653589793	3.141592653589793	1.8477590650225735
3.3379421944391554	3.141592653589793	1.9046648129145172
3.5342917352885173	3.141592653589793	1.9238795325112867
3.730641276137879	3.141592653589793	1.9046648129145174
3.9269908169872414	3.141592653589793	1.8477590650225735
4.123340357836604	3.141592653589793	1.7553491448138319
4.319689898685965	3.141592653589793	1.6309863136978346
4.516039439535327	3.141592653589793	1.4794497655308891
4.71238898038469	3.141592653589793	1.3065629648763766
4.908738521234052	3.141592653589793	1.118969854527415
5.105088062083414	3.141592653589793	0.9238795325112864
5.301437602932776	3.141592653589793	0.7287892104951588
5.497787143782138	3.141592653589793	0.5411961001461971
5.6941366846315	3.141592653589793	0.36830929949168445
5.890486225480862	3.141592653589793	0.2167727513247396
6.086835766330224	3.141592653589793	0.0924099202087415
6.283185307179586	3.141592653589793	2.220446049250313E-16

0.0	3.3379421944391554	0.05690574789194369
0.19634954084936207	3.3379421944391554	0.0
0.39269908169872414	3.3379421944391554	-0.01921471959676957
0.5890486225480862	3.3379421944391554	0.0
0.7853981633974483	3.3379421944391554	0.05690574789194369
0.9817477042468103	3.3379421944391554	0.1493156681006852
1.1780972450961724	3.3379421944391554	0.27367849921668297
1.3744467859455345	3.3379421944391554	0.42521504738362825
1.5707963267948966	3.3379421944391554	0.5981018480381406
1.7671458676442586	3.3379421944391554	0.7856949583871022
1.9634954084936207	3.3379421944391554	0.9807852804032304
2.1598449493429825	3.3379421944391554	1.1758756024193584
2.356194490192345	3.3379421944391554	1.3634687127683203
2.552544031041707	3.3379421944391554	1.5363555134228328
2.748893571891069	3.3379421944391554	1.687892061589778
2.945243112740431	3.3379421944391554	1.8122548927057756
3.141592653589793	3.3379421944391554	1.9046648129145172
3.3379421944391554	3.3379421944391554	1.9615705608064609
3.5342917352885173	3.3379421944391554	1.9807852804032304
3.730641276137879	3.3379421944391554	1.9615705608064609
3.9269908169872414	3.3379421944391554	1.9046648129145172
4.123340357836604	3.3379421944391554	1.8122548927057756
4.319689898685965	3.3379421944391554	1.6878920615897783
4.516039439535327	3.3379421944391554	1.536355513422833
4.71238898038469	3.3379421944391554	1.3634687127683203
4.908738521234052	3.3379421944391554	1.1758756024193586
5.105088062083414	3.3379421944391554	0.9807852804032301
5.301437602932776	3.3379421944391554	0.7856949583871025
5.497787143782138	3.3379421944391554	0.5981018480381408
5.6941366846315	3.3379421944391554	0.42521504738362814
5.890486225480862	3.3379421944391554	0.2736784992166833
6.086835766330224	3.3379421944391554	0.1493156681006852
6.283185307179586	3.3379421944391554	0.056905747891943914

0.0	3.5342917352885173	0.07612046748871326
0.19634954084936207	3.5342917352885173	0.01921471959676957
0.39269908169872414	3.5342917352885173	0.0
0.5890486225480862	3.5342917352885173	0.01921471959676957
0.7853981633974483	3.5342917352885173	0.07612046748871326
0.9817477042468103	3.5342917352885173	0.16853038769745476
1.1780972450961724	3.5342917352885173	0.29289321881345254
1.3744467859455345	3.5342917352885173	0.4444297669803978
1.5707963267948966	3.5342917352885173	0.6173165676349102
1.7671458676442586	3.5342917352885173	0.8049096779838718
1.9634954084936207	3.5342917352885173	1.0
2.1598449493429825	3.5342917352885173	1.195090322016128
2.356194490192345	3.5342917352885173	1.3826834323650898
2.552544031041707	3.5342917352885173	1.5555702330196024
2.748893571891069	3.5342917352885173	1.7071067811865475
2.945243112740431	3.5342917352885173	1.8314696123025451
3.141592653589793	3.5342917352885173	1.9238795325112867
3.3379421944391554	3.5342917352885173	1.9807852804032304
3.5342917352885173	3.5342917352885173	2.0
3.730641276137879	3.5342917352885173	1.9807852804032304
3.9269908169872414	3.5342917352885173	1.9238795325112867
4.123340357836604	3.5342917352885173	1.8314696123025451
4.319689898685965	3.5342917352885173	1.707106781186548
4.516039439535327	3.5342917352885173	1.5555702330196026
4.71238898038469	3.5342917352885173	1.3826834323650898
4.908738521234052	3.5342917352885173	1.1950903220161282
5.105088062083414	3.5342917352885173	0.9999999999999997
5.301437602932776	3.5342917352885173	0.804909677983872
5.497787143782138	3.5342917352885173	0.6173165676349104
5.6941366846315	3.5342917352885173	0.4444297669803977
5.890486225480862	3.5342917352885173	0.29289321881345287
6.086835766330224	3.5342917352885173	0.16853038769745476
6.283185307179586	3.5342917352885173	0.07612046748871348

0.0	3.730641276137879	0.0569057478919438
0.19634954084936207	3.730641276137879	1.1102230246251565E-16
0.39269908169872414	3.730641276137879	-0.01921471959676946
0.5890486225480862	3.730641276137879	1.1102230246251565E-16
0.7853981633974483	3.730641276137879	0.0569057478919438
0.9817477042468103	3.730641276137879	0.1493156681006853
1.1780972450961724	3.730641276137879	0.2736784992166831
1.3744467859455345	3.730641276137879	0.42521504738362836
1.5707963267948966	3.730641276137879	0.5981018480381408
1.7671458676442586	3.730641276137879	0.7856949583871022
1.9634954084936207	3.730641276137879	0.9807852804032305
2.1598449493429825	3.730641276137879	1.1758756024193586
2.356194490192345	3.730641276137879	1.3634687127683203
2.552544031041707	3.730641276137879	1.536355513422833
2.748893571891069	3.730641276137879	1.687892061589778
2.945243112740431	3.730641276137879	1.8122548927057758
3.141592653589793	3.730641276137879	1.9046648129145174
3.3379421944391554	3.730641276137879	1.9615705608064609
3.5342917352885173	3.730641276137879	1.9807852804032304
3.730641276137879	3.730641276137879	1.961570560806461
3.9269908169872414	3.730641276137879	1.9046648129145174
4.123340357836604	3.730641276137879	1.8122548927057758
4.319689898685965	3.730641276137879	1.6878920615897783
4.516039439535327	3.730641276137879	1.536355513422833
4.71238898038469	3.730641276137879	1.3634687127683205
4.908738521234052	3.730641276137879	1.1758756024193586
5.105088062083414	3.730641276137879	0.9807852804032302
5.301437602932776	3.730641276137879	0.7856949583871027
5.497787143782138	3.730641276137879	0.5981018480381408
5.6941366846315	3.730641276137879	0.42521504738362825
5.890486225480862	3.730641276137879	0.2736784992166834
6.086835766330224	3.730641276137879	0.1493156681006853
6.283185307179586	3.730641276137879	0.056905747891944025

0.0	3.9269908169872414	0.0
0.19634954084936207	3.9269908169872414	-0.05690574789194369
0.39269908169872414	3.9269908169872414	-0.07612046748871326
0.5890486225480862	3.9269908169872414	-0.05690574789194369
0.7853981633974483	3.9269908169872414	0.0
0.9817477042468103	3.9269908169872414	0.0924099202087415
1.1780972450961724	3.9269908169872414	0.21677275132473928
1.3744467859455345	3.9269908169872414	0.36830929949168456
1.5707963267948966	3.9269908169872414	0.5411961001461969
1.7671458676442586	3.9269908169872414	0.7287892104951585
1.9634954084936207	3.9269908169872414	0.9238795325112867
2.1598449493429825	3.9269908169872414	1.1189698545274147
2.356194490192345	3.9269908169872414	1.3065629648763766
2.552544031041707	3.9269908169872414	1.4794497655308891
2.748893571891069	3.9269908169872414	1.6309863136978342
2.945243112740431	3.9269908169872414	1.7553491448138319
3.141592653589793	3.9269908169872414	1.8477590650225735
3.3379421944391554	3.9269908169872414	1.9046648129145172
3.5342917352885173	3.9269908169872414	1.9238795325112867
3.730641276137879	3.9269908169872414	1.9046648129145174
3.9269908169872414	3.9269908169872414	1.8477590650225735
4.123340357836604	3.9269908169872414	1.7553491448138319
4.319689898685965	3.9269908169872414	1.6309863136978346
4.516039439535327	3.9269908169872414	1.4794497655308891
4.71238898038469	3.9269908169872414	1.3065629648763766
4.908738521234052	3.9269908169872414	1.118969854527415
5.105088062083414	3.9269908169872414	0.9238795325112864
5.301437602932776	3.9269908169872414	0.7287892104951588
5.497787143782138	3.9269908169872414	0.5411961001461971
5.6941366846315	3.9269908169872414	0.36830929949168445
5.890486225480862	3.9269908169872414	0.2167727513247396
6.086835766330224	3.9269908169872414	0.0924099202087415
6.283185307179586	3.9269908169872414	2.220446049250313E-16

0.0	4.123340357836604	-0.09240992020874161
0.19634954084936207	4.123340357836604	-0.1493156681006853
0.39269908169872414	4.123340357836604	-0.16853038769745488
0.5890486225480862	4.123340357836604	-0.1493156681006853
0.7853981633974483	4.123340357836604	-0.09240992020874161
0.9817477042468103	4.123340357836604	-1.1102230246251565E-16
1.1780972450961724	4.123340357836604	0.12436283111599766
1.3744467859455345	4.123340357836604	0.27589937928294295
1.5707963267948966	4.123340357836604	0.44878617993745534
1.7671458676442586	4.123340357836604	0.6363792902864169
1.9634954084936207	4.123340357836604	0.8314696123025451
2.1598449493429825	4.123340357836604	1.026559934318673
2.356194490192345	4.123340357836604	1.214153044667635
2.552544031041707	4.123340357836604	1.3870398453221475
2.748893571891069	4.123340357836604	1.5385763934890926
2.945243112740431	4.123340357836604	1.6629392246050902
3.141592653589793	4.123340357836604	1.7553491448138319
3.3379421944391554	4.123340357836604	1.8122548927057756
3.5342917352885173	4.123340357836604	1.8314696123025451
3.730641276137879	4.123340357836604	1.8122548927057758
3.9269908169872414	4.123340357836604	1.7553491448138319
4.123340357836604	4.123340357836604	1.6629392246050902
4.319689898685965	4.123340357836604	1.538576393489093
4.516039439535327	4.123340357836604	1.3870398453221475
4.71238898038469	4.123340357836604	1.214153044667635
4.908738521234052	4.123340357836604	1.0265599343186733
5.105088062083414	4.123340357836604	0.8314696123025448
5.301437602932776	4.123340357836604	0.6363792902864172
5.497787143782138	4.123340357836604	0.44878617993745545
5.6941366846315	4.123340357836604	0.27589937928294284
5.890486225480862	4.123340357836604	0.124362831115998
6.086835766330224	4.123340357836604	-1.1102230246251565E-16
6.283185307179586	4.123340357836604	-0.09240992020874139

0.0	4.319689898685965	-0.21677275132473883
0.19634954084936207	4.319689898685965	-0.2736784992166825
0.39269908169872414	4.319689898685965	-0.2928932188134521
0.5890486225480862	4.319689898685965	-0.2736784992166825
0.7853981633974483	4.319689898685965	-0.21677275132473883
0.9817477042468103	4.319689898685965	-0.12436283111599733
1.1780972450961724	4.319689898685965	4.440892098500626E-16
1.3744467859455345	4.319689898685965	0.15153654816694573
1.5707963267948966	4.319689898685965	0.3244233488214581
1.7671458676442586	4.319689898685965	0.5120164591704197
1.9634954084936207	4.319689898685965	0.7071067811865479
2.1598449493429825	4.319689898685965	0.902197103202676
2.356194490192345	4.319689898685965	1.0897902135516377
2.552544031041707	4.319689898685965	1.2626770142061503
2.748893571891069	4.319689898685965	1.4142135623730954
2.945243112740431	4.319689898685965	1.538576393489093
3.141592653589793	4.319689898685965	1.6309863136978346
3.3379421944391554	4.319689898685965	1.6878920615897783
3.5342917352885173	4.319689898685965	1.707106781186548
3.730641276137879	4.319689898685965	1.6878920615897783
3.9269908169872414	4.319689898685965	1.6309863136978346
4.123340357836604	4.319689898685965	1.538576393489093
4.319689898685965	4.319689898685965	1.4142135623730958
4.516039439535327	4.319689898685965	1.2626770142061505
4.71238898038469	4.319689898685965	1.0897902135516377
4.908738521234052	4.319689898685965	0.9021971032026761
5.105088062083414	4.319689898685965	0.7071067811865476
5.301437602932776	4.319689898685965	0.5120164591704199
5.497787143782138	4.319689898685965	0.32442334882145824
5.6941366846315	4.319689898685965	0.15153654816694562
5.890486225480862	4.319689898685965	7.771561172376096E-16
6.086835766330224	4.319689898685965	-0.12436283111599733
6.283185307179586	4.319689898685965	-0.2167727513247386

0.0	4.516039439535327	-0.36830929949168423
0.19634954084936207	4.516039439535327	-0.4252150473836279
0.39269908169872414	4.516039439535327	-0.4444297669803975
0.5890486225480862	4.516039439535327	-0.4252150473836279
0.7853981633974483	4.516039439535327	-0.36830929949168423
0.9817477042468103	4.516039439535327	-0.2758993792829427
1.1780972450961724	4.516039439535327	-0.15153654816694495
1.3744467859455345	4.516039439535327	3.3306690738754696E-16
1.5707963267948966	4.516039439535327	0.17288680065451273
1.7671458676442586	4.516039439535327	0.36047991100347426
1.9634954084936207	4.516039439535327	0.5555702330196025
2.1598449493429825	4.516039439535327	0.7506605550357306
2.356194490192345	4.516039439535327	0.9382536653846922
2.552544031041707	4.516039439535327	1.1111404660392048
2.748893571891069	4.516039439535327	1.26267701420615
2.945243112740431	4.516039439535327	1.3870398453221475
3.141592653589793	4.516039439535327	1.4794497655308891
3.3379421944391554	4.516039439535327	1.536355513422833
3.5342917352885173	4.516039439535327	1.5555702330196026
3.730641276137879	4.516039439535327	1.536355513422833
3.9269908169872414	4.516039439535327	1.4794497655308891
4.123340357836604	4.516039439535327	1.3870398453221475
4.319689898685965	4.516039439535327	1.2626770142061505
4.516039439535327	4.516039439535327	1.111140466039205
4.71238898038469	4.516039439535327	0.9382536653846925
4.908738521234052	4.516039439535327	0.7506605550357307
5.105088062083414	4.516039439535327	0.5555702330196022
5.301437602932776	4.516039439535327	0.3604799110034746
5.497787143782138	4.516039439535327	0.17288680065451284
5.6941366846315	4.516039439535327	2.220446049250313E-16
5.890486225480862	4.516039439535327	-0.15153654816694462
6.086835766330224	4.516039439535327	-0.2758993792829427
6.283185307179586	4.516039439535327	-0.368309299491684

0.0	4.71238898038469	-0.5411961001461969
0.19634954084936207	4.71238898038469	-0.5981018480381406
0.39269908169872414	4.71238898038469	-0.6173165676349102
0.5890486225480862	4.71238898038469	-0.5981018480381406
0.7853981633974483	4.71238898038469	-0.5411961001461969
0.9817477042468103	4.71238898038469	-0.44878617993745534
1.1780972450961724	4.71238898038469	-0.32442334882145757
1.3744467859455345	4.71238898038469	-0.17288680065451228
1.5707963267948966	4.71238898038469	1.1102230246251565E-16
1.7671458676442586	4.71238898038469	0.18759311034896164
1.9634954084936207	4.71238898038469	0.3826834323650899
2.1598449493429825	4.71238898038469	0.5777737543812179
2.356194490192345	4.71238898038469	0.7653668647301797
2.552544031041707	4.71238898038469	0.9382536653846922
2.748893571891069	4.71238898038469	1.0897902135516373
2.945243112740431	4.71238898038469	1.214153044667635
3.141592653589793	4.71238898038469	1.3065629648763766
3.3379421944391554	4.71238898038469	1.3634687127683203
3.5342917352885173	4.71238898038469	1.3826834323650898
3.730641276137879	4.71238898038469	1.3634687127683205
3.9269908169872414	4.71238898038469	1.3065629648763766
4.123340357836604	4.71238898038469	1.214153044667635
4.319689898685965	4.71238898038469	1.0897902135516377
4.516039439535327	4.71238898038469	0.9382536653846925
4.71238898038469	4.71238898038469	0.7653668647301798
4.908738521234052	4.71238898038469	0.577773754381218
5.105088062083414	4.71238898038469	0.38268343236508956
5.301437602932776	4.71238898038469	0.18759311034896198
5.497787143782138	4.71238898038469	2.220446049250313E-16
5.6941366846315	4.71238898038469	-0.1728868006545124
5.890486225480862	4.71238898038469	-0.32442334882145724
6.086835766330224	4.71238898038469	-0.44878617993745534
6.283185307179586	4.71238898038469	-0.5411961001461967

0.0	4.908738521234052	-0.7287892104951585
0.19634954084936207	4.908738521234052	-0.7856949583871022
0.39269908169872414	4.908738521234052	-0.8049096779838718
0.5890486225480862	4.908738521234052	-0.7856949583871022
0.7853981633974483	4.908738521234052	-0.7287892104951585
0.9817477042468103	4.908738521234052	-0.636379290286417
1.1780972450961724	4.908738521234052	-0.5120164591704193
1.3744467859455345	4.908738521234052	-0.360479911003474
1.5707963267948966	4.908738521234052	-0.18759311034896162
1.7671458676442586	4.908738521234052	-8.326672684688674E-17
1.9634954084936207	4.908738521234052	0.19509032201612816
2.1598449493429825	4.908738521234052	0.3901806440322562
2.356194490192345	4.908738521234052	0.5777737543812179
2.552544031041707	4.908738521234052	0.7506605550357306
2.748893571891069	4.908738521234052	0.9021971032026757
2.945243112740431	4.908738521234052	1.0265599343186733
3.141592653589793	4.908738521234052	1.118969854527415
3.3379421944391554	4.908738521234052	1.1758756024193586
3.5342917352885173	4.908738521234052	1.1950903220161282
3.730641276137879	4.908738521234052	1.1758756024193586
3.9269908169872414	4.908738521234052	1.118969854527415
4.123340357836604	4.908738521234052	1.0265599343186733
4.319689898685965	4.908738521234052	0.9021971032026761
4.516039439535327	4.908738521234052	0.7506605550357307
4.71238898038469	4.908738521234052	0.577773754381218
4.908738521234052	4.908738521234052	0.39018064403225633
5.105088062083414	4.908738521234052	0.19509032201612783
5.301437602932776	4.908738521234052	2.498001805406602E-16
5.497787143782138	4.908738521234052	-0.1875931103489615
5.6941366846315	4.908738521234052	-0.3604799110034741
5.890486225480862	4.908738521234052	-0.5120164591704189
6.086835766330224	4.908738521234052	-0.636379290286417
6.283185307179586	4.908738521234052	-0.7287892104951583

0.0	5.105088062083414	-0.9238795325112871
0.19634954084936207	5.105088062083414	-0.9807852804032308
0.39269908169872414	5.105088062083414	-1.0000000000000002
0.5890486225480862	5.105088062083414	-0.9807852804032308
0.7853981633974483	5.105088062083414	-0.9238795325112871
0.9817477042468103	5.105088062083414	-0.8314696123025456
1.1780972450961724	5.105088062083414	-0.7071067811865478
1.3744467859455345	5.105088062083414	-0.5555702330196025
1.5707963267948966	5.105088062083414	-0.3826834323650901
1.7671458676442586	5.105088062083414	-0.19509032201612858
1.9634954084936207	5.105088062083414	-3.216245299353273E-16
2.1598449493429825	5.105088062083414	0.19509032201612772
2.356194490192345	5.105088062083414	0.38268343236508945
2.552544031041707	5.105088062083414	0.5555702330196021
2.748893571891069	5.105088062083414	0.7071067811865471
2.945243112740431	5.105088062083414	0.8314696123025448
3.141592653589793	5.105088062083414	0.9238795325112864
3.3379421944391554	5.105088062083414	0.9807852804032301
3.5342917352885173	5.105088062083414	0.9999999999999997
3.730641276137879	5.105088062083414	0.9807852804032302
3.9269908169872414	5.105088062083414	0.9238795325112864
4.123340357836604	5.105088062083414	0.8314696123025448
4.319689898685965	5.105088062083414	0.7071067811865476
4.516039439535327	5.105088062083414	0.5555702330196022
4.71238898038469	5.105088062083414	0.38268343236508956
4.908738521234052	5.105088062083414	0.19509032201612783
5.105088062083414	5.105088062083414	-6.432490598706546E-16
5.301437602932776	5.105088062083414	-0.19509032201612825
5.497787143782138	5.105088062083414	-0.38268343236509
5.6941366846315	5.105088062083414	-0.5555702330196026
5.890486225480862	5.105088062083414	-0.7071067811865475
6.086835766330224	5.105088062083414	-0.8314696123025456
6.283185307179586	5.105088062083414	-0.9238795325112868

0.0	5.301437602932776	-1.1189698545274147
0.19634954084936207	5.301437602932776	-1.1758756024193584
0.39269908169872414	5.301437602932776	-1.195090322016128
0.5890486225480862	5.301437602932776	-1.1758756024193584
0.7853981633974483	5.301437602932776	-1.1189698545274147
0.9817477042468103	5.301437602932776	-1.026559934318673
1.1780972450961724	5.301437602932776	-0.9021971032026754
1.3744467859455345	5.301437602932776	-0.7506605550357301
1.5707963267948966	5.301437602932776	-0.5777737543812177
1.7671458676442586	5.301437602932776	-0.39018064403225616
1.9634954084936207	5.301437602932776	-0.19509032201612792
2.1598449493429825	5.301437602932776	1.3877787807814457E-16
2.356194490192345	5.301437602932776	0.18759311034896187
2.552544031041707	5.301437602932776	0.3604799110034745
2.748893571891069	5.301437602932776	0.5120164591704195
2.945243112740431	5.301437602932776	0.6363792902864172
3.141592653589793	5.301437602932776	0.7287892104951588
3.3379421944391554	5.301437602932776	0.7856949583871025
3.5342917352885173	5.301437602932776	0.804909677983872
3.730641276137879	5.301437602932776	0.7856949583871027
3.9269908169872414	5.301437602932776	0.7287892104951588
4.123340357836604	5.301437602932776	0.6363792902864172
4.319689898685965	5.301437602932776	0.5120164591704199
4.516039439535327	5.301437602932776	0.3604799110034746
4.71238898038469	5.301437602932776	0.18759311034896198
4.908738521234052	5.301437602932776	2.498001805406602E-16
5.105088062083414	5.301437602932776	-0.19509032201612825
5.301437602932776	5.301437602932776	-0.39018064403225583
5.497787143782138	5.301437602932776	-0.5777737543812176
5.6941366846315	5.301437602932776	-0.7506605550357301
5.890486225480862	5.301437602932776	-0.902197103202675
6.086835766330224	5.301437602932776	-1.026559934318673
6.283185307179586	5.301437602932776	-1.1189698545274145

0.0	5.497787143782138	-1.3065629648763764
0.19634954084936207	5.497787143782138	-1.36346871276832
0.39269908169872414	5.497787143782138	-1.3826834323650896
0.5890486225480862	5.497787143782138	-1.36346871276832
0.7853981633974483	5.497787143782138	-1.3065629648763764
0.9817477042468103	5.497787143782138	-1.214153044667635
1.1780972450961724	5.497787143782138	-1.089790213551637
1.3744467859455345	5.497787143782138	-0.9382536653846918
1.5707963267948966	5.497787143782138	-0.7653668647301795
1.7671458676442586	5.497787143782138	-0.5777737543812179
1.9634954084936207	5.497787143782138	-0.38268343236508967
2.1598449493429825	5.497787143782138	-0.18759311034896162
2.356194490192345	5.497787143782138	1.1102230246251565E-16
2.552544031041707	5.497787143782138	0.17288680065451273
2.748893571891069	5.497787143782138	0.3244233488214578
2.945243112740431	5.497787143782138	0.44878617993745545
3.141592653589793	5.497787143782138	0.5411961001461971
3.3379421944391554	5.497787143782138	0.5981018480381408
3.5342917352885173	5.497787143782138	0.6173165676349104
3.730641276137879	5.497787143782138	0.5981018480381408
3.9269908169872414	5.497787143782138	0.5411961001461971
4.123340357836604	5.497787143782138	0.44878617993745545
4.319689898685965	5.497787143782138	0.32442334882145824
4.516039439535327	5.497787143782138	0.17288680065451284
4.71238898038469	5.497787143782138	2.220446049250313E-16
4.908738521234052	5.497787143782138	-0.1875931103489615
5.105088062083414	5.497787143782138	-0.38268343236509
5.301437602932776	5.497787143782138	-0.5777737543812176
5.497787143782138	5.497787143782138	-0.7653668647301793
5.6941366846315	5.497787143782138	-0.938253665384692
5.890486225480862	5.497787143782138	-1.0897902135516369
6.086835766330224	5.497787143782138	-1.214153044667635
6.283185307179586	5.497787143782138	-1.3065629648763761

0.0	5.6941366846315	-1.4794497655308891
0.19634954084936207	5.6941366846315	-1.5363555134228326
0.39269908169872414	5.6941366846315	-1.5555702330196022
0.5890486225480862	5.6941366846315	-1.5363555134228326
0.7853981633974483	5.6941366846315	-1.4794497655308891
0.9817477042468103	5.6941366846315	-1.3870398453221475
1.1780972450961724	5.6941366846315	-1.2626770142061496
1.3744467859455345	5.6941366846315	-1.1111404660392044
1.5707963267948966	5.6941366846315	-0.938253665384692
1.7671458676442586	5.6941366846315	-0.7506605550357306
1.9634954084936207	5.6941366846315	-0.5555702330196023
2.1598449493429825	5.6941366846315	-0.3604799110034742
2.356194490192345	5.6941366846315	-0.1728868006545125
2.552544031041707	5.6941366846315	1.1102230246251565E-16
2.748893571891069	5.6941366846315	0.15153654816694517
2.945243112740431	5.6941366846315	0.27589937928294284
3.141592653589793	5.6941366846315	0.36830929949168445
3.3379421944391554	5.6941366846315	0.42521504738362814
3.5342917352885173	5.6941366846315	0.4444297669803977
3.730641276137879	5.6941366846315	0.42521504738362825
3.9269908169872414	5.6941366846315	0.36830929949168445
4.123340357836604	5.6941366846315	0.27589937928294284
4.319689898685965	5.6941366846315	0.15153654816694562
4.516039439535327	5.6941366846315	2.220446049250313E-16
4.71238898038469	5.6941366846315	-0.1728868006545124
4.908738521234052	5.6941366846315	-0.3604799110034741
5.105088062083414	5.6941366846315	-0.5555702330196026
5.301437602932776	5.6941366846315	-0.7506605550357301
5.497787143782138	5.6941366846315	-0.938253665384692
5.6941366846315	5.6941366846315	-1.1111404660392046
5.890486225480862	5.6941366846315	-1.2626770142061494
6.086835766330224	5.6941366846315	-1.3870398453221475
6.283185307179586	5.6941366846315	-1.4794497655308887

0.0	5.890486225480862	-1.630986313697834
0.19634954084936207	5.890486225480862	-1.6878920615897774
0.39269908169872414	5.890486225480862	-1.707106781186547
0.5890486225480862	5.890486225480862	-1.6878920615897774
0.7853981633974483	5.890486225480862	-1.630986313697834
0.9817477042468103	5.890486225480862	-1.5385763934890924
1.1780972450961724	5.890486225480862	-1.4142135623730945
1.3744467859455345	5.890486225480862	-1.2626770142061492
1.5707963267948966	5.890486225480862	-1.0897902135516369
1.7671458676442586	5.890486225480862	-0.9021971032026754
1.9634954084936207	5.890486225480862	-0.7071067811865471
2.1598449493429825	5.890486225480862	-0.512016459170419
2.356194490192345	5.890486225480862	-0.32442334882145735
2.552544031041707	5.890486225480862	-0.15153654816694473
2.748893571891069	5.890486225480862	3.3306690738754696E-16
2.945243112740431	5.890486225480862	0.124362831115998
3.141592653589793	5.890486225480862	0.2167727513247396
3.3379421944391554	5.890486225480862	0.2736784992166833
3.5342917352885173	5.890486225480862	0.29289321881345287
3.730641276137879	5.890486225480862	0.2736784992166834
3.9269908169872414	5.890486225480862	0.2167727513247396
4.123340357836604	5.890486225480862	0.124362831115998
4.319689898685965	5.890486225480862	7.771561172376096E-16
4.516039439535327	5.890486225480862	-0.15153654816694462
4.71238898038469	5.890486225480862	-0.32442334882145724
4.908738521234052	5.890486225480862	-0.5120164591704189
5.105088062083414	5.890486225480862	-0.7071067811865475
5.301437602932776	5.890486225480862	-0.902197103202675
5.497787143782138	5.890486225480862	-1.0897902135516369
5.6941366846315	5.890486225480862	-1.2626770142061494
5.890486225480862	5.890486225480862	-1.4142135623730943
6.086835766330224	5.890486225480862	-1.5385763934890924
6.283185307179586	5.890486225480862	-1.6309863136978335

0.0	6.086835766330224	-1.7553491448138319
0.19634954084936207	6.086835766330224	-1.8122548927057758
0.39269908169872414	6.086835766330224	-1.8314696123025453
0.5890486225480862	6.086835766330224	-1.8122548927057758
0.7853981633974483	6.086835766330224	-1.7553491448138319
0.9817477042468103	6.086835766330224	-1.6629392246050905
1.1780972450961724	6.086835766330224	-1.5385763934890928
1.3744467859455345	6.086835766330224	-1.3870398453221475
1.5707963267948966	6.086835766330224	-1.214153044667635
1.7671458676442586	6.086835766330224	-1.0265599343186735
1.9634954084936207	6.086835766330224	-0.8314696123025452
2.1598449493429825	6.086835766330224	-0.6363792902864172
2.356194490192345	6.086835766330224	-0.44878617993745545
2.552544031041707	6.086835766330224	-0.27589937928294284
2.748893571891069	6.086835766330224	-0.12436283111599777
2.945243112740431	6.086835766330224	-1.1102230246251565E-16
3.141592653589793	6.086835766330224	0.0924099202087415
3.3379421944391554	6.086835766330224	0.1493156681006852
3.5342917352885173	6.086835766330224	0.16853038769745476
3.730641276137879	6.086835766330224	0.1493156681006853
3.9269908169872414	6.086835766330224	0.0924099202087415
4.123340357836604	6.086835766330224	-1.1102230246251565E-16
4.319689898685965	6.086835766330224	-0.12436283111599733
4.516039439535327	6.086835766330224	-0.2758993792829427
4.71238898038469	6.086835766330224	-0.44878617993745534
4.908738521234052	6.086835766330224	-0.636379290286417
5.105088062083414	6.086835766330224	-0.8314696123025456
5.301437602932776	6.086835766330224	-1.026559934318673
5.497787143782138	6.086835766330224	-1.214153044667635
5.6941366846315	6.086835766330224	-1.3870398453221475
5.890486225480862	6.086835766330224	-1.5385763934890924
6.086835766330224	6.086835766330224	-1.6629392246050905
6.283185307179586	6.086835766330224	-1.7553491448138319

0.0	6.283185307179586	-1.8477590650225733
0.19634954084936207	6.283185307179586	-1.904664812914517
0.39269908169872414	6.283185307179586	-1.9238795325112865
0.5890486225480862	6.283185307179586	-1.904664812914517
0.7853981633974483	6.283185307179586	-1.8477590650225733
0.9817477042468103	6.283185307179586	-1.7553491448138319
1.1780972450961724	6.283185307179586	-1.630986313697834
1.3744467859455345	6.283185307179586	-1.4794497655308887
1.5707963267948966	6.283185307179586	-1.3065629648763764
1.7671458676442586	6.283185307179586	-1.1189698545274147
1.9634954084936207	6.283185307179586	-0.9238795325112865
2.1598449493429825	6.283185307179586	-0.7287892104951584
2.356194490192345	6.283185307179586	-0.5411961001461967
2.552544031041707	6.283185307179586	-0.3683092994916841
2.748893571891069	6.283185307179586	-0.21677275132473905
2.945243112740431	6.283185307179586	-0.09240992020874139
3.141592653589793	6.283185307179586	2.220446049250313E-16
3.3379421944391554	6.283185307179586	0.056905747891943914
3.5342917352885173	6.283185307179586	0.07612046748871348
3.730641276137879	6.283185307179586	0.056905747891944025
3.9269908169872414	6.283185307179586	2.220446049250313E-16
4.123340357836604	6.283185307179586	-0.09240992020874139
4.319689898685965	6.283185307179586	-0.2167727513247386
4.516039439535327	6.283185307179586	-0.368309299491684
4.71238898038469	6.283185307179586	-0.5411961001461967
4.908738521234052	6.283185307179586	-0.7287892104951583
5.105088062083414	6.283185307179586	-0.9238795325112868
5.301437602932776	6.283185307179586	-1.1189698545274145
5.497787143782138	6.283185307179586	-1.3065629648763761
5.6941366846315	6.283185307179586	-1.4794497655308887
5.890486225480862	6.283185307179586	-1.6309863136978335
6.086835766330224	6.283185307179586	-1.7553491448138319
6.283185307179586	6.283185307179586	-1.847759065022573

