0.0	0.0	1.9615705608064609
0.19634954084936207	0.0	1.9807852804032304
0.39269908169872414	0.0	1.9615705608064609
0.5890486225480862	0.0	1.9046648129145174
0.7853981633974483	0.0	1.8122548927057758
0.9817477042468103	0.0	1.687892061589778
1.1780972450961724	0.0	1.5363555134228326
1.3744467859455345	0.0	1.3634687127683205
1.5707963267948966	0.0	1.1758756024193588
1.7671458676442586	0.0	0.9807852804032303
1.9634954084936207	0.0	0.7856949583871022
2.1598449493429825	0.0	0.598101848038141
2.356194490192345	0.0	0.42521504738362825
2.552544031041707	0.0	0.27367849921668286
2.748893571891069	0.0	0.1493156681006853
2.945243112740431	0.0	0.0569057478919438
3.141592653589793	0.0	0.0
3.3379421944391554	0.0	-0.01921471959676957
3.5342917352885173	0.0	0.0
3.730641276137879	0.0	0.05690574789194347
3.9269908169872414	0.0	0.14931566810068508
4.123340357836604	0.0	0.27367849921668297
4.319689898685965	0.0	0.4252150473836277
4.516039439535327	0.0	0.5981018480381403
4.71238898038469	0.0	0.785694958387102
4.908738521234052	0.0	0.9807852804032304
5.105088062083414	0.0	1.1758756024193588
5.301437602932776	0.0	1.3634687127683198
5.497787143782138	0.0	1.5363555134228326
5.6941366846315	0.0	1.687892061589778
5.890486225480862	0.0	1.8122548927057753
6.086835766330224	0.0	1.904664812914517
6.283185307179586	0.0	1.9615705608064609

0.0	0.19634954084936207	1.9807852804032304
0.19634954084936207	0.19634954084936207	2.0
0.39269908169872414	0.19634954084936207	1.9807852804032304
0.5890486225480862	0.19634954084936207	1.923879532511287
0.7853981633974483	0.19634954084936207	1.8314696123025453
0.9817477042468103	0.19634954084936207	1.7071067811865475
1.1780972450961724	0.19634954084936207	1.5555702330196022
1.3744467859455345	0.19634954084936207	1.38268343236509
1.5707963267948966	0.19634954084936207	1.1950903220161284
1.7671458676442586	0.19634954084936207	0.9999999999999999
1.9634954084936207	0.19634954084936207	0.8049096779838718
2.1598449493429825	0.19634954084936207	0.6173165676349106
2.356194490192345	0.19634954084936207	0.4444297669803978
2.552544031041707	0.19634954084936207	0.2928932188134524
2.748893571891069	0.19634954084936207	0.16853038769745488
2.945243112740431	0.19634954084936207	0.07612046748871337
3.141592653589793	0.19634954084936207	0.01921471959676957
3.3379421944391554	0.19634954084936207	0.0
3.5342917352885173	0.19634954084936207	0.01921471959676957
3.730641276137879	0.19634954084936207	0.07612046748871304
3.9269908169872414	0.19634954084936207	0.16853038769745465
4.123340357836604	0.19634954084936207	0.29289321881345254
4.319689898685965	0.19634954084936207	0.44442976698039727
4.516039439535327	0.19634954084936207	0.6173165676349098
4.71238898038469	0.19634954084936207	0.8049096779838716
4.908738521234052	0.19634954084936207	1.0
5.105088062083414	0.19634954084936207	1.1950903220161284
5.301437602932776	0.19634954084936207	1.3826834323650894
5.497787143782138	0.19634954084936207	1.5555702330196022
5.6941366846315	0.19634954084936207	1.7071067811865475
5.890486225480862	0.19634954084936207	1.831469612302545
6.086835766330224	0.19634954084936207	1.9238795325112865
6.283185307179586	0.19634954084936207	1.9807852804032304

0.0	0.39269908169872414	1.9615705608064609
0.19634954084936207	0.39269908169872414	1.9807852804032304
0.39269908169872414	0.39269908169872414	1.961570560806461
0.5890486225480862	0.39269908169872414	1.9046648129145174
0.7853981633974483	0.39269908169872414	1.8122548927057758
0.9817477042468103	0.39269908169872414	1.687892061589778
1.1780972450961724	0.39269908169872414	1.5363555134228328
1.3744467859455345	0.39269908169872414	1.3634687127683205
1.5707963267948966	0.39269908169872414	1.1758756024193588
1.7671458676442586	0.39269908169872414	0.9807852804032304
1.9634954084936207	0.39269908169872414	0.7856949583871023
2.1598449493429825	0.39269908169872414	0.598101848038141
2.356194490192345	0.39269908169872414	0.42521504738362836
2.552544031041707	0.39269908169872414	0.27367849921668297
2.748893571891069	0.39269908169872414	0.14931566810068542
2.945243112740431	0.39269908169872414	0.056905747891943914
3.141592653589793	0.39269908169872414	1.1102230246251565E-16
3.3379421944391554	0.39269908169872414	-0.01921471959676946
3.5342917352885173	0.39269908169872414	1.1102230246251565E-16
3.730641276137879	0.39269908169872414	0.05690574789194358
3.9269908169872414	0.39269908169872414	0.1493156681006852
4.123340357836604	0.39269908169872414	0.2736784992166831
4.319689898685965	0.39269908169872414	0.4252150473836278
4.516039439535327	0.39269908169872414	0.5981018480381404
4.71238898038469	0.39269908169872414	0.785694958387102
4.908738521234052	0.39269908169872414	0.9807852804032305
5.105088062083414	0.39269908169872414	1.175875602419359
5.301437602932776	0.39269908169872414	1.3634687127683198
5.497787143782138	0.39269908169872414	1.5363555134228326
5.6941366846315	0.39269908169872414	1.687892061589778
5.890486225480862	0.39269908169872414	1.8122548927057753
6.086835766330224	0.39269908169872414	1.904664812914517
6.283185307179586	0.39269908169872414	1.9615705608064609

0.0	0.5890486225480862	1.9046648129145174
0.19634954084936207	0.5890486225480862	1.923879532511287
0.39269908169872414	0.5890486225480862	1.9046648129145174
0.5890486225480862	0.5890486225480862	1.8477590650225737
0.7853981633974483	0.5890486225480862	1.755349144813832
0.9817477042468103	0.5890486225480862	1.6309863136978344
1.1780972450961724	0.5890486225480862	1.4794497655308891
1.3744467859455345	0.5890486225480862	1.306562964876377
1.5707963267948966	0.5890486225480862	1.1189698545274152
1.7671458676442586	0.5890486225480862	0.9238795325112867
1.9634954084936207	0.5890486225480862	0.7287892104951587
2.1598449493429825	0.5890486225480862	0.5411961001461973
2.356194490192345	0.5890486225480862	0.36830929949168467
2.552544031041707	0.5890486225480862	0.21677275132473928
2.748893571891069	0.5890486225480862	0.09240992020874172
2.945243112740431	0.5890486225480862	2.220446049250313E-16
3.141592653589793	0.5890486225480862	-0.05690574789194358
3.3379421944391554	0.5890486225480862	-0.07612046748871315
3.5342917352885173	0.5890486225480862	-0.05690574789194358
3.730641276137879	0.5890486225480862	-1.1102230246251565E-16
3.9269908169872414	0.5890486225480862	0.0924099202087415
4.123340357836604	0.5890486225480862	0.2167727513247394
4.319689898685965	0.5890486225480862	0.3683092994916841
4.516039439535327	0.5890486225480862	0.5411961001461967
4.71238898038469	0.5890486225480862	0.7287892104951583
4.908738521234052	0.5890486225480862	0.9238795325112868
5.105088062083414	0.5890486225480862	1.1189698545274154
5.301437602932776	0.5890486225480862	1.3065629648763761
5.497787143782138	0.5890486225480862	1.479449765530889
5.6941366846315	0.5890486225480862	1.6309863136978344
5.890486225480862	0.5890486225480862	1.7553491448138316
6.086835766330224	0.5890486225480862	1.8477590650225735
6.283185307179586	0.5890486225480862	1.9046648129145174

0.0	0.7853981633974483	1.8122548927057758
0.19634954084936207	0.7853981633974483	1.8314696123025453
0.39269908169872414	0.7853981633974483	1.8122548927057758
0.5890486225480862	0.7853981633974483	1.755349144813832
0.7853981633974483	0.7853981633974483	1.6629392246050905
0.9817477042468103	0.7853981633974483	1.5385763934890928
1.1780972450961724	0.7853981633974483	1.3870398453221475
1.3744467859455345	0.7853981633974483	1.2141530446676354
1.5707963267948966	0.7853981633974483	1.0265599343186735
1.7671458676442586	0.7853981633974483	0.8314696123025451
1.9634954084936207	0.7853981633974483	0.636379290286417
2.1598449493429825	0.7853981633974483	0.4487861799374558
2.356194490192345	0.7853981633974483	0.27589937928294306
2.552544031041707	0.7853981633974483	0.12436283111599766
2.748893571891069	0.7853981633974483	1.1102230246251565E-16
2.945243112740431	0.7853981633974483	-0.09240992020874139
3.141592653589793	0.7853981633974483	-0.1493156681006852
3.3379421944391554	0.7853981633974483	-0.16853038769745476
3.5342917352885173	0.7853981633974483	-0.1493156681006852
3.730641276137879	0.7853981633974483	-0.09240992020874172
3.9269908169872414	0.7853981633974483	-1.1102230246251565E-16
4.123340357836604	0.7853981633974483	0.12436283111599777
4.319689898685965	0.7853981633974483	0.2758993792829425
4.516039439535327	0.7853981633974483	0.44878617993745507
4.71238898038469	0.7853981633974483	0.6363792902864167
4.908738521234052	0.7853981633974483	0.8314696123025452
5.105088062083414	0.7853981633974483	1.0265599343186738
5.301437602932776	0.7853981633974483	1.2141530446676345
5.497787143782138	0.7853981633974483	1.3870398453221473
5.6941366846315	0.7853981633974483	1.5385763934890928
5.890486225480862	0.7853981633974483	1.66293922460509
6.086835766330224	0.7853981633974483	1.7553491448138319
6.283185307179586	0.7853981633974483	1.8122548927057758

0.0	0.9817477042468103	1.687892061589778
0.19634954084936207	0.9817477042468103	1.7071067811865475
0.39269908169872414	0.9817477042468103	1.687892061589778
0.5890486225480862	0.9817477042468103	1.6309863136978344
0.7853981633974483	0.9817477042468103	1.5385763934890928
0.9817477042468103	0.9817477042468103	1.414213562373095
1.1780972450961724	0.9817477042468103	1.2626770142061496
1.3744467859455345	0.9817477042468103	1.0897902135516375
1.5707963267948966	0.9817477042468103	0.9021971032026759
1.7671458676442586	0.9817477042468103	0.7071067811865474
1.9634954084936207	0.9817477042468103	0.5120164591704193
2.1598449493429825	0.9817477042468103	0.324423348821458
2.356194490192345	0.9817477042468103	0.15153654816694528
2.552544031041707	0.9817477042468103	-1.1102230246251565E-16
2.748893571891069	0.9817477042468103	-0.12436283111599766
2.945243112740431	0.9817477042468103	-0.21677275132473917
3.141592653589793	0.9817477042468103	-0.27367849921668297
3.3379421944391554	0.9817477042468103	-0.29289321881345254
3.5342917352885173	0.9817477042468103	-0.27367849921668297
3.730641276137879	0.9817477042468103	-0.2167727513247395
3.9269908169872414	0.9817477042468103	-0.12436283111599788
4.123340357836604	0.9817477042468103	0.0
4.319689898685965	0.9817477042468103	0.15153654816694473
4.516039439535327	0.9817477042468103	0.3244233488214573
4.71238898038469	0.9817477042468103	0.512016459170419
4.908738521234052	0.9817477042468103	0.7071067811865475
5.105088062083414	0.9817477042468103	0.9021971032026759
5.301437602932776	0.9817477042468103	1.0897902135516369
5.497787143782138	0.9817477042468103	1.2626770142061496
5.6941366846315	0.9817477042468103	1.414213562373095
5.890486225480862	0.9817477042468103	1.5385763934890924
6.086835766330224	0.9817477042468103	1.630986313697834
6.283185307179586	0.9817477042468103	1.687892061589778

0.0	1.1780972450961724	1.5363555134228326
0.19634954084936207	1.1780972450961724	1.5555702330196022
0.39269908169872414	1.1780972450961724	1.5363555134228328
0.5890486225480862	1.1780972450961724	1.4794497655308891
0.7853981633974483	1.1780972450961724	1.3870398453221475
0.9817477042468103	1.1780972450961724	1.2626770142061496
1.1780972450961724	1.1780972450961724	1.1111404660392046
1.3744467859455345	1.1780972450961724	0.9382536653846923
1.5707963267948966	1.1780972450961724	0.7506605550357306
1.7671458676442586	1.1780972450961724	0.5555702330196022
1.9634954084936207	1.1780972450961724	0.3604799110034741
2.1598449493429825	1.1780972450961724	0.17288680065451284
2.356194490192345	1.1780972450961724	1.1102230246251565E-16
2.552544031041707	1.1780972450961724	-0.15153654816694528
2.748893571891069	1.1780972450961724	-0.27589937928294284
2.945243112740431	1.1780972450961724	-0.36830929949168434
3.141592653589793	1.1780972450961724	-0.42521504738362814
3.3379421944391554	1.1780972450961724	-0.4444297669803977
3.5342917352885173	1.1780972450961724	-0.42521504738362814
3.730641276137879	1.1780972450961724	-0.36830929949168467
3.9269908169872414	1.1780972450961724	-0.27589937928294306
4.123340357836604	1.1780972450961724	-0.15153654816694517
4.319689898685965	1.1780972450961724	-4.440892098500626E-16
4.516039439535327	1.1780972450961724	0.17288680065451212
4.71238898038469	1.1780972450961724	0.3604799110034738
4.908738521234052	1.1780972450961724	0.5555702330196023
5.105088062083414	1.1780972450961724	0.7506605550357308
5.301437602932776	1.1780972450961724	0.9382536653846916
5.497787143782138	1.1780972450961724	1.1111404660392044
5.6941366846315	1.1780972450961724	1.2626770142061496
5.890486225480862	1.1780972450961724	1.387039845322147
6.086835766330224	1.1780972450961724	1.4794497655308887
6.283185307179586	1.1780972450961724	1.5363555134228326

0.0	1.3744467859455345	1.3634687127683205
0.19634954084936207	1.3744467859455345	1.38268343236509
0.39269908169872414	1.3744467859455345	1.3634687127683205
0.5890486225480862	1.3744467859455345	1.306562964876377
0.7853981633974483	1.3744467859455345	1.2141530446676354
0.9817477042468103	1.3744467859455345	1.0897902135516375
1.1780972450961724	1.3744467859455345	0.9382536653846923
1.3744467859455345	1.3744467859455345	0.7653668647301801
1.5707963267948966	1.3744467859455345	0.5777737543812185
1.7671458676442586	1.3744467859455345	0.38268343236508995
1.9634954084936207	1.3744467859455345	0.1875931103489619
2.1598449493429825	1.3744467859455345	6.106226635438361E-16
2.356194490192345	1.3744467859455345	-0.17288680065451212
2.552544031041707	1.3744467859455345	-0.3244233488214575
2.748893571891069	1.3744467859455345	-0.44878617993745507
2.945243112740431	1.3744467859455345	-0.5411961001461966
3.141592653589793	1.3744467859455345	-0.5981018480381404
3.3379421944391554	1.3744467859455345	-0.6173165676349099
3.5342917352885173	1.3744467859455345	-0.5981018480381404
3.730641276137879	1.3744467859455345	-0.5411961001461969
3.9269908169872414	1.3744467859455345	-0.4487861799374553
4.123340357836604	1.3744467859455345	-0.3244233488214574
4.319689898685965	1.3744467859455345	-0.17288680065451267
4.516039439535327	1.3744467859455345	-1.1102230246251565E-16
4.71238898038469	1.3744467859455345	0.1875931103489616
4.908738521234052	1.3744467859455345	0.38268343236509006
5.105088062083414	1.3744467859455345	0.5777737543812185
5.301437602932776	1.3744467859455345	0.7653668647301795
5.497787143782138	1.3744467859455345	0.9382536653846921
5.6941366846315	1.3744467859455345	1.0897902135516375
5.890486225480862	1.3744467859455345	1.214153044667635
6.086835766330224	1.3744467859455345	1.3065629648763766
6.283185307179586	1.3744467859455345	1.3634687127683205

0.0	1.5707963267948966	1.1758756024193588
0.19634954084936207	1.5707963267948966	1.1950903220161284
0.39269908169872414	1.5707963267948966	1.1758756024193588
0.5890486225480862	1.5707963267948966	1.1189698545274152
0.7853981633974483	1.5707963267948966	1.0265599343186735
0.9817477042468103	1.5707963267948966	0.9021971032026759
1.1780972450961724	1.5707963267948966	0.7506605550357306
1.3744467859455345	1.5707963267948966	0.5777737543812185
1.5707963267948966	1.5707963267948966	0.3901806440322567
1.7671458676442586	1.5707963267948966	0.19509032201612825
1.9634954084936207	1.5707963267948966	1.942890293094024E-16
2.1598449493429825	1.5707963267948966	-0.1875931103489611
2.356194490192345	1.5707963267948966	-0.3604799110034738
2.552544031041707	1.5707963267948966	-0.5120164591704193
2.748893571891069	1.5707963267948966	-0.6363792902864167
2.945243112740431	1.5707963267948966	-0.7287892104951583
3.141592653589793	1.5707963267948966	-0.785694958387102
3.3379421944391554	1.5707963267948966	-0.8049096779838716
3.5342917352885173	1.5707963267948966	-0.785694958387102
3.730641276137879	1.5707963267948966	-0.7287892104951585
3.9269908169872414	1.5707963267948966	-0.6363792902864169
4.123340357836604	1.5707963267948966	-0.512016459170419
4.319689898685965	1.5707963267948966	-0.3604799110034744
4.516039439535327	1.5707963267948966	-0.1875931103489618
4.71238898038469	1.5707963267948966	-1.1102230246251565E-16
4.908738521234052	1.5707963267948966	0.19509032201612836
5.105088062083414	1.5707963267948966	0.39018064403225683
5.301437602932776	1.5707963267948966	0.5777737543812177
5.497787143782138	1.5707963267948966	0.7506605550357304
5.6941366846315	1.5707963267948966	0.9021971032026759
5.890486225480862	1.5707963267948966	1.026559934318673
6.086835766330224	1.5707963267948966	1.118969854527415
6.283185307179586	1.5707963267948966	1.1758756024193588

0.0	1.7671458676442586	0.9807852804032303
0.19634954084936207	1.7671458676442586	0.9999999999999999
0.39269908169872414	1.7671458676442586	0.9807852804032304
0.5890486225480862	1.7671458676442586	0.9238795325112867
0.7853981633974483	1.7671458676442586	0.8314696123025451
0.9817477042468103	1.7671458676442586	0.7071067811865474
1.1780972450961724	1.7671458676442586	0.5555702330196022
1.3744467859455345	1.7671458676442586	0.38268343236508995
1.5707963267948966	1.7671458676442586	0.19509032201612825
1.7671458676442586	1.7671458676442586	-2.4492935982947064E-16
1.9634954084936207	1.7671458676442586	-0.19509032201612828
2.1598449493429825	1.7671458676442586	-0.38268343236508956
2.356194490192345	1.7671458676442586	-0.5555702330196023
2.552544031041707	1.7671458676442586	-0.7071067811865477
2.748893571891069	1.7671458676442586	-0.8314696123025452
2.945243112740431	1.7671458676442586	-0.9238795325112867
3.141592653589793	1.7671458676442586	-0.9807852804032305
3.3379421944391554	1.7671458676442586	-1.0000000000000002
3.5342917352885173	1.7671458676442586	-0.9807852804032305
3.730641276137879	1.7671458676442586	-0.9238795325112871
3.9269908169872414	1.7671458676442586	-0.8314696123025455
4.123340357836604	1.7671458676442586	-0.7071067811865476
4.319689898685965	1.7671458676442586	-0.5555702330196028
4.516039439535327	1.7671458676442586	-0.3826834323650903
4.71238898038469	1.7671458676442586	-0.19509032201612858
4.908738521234052	1.7671458676442586	-1.2246467991473532E-16
5.105088062083414	1.7671458676442586	0.19509032201612836
5.301437602932776	1.7671458676442586	0.3826834323650892
5.497787143782138	1.7671458676442586	0.555570233019602
5.6941366846315	1.7671458676442586	0.7071067811865474
5.890486225480862	1.7671458676442586	0.8314696123025447
6.086835766330224	1.7671458676442586	0.9238795325112864
6.283185307179586	1.7671458676442586	0.9807852804032303

0.0	1.9634954084936207	0.7856949583871022
0.19634954084936207	1.9634954084936207	0.8049096779838718
0.39269908169872414	1.9634954084936207	0.7856949583871023
0.5890486225480862	1.9634954084936207	0.7287892104951587
0.7853981633974483	1.9634954084936207	0.636379290286417
0.9817477042468103	1.9634954084936207	0.5120164591704193
1.1780972450961724	1.9634954084936207	0.3604799110034741
1.3744467859455345	1.9634954084936207	0.1875931103489619
1.5707963267948966	1.9634954084936207	1.942890293094024E-16
1.7671458676442586	1.9634954084936207	-0.19509032201612828
1.9634954084936207	1.9634954084936207	-0.39018064403225633
2.1598449493429825	1.9634954084936207	-0.5777737543812176
2.356194490192345	1.9634954084936207	-0.7506605550357304
2.552544031041707	1.9634954084936207	-0.9021971032026758
2.748893571891069	1.9634954084936207	-1.0265599343186733
2.945243112740431	1.9634954084936207	-1.1189698545274147
3.141592653589793	1.9634954084936207	-1.1758756024193586
3.3379421944391554	1.9634954084936207	-1.1950903220161282
3.5342917352885173	1.9634954084936207	-1.1758756024193586
3.730641276137879	1.9634954084936207	-1.1189698545274152
3.9269908169872414	1.9634954084936207	-1.0265599343186735
4.123340357836604	1.9634954084936207	-0.9021971032026757
4.319689898685965	1.9634954084936207	-0.7506605550357309
4.516039439535327	1.9634954084936207	-0.5777737543812184
4.71238898038469	1.9634954084936207	-0.3901806440322566
4.908738521234052	1.9634954084936207	-0.19509032201612816
5.105088062083414	1.9634954084936207	3.0531133177191805E-16
5.301437602932776	1.9634954084936207	0.18759311034896117
5.497787143782138	1.9634954084936207	0.3604799110034739
5.6941366846315	1.9634954084936207	0.5120164591704193
5.890486225480862	1.9634954084936207	0.6363792902864166
6.086835766330224	1.9634954084936207	0.7287892104951583
6.283185307179586	1.9634954084936207	0.7856949583871022

0.0	2.1598449493429825	0.598101848038141
0.19634954084936207	2.1598449493429825	0.6173165676349106
0.39269908169872414	2.1598449493429825	0.598101848038141
0.5890486225480862	2.1598449493429825	0.5411961001461973
0.7853981633974483	2.1598449493429825	0.4487861799374558
0.9817477042468103	2.1598449493429825	0.324423348821458
1.1780972450961724	2.1598449493429825	0.17288680065451284
1.3744467859455345	2.1598449493429825	6.106226635438361E-16
1.5707963267948966	2.1598449493429825	-0.1875931103489611
1.7671458676442586	2.1598449493429825	-0.38268343236508956
1.9634954084936207	2.1598449493429825	-0.5777737543812176
2.1598449493429825	2.1598449493429825	-0.7653668647301789
2.356194490192345	2.1598449493429825	-0.9382536653846916
2.552544031041707	2.1598449493429825	-1.089790213551637
2.748893571891069	2.1598449493429825	-1.2141530446676345
2.945243112740431	2.1598449493429825	-1.3065629648763761
3.141592653589793	2.1598449493429825	-1.3634687127683198
3.3379421944391554	2.1598449493429825	-1.3826834323650894
3.5342917352885173	2.1598449493429825	-1.3634687127683198
3.730641276137879	2.1598449493429825	-1.3065629648763764
3.9269908169872414	2.1598449493429825	-1.2141530446676347
4.123340357836604	2.1598449493429825	-1.0897902135516369
4.319689898685965	2.1598449493429825	-0.9382536653846922
4.516039439535327	2.1598449493429825	-0.7653668647301797
4.71238898038469	2.1598449493429825	-0.5777737543812179
4.908738521234052	2.1598449493429825	-0.38268343236508945
5.105088062083414	2.1598449493429825	-0.18759311034896098
5.301437602932776	2.1598449493429825	-1.1102230246251565E-16
5.497787143782138	2.1598449493429825	0.17288680065451262
5.6941366846315	2.1598449493429825	0.324423348821458
5.890486225480862	2.1598449493429825	0.44878617993745534
6.086835766330224	2.1598449493429825	0.5411961001461971
6.283185307179586	2.1598449493429825	0.598101848038141

0.0	2.356194490192345	0.42521504738362825
0.19634954084936207	2.356194490192345	0.4444297669803978
0.39269908169872414	2.356194490192345	0.42521504738362836
0.5890486225480862	2.356194490192345	0.36830929949168467
0.7853981633974483	2.356194490192345	0.27589937928294306
0.9817477042468103	2.356194490192345	0.15153654816694528
1.1780972450961724	2.356194490192345	1.1102230246251565E-16
1.3744467859455345	2.356194490192345	-0.17288680065451212
1.5707963267948966	2.356194490192345	-0.3604799110034738
1.7671458676442586	2.356194490192345	-0.5555702330196023
1.9634954084936207	2.356194490192345	-0.7506605550357304
2.1598449493429825	2.356194490192345	-0.9382536653846916
2.356194490192345	2.356194490192345	-1.1111404660392044
2.552544031041707	2.356194490192345	-1.2626770142061496
2.748893571891069	2.356194490192345	-1.3870398453221473
2.945243112740431	2.356194490192345	-1.4794497655308887
3.141592653589793	2.356194490192345	-1.5363555134228326
3.3379421944391554	2.356194490192345	-1.5555702330196022
3.5342917352885173	2.356194490192345	-1.5363555134228326
3.730641276137879	2.356194490192345	-1.4794497655308891
3.9269908169872414	2.356194490192345	-1.3870398453221475
4.123340357836604	2.356194490192345	-1.2626770142061496
4.319689898685965	2.356194490192345	-1.1111404660392048
4.516039439535327	2.356194490192345	-0.9382536653846923
4.71238898038469	2.356194490192345	-0.7506605550357306
4.908738521234052	2.356194490192345	-0.5555702330196022
5.105088062083414	2.356194490192345	-0.3604799110034737
5.301437602932776	2.356194490192345	-0.17288680065451284
5.497787143782138	2.356194490192345	-1.1102230246251565E-16
5.6941366846315	2.356194490192345	0.15153654816694528
5.890486225480862	2.356194490192345	0.2758993792829426
6.086835766330224	2.356194490192345	0.36830929949168434
6.283185307179586	2.356194490192345	0.42521504738362825

0.0	2.552544031041707	0.27367849921668286
0.19634954084936207	2.552544031041707	0.2928932188134524
0.39269908169872414	2.552544031041707	0.27367849921668297
0.5890486225480862	2.552544031041707	0.21677275132473928
0.7853981633974483	2.552544031041707	0.12436283111599766
0.9817477042468103	2.552544031041707	-1.1102230246251565E-16
1.1780972450961724	2.552544031041707	-0.15153654816694528
1.3744467859455345	2.552544031041707	-0.3244233488214575
1.5707963267948966	2.552544031041707	-0.5120164591704193
1.7671458676442586	2.552544031041707	-0.7071067811865477
1.9634954084936207	2.552544031041707	-0.9021971032026758
2.1598449493429825	2.552544031041707	-1.089790213551637
2.356194490192345	2.552544031041707	-1.2626770142061496
2.552544031041707	2.552544031041707	-1.4142135623730951
2.748893571891069	2.552544031041707	-1.5385763934890928
2.945243112740431	2.552544031041707	-1.6309863136978342
3.141592653589793	2.552544031041707	-1.687892061589778
3.3379421944391554	2.552544031041707	-1.7071067811865475
3.5342917352885173	2.552544031041707	-1.687892061589778
3.730641276137879	2.552544031041707	-1.6309863136978344
3.9269908169872414	2.552544031041707	-1.5385763934890928
4.123340357836604	2.552544031041707	-1.414213562373095
4.319689898685965	2.552544031041707	-1.2626770142061503
4.516039439535327	2.552544031041707	-1.0897902135516377
4.71238898038469	2.552544031041707	-0.9021971032026761
4.908738521234052	2.552544031041707	-0.7071067811865476
5.105088062083414	2.552544031041707	-0.512016459170419
5.301437602932776	2.552544031041707	-0.32442334882145824
5.497787143782138	2.552544031041707	-0.1515365481669455
5.6941366846315	2.552544031041707	-1.1102230246251565E-16
5.890486225480862	2.552544031041707	0.12436283111599722
6.086835766330224	2.552544031041707	0.21677275132473894
6.283185307179586	2.552544031041707	0.27367849921668286

0.0	2.748893571891069	0.1493156681006853
0.19634954084936207	2.748893571891069	0.16853038769745488
0.39269908169872414	2.748893571891069	0.14931566810068542
0.5890486225480862	2.748893571891069	0.09240992020874172
0.7853981633974483	2.748893571891069	1.1102230246251565E-16
0.9817477042468103	2.748893571891069	-0.12436283111599766
1.1780972450961724	2.748893571891069	-0.27589937928294284
1.3744467859455345	2.748893571891069	-0.44878617993745507
1.5707963267948966	2.748893571891069	-0.6363792902864167
1.7671458676442586	2.748893571891069	-0.8314696123025452
1.9634954084936207	2.748893571891069	-1.0265599343186733
2.1598449493429825	2.748893571891069	-1.2141530446676345
2.356194490192345	2.748893571891069	-1.3870398453221473
2.552544031041707	2.748893571891069	-1.5385763934890928
2.748893571891069	2.748893571891069	-1.6629392246050902
2.945243112740431	2.748893571891069	-1.7553491448138319
3.141592653589793	2.748893571891069	-1.8122548927057756
3.3379421944391554	2.748893571891069	-1.8314696123025451
3.5342917352885173	2.748893571891069	-1.8122548927057756
3.730641276137879	2.748893571891069	-1.755349144813832
3.9269908169872414	2.748893571891069	-1.6629392246050905
4.123340357836604	2.748893571891069	-1.5385763934890926
4.319689898685965	2.748893571891069	-1.387039845322148
4.516039439535327	2.748893571891069	-1.2141530446676354
4.71238898038469	2.748893571891069	-1.0265599343186735
4.908738521234052	2.748893571891069	-0.8314696123025451
5.105088062083414	2.748893571891069	-0.6363792902864167
5.301437602932776	2.748893571891069	-0.4487861799374558
5.497787143782138	2.748893571891069	-0.27589937928294306
5.6941366846315	2.748893571891069	-0.12436283111599766
5.890486225480862	2.748893571891069	-3.3306690738754696E-16
6.086835766330224	2.748893571891069	0.09240992020874139
6.283185307179586	2.748893571891069	0.1493156681006853

0.0	2.945243112740431	0.0569057478919438
0.19634954084936207	2.945243112740431	0.07612046748871337
0.39269908169872414	2.945243112740431	0.056905747891943914
0.5890486225480862	2.945243112740431	2.220446049250313E-16
0.7853981633974483	2.945243112740431	-0.09240992020874139
0.9817477042468103	2.945243112740431	-0.21677275132473917
1.1780972450961724	2.945243112740431	-0.36830929949168434
1.3744467859455345	2.945243112740431	-0.5411961001461966
1.5707963267948966	2.945243112740431	-0.7287892104951583
1.7671458676442586	2.945243112740431	-0.9238795325112867
1.9634954084936207	2.945243112740431	-1.1189698545274147
2.1598449493429825	2.945243112740431	-1.3065629648763761
2.356194490192345	2.945243112740431	-1.4794497655308887
2.552544031041707	2.945243112740431	-1.6309863136978342
2.748893571891069	2.945243112740431	-1.7553491448138319
2.945243112740431	2.945243112740431	-1.8477590650225733
3.141592653589793	2.945243112740431	-1.904664812914517
3.3379421944391554	2.945243112740431	-1.9238795325112865
3.5342917352885173	2.945243112740431	-1.904664812914517
3.730641276137879	2.945243112740431	-1.8477590650225735
3.9269908169872414	2.945243112740431	-1.7553491448138319
4.123340357836604	2.945243112740431	-1.630986313697834
4.319689898685965	2.945243112740431	-1.4794497655308894
4.516039439535327	2.945243112740431	-1.3065629648763768
4.71238898038469	2.945243112740431	-1.1189698545274152
4.908738521234052	2.945243112740431	-0.9238795325112866
5.105088062083414	2.945243112740431	-0.7287892104951581
5.301437602932776	2.945243112740431	-0.5411961001461973
5.497787143782138	2.945243112740431	-0.36830929949168456
5.6941366846315	2.945243112740431	-0.21677275132473917
5.890486225480862	2.945243112740431	-0.09240992020874184
6.086835766330224	2.945243112740431	-1.1102230246251565E-16
6.283185307179586	2.945243112740431	0.0569057478919438

0.0	3.141592653589793	0.0
0.19634954084936207	3.141592653589793	0.01921471959676957
0.39269908169872414	3.141592653589793	1.1102230246251565E-16
0.5890486225480862	3.141592653589793	-0.05690574789194358
0.7853981633974483	3.141592653589793	-0.1493156681006852
0.9817477042468103	3.141592653589793	-0.27367849921668297
1.1780972450961724	3.141592653589793	-0.42521504738362814
1.3744467859455345	3.141592653589793	-0.5981018480381404
1.5707963267948966	3.141592653589793	-0.785694958387102
1.7671458676442586	3.141592653589793	-0.9807852804032305
1.9634954084936207	3.141592653589793	-1.1758756024193586
2.1598449493429825	3.141592653589793	-1.3634687127683198
2.356194490192345	3.141592653589793	-1.5363555134228326
2.552544031041707	3.141592653589793	-1.687892061589778
2.748893571891069	3.141592653589793	-1.8122548927057756
2.945243112740431	3.141592653589793	-1.904664812914517
3.141592653589793	3.141592653589793	-1.9615705608064609
3.3379421944391554	3.141592653589793	-1.9807852804032304
3.5342917352885173	3.141592653589793	-1.9615705608064609
3.730641276137879	3.141592653589793	-1.9046648129145174
3.9269908169872414	3.141592653589793	-1.8122548927057758
4.123340357836604	3.141592653589793	-1.687892061589778
4.319689898685965	3.141592653589793	-1.536355513422833
4.516039439535327	3.141592653589793	-1.3634687127683205
4.71238898038469	3.141592653589793	-1.1758756024193588
4.908738521234052	3.141592653589793	-0.9807852804032304
5.105088062083414	3.141592653589793	-0.785694958387102
5.301437602932776	3.141592653589793	-0.598101848038141
5.497787143782138	3.141592653589793	-0.42521504738362836
5.6941366846315	3.141592653589793	-0.27367849921668297
5.890486225480862	3.141592653589793	-0.14931566810068564
6.086835766330224	3.141592653589793	-0.056905747891943914
6.283185307179586	3.141592653589793	0.0

0.0	3.3379421944391554	-0.01921471959676957
0.19634954084936207	3.3379421944391554	0.0
0.39269908169872414	3.3379421944391554	-0.01921471959676946
0.5890486225480862	3.3379421944391554	-0.07612046748871315
0.7853981633974483	3.3379421944391554	-0.16853038769745476
0.9817477042468103	3.3379421944391554	-0.29289321881345254
1.1780972450961724	3.3379421944391554	-0.4444297669803977
1.3744467859455345	3.3379421944391554	-0.6173165676349099
1.5707963267948966	3.3379421944391554	-0.8049096779838716
1.7671458676442586	3.3379421944391554	-1.0000000000000002
1.9634954084936207	3.3379421944391554	-1.1950903220161282
2.1598449493429825	3.3379421944391554	-1.3826834323650894
2.356194490192345	3.3379421944391554	-1.5555702330196022
2.552544031041707	3.3379421944391554	-1.7071067811865475
2.748893571891069	3.3379421944391554	-1.8314696123025451
2.945243112740431	3.3379421944391554	-1.9238795325112865
3.141592653589793	3.3379421944391554	-1.9807852804032304
3.3379421944391554	3.3379421944391554	-2.0
3.5342917352885173	3.3379421944391554	-1.9807852804032304
3.730641276137879	3.3379421944391554	-1.923879532511287
3.9269908169872414	3.3379421944391554	-1.8314696123025453
4.123340357836604	3.3379421944391554	-1.7071067811865475
4.319689898685965	3.3379421944391554	-1.5555702330196026
4.516039439535327	3.3379421944391554	-1.38268343236509
4.71238898038469	3.3379421944391554	-1.1950903220161284
4.908738521234052	3.3379421944391554	-1.0
5.105088062083414	3.3379421944391554	-0.8049096779838716
5.301437602932776	3.3379421944391554	-0.6173165676349106
5.497787143782138	3.3379421944391554	-0.44442976698039793
5.6941366846315	3.3379421944391554	-0.29289321881345254
5.890486225480862	3.3379421944391554	-0.1685303876974552
6.086835766330224	3.3379421944391554	-0.07612046748871348
6.283185307179586	3.3379421944391554	-0.01921471959676957

0.0	3.5342917352885173	0.0
0.19634954084936207	3.5342917352885173	0.01921471959676957
0.39269908169872414	3.5342917352885173	1.1102230246251565E-16
0.5890486225480862	3.5342917352885173	-0.05690574789194358
0.7853981633974483	3.5342917352885173	-0.1493156681006852
0.9817477042468103	3.5342917352885173	-0.27367849921668297
1.1780972450961724	3.5342917352885173	-0.42521504738362814
1.3744467859455345	3.5342917352885173	-0.5981018480381404
1.5707963267948966	3.5342917352885173	-0.785694958387102
1.7671458676442586	3.5342917352885173	-0.9807852804032305
1.9634954084936207	3.5342917352885173	-1.1758756024193586
2.1598449493429825	3.5342917352885173	-1.3634687127683198
2.356194490192345	3.5342917352885173	-1.5363555134228326
2.552544031041707	3.5342917352885173	-1.687892061589778
2.748893571891069	3.5342917352885173	-1.8122548927057756
2.945243112740431	3.5342917352885173	-1.904664812914517
3.141592653589793	3.5342917352885173	-1.9615705608064609
3.3379421944391554	3.5342917352885173	-1.9807852804032304
3.5342917352885173	3.5342917352885173	-1.9615705608064609
3.730641276137879	3.5342917352885173	-1.9046648129145174
3.9269908169872414	3.5342917352885173	-1.8122548927057758
4.123340357836604	3.5342917352885173	-1.687892061589778
4.319689898685965	3.5342917352885173	-1.536355513422833
4.516039439535327	3.5342917352885173	-1.3634687127683205
4.71238898038469	3.5342917352885173	-1.1758756024193588
4.908738521234052	3.5342917352885173	-0.9807852804032304
5.105088062083414	3.5342917352885173	-0.785694958387102
5.301437602932776	3.5342917352885173	-0.598101848038141
5.497787143782138	3.5342917352885173	-0.42521504738362836
5.6941366846315	3.5342917352885173	-0.27367849921668297
5.890486225480862	3.5342917352885173	-0.14931566810068564
6.086835766330224	3.5342917352885173	-0.056905747891943914
6.283185307179586	3.5342917352885173	0.0

0.0	3.730641276137879	0.05690574789194347
0.19634954084936207	3.730641276137879	0.07612046748871304
0.39269908169872414	3.730641276137879	0.05690574789194358
0.5890486225480862	3.730641276137879	-1.1102230246251565E-16
0.7853981633974483	3.730641276137879	-0.09240992020874172
0.9817477042468103	3.730641276137879	-0.2167727513247395
1.1780972450961724	3.730641276137879	-0.36830929949168467
1.3744467859455345	3.730641276137879	-0.5411961001461969
1.5707963267948966	3.730641276137879	-0.7287892104951585
1.7671458676442586	3.730641276137879	-0.9238795325112871
1.9634954084936207	3.730641276137879	-1.1189698545274152
2.1598449493429825	3.730641276137879	-1.3065629648763764
2.356194490192345	3.730641276137879	-1.4794497655308891
2.552544031041707	3.730641276137879	-1.6309863136978344
2.748893571891069	3.730641276137879	-1.755349144813832
2.945243112740431	3.730641276137879	-1.8477590650225735
3.141592653589793	3.730641276137879	-1.9046648129145174
3.3379421944391554	3.730641276137879	-1.923879532511287
3.5342917352885173	3.730641276137879	-1.9046648129145174
3.730641276137879	3.730641276137879	-1.847759065022574
3.9269908169872414	3.730641276137879	-1.7553491448138323
4.123340357836604	3.730641276137879	-1.6309863136978344
4.319689898685965	3.730641276137879	-1.4794497655308896
4.516039439535327	3.730641276137879	-1.306562964876377
4.71238898038469	3.730641276137879	-1.1189698545274154
4.908738521234052	3.730641276137879	-0.923879532511287
5.105088062083414	3.730641276137879	-0.7287892104951585
5.301437602932776	3.730641276137879	-0.5411961001461976
5.497787143782138	3.730641276137879	-0.3683092994916849
5.6941366846315	3.730641276137879	-0.2167727513247395
5.890486225480862	3.730641276137879	-0.09240992020874217
6.086835766330224	3.730641276137879	-4.440892098500626E-16
6.283185307179586	3.730641276137879	0.05690574789194347

0.0	3.9269908169872414	0.14931566810068508
0.19634954084936207	3.9269908169872414	0.16853038769745465
0.39269908169872414	3.9269908169872414	0.1493156681006852
0.5890486225480862	3.9269908169872414	0.0924099202087415
0.7853981633974483	3.9269908169872414	-1.1102230246251565E-16
0.9817477042468103	3.9269908169872414	-0.12436283111599788
1.1780972450961724	3.9269908169872414	-0.27589937928294306
1.3744467859455345	3.9269908169872414	-0.4487861799374553
1.5707963267948966	3.9269908169872414	-0.6363792902864169
1.7671458676442586	3.9269908169872414	-0.8314696123025455
1.9634954084936207	3.9269908169872414	-1.0265599343186735
2.1598449493429825	3.9269908169872414	-1.2141530446676347
2.356194490192345	3.9269908169872414	-1.3870398453221475
2.552544031041707	3.9269908169872414	-1.5385763934890928
2.748893571891069	3.9269908169872414	-1.6629392246050905
2.945243112740431	3.9269908169872414	-1.7553491448138319
3.141592653589793	3.9269908169872414	-1.8122548927057758
3.3379421944391554	3.9269908169872414	-1.8314696123025453
3.5342917352885173	3.9269908169872414	-1.8122548927057758
3.730641276137879	3.9269908169872414	-1.7553491448138323
3.9269908169872414	3.9269908169872414	-1.6629392246050907
4.123340357836604	3.9269908169872414	-1.5385763934890928
4.319689898685965	3.9269908169872414	-1.387039845322148
4.516039439535327	3.9269908169872414	-1.2141530446676354
4.71238898038469	3.9269908169872414	-1.0265599343186738
4.908738521234052	3.9269908169872414	-0.8314696123025453
5.105088062083414	3.9269908169872414	-0.6363792902864169
5.301437602932776	3.9269908169872414	-0.448786179937456
5.497787143782138	3.9269908169872414	-0.2758993792829433
5.6941366846315	3.9269908169872414	-0.12436283111599788
5.890486225480862	3.9269908169872414	-5.551115123125783E-16
6.086835766330224	3.9269908169872414	0.09240992020874117
6.283185307179586	3.9269908169872414	0.14931566810068508

0.0	4.123340357836604	0.27367849921668297
0.19634954084936207	4.123340357836604	0.29289321881345254
0.39269908169872414	4.123340357836604	0.2736784992166831
0.5890486225480862	4.123340357836604	0.2167727513247394
0.7853981633974483	4.123340357836604	0.12436283111599777
0.9817477042468103	4.123340357836604	0.0
1.1780972450961724	4.123340357836604	-0.15153654816694517
1.3744467859455345	4.123340357836604	-0.3244233488214574
1.5707963267948966	4.123340357836604	-0.512016459170419
1.7671458676442586	4.123340357836604	-0.7071067811865476
1.9634954084936207	4.123340357836604	-0.9021971032026757
2.1598449493429825	4.123340357836604	-1.0897902135516369
2.356194490192345	4.123340357836604	-1.2626770142061496
2.552544031041707	4.123340357836604	-1.414213562373095
2.748893571891069	4.123340357836604	-1.5385763934890926
2.945243112740431	4.123340357836604	-1.630986313697834
3.141592653589793	4.123340357836604	-1.687892061589778
3.3379421944391554	4.123340357836604	-1.7071067811865475
3.5342917352885173	4.123340357836604	-1.687892061589778
3.730641276137879	4.123340357836604	-1.6309863136978344
3.9269908169872414	4.123340357836604	-1.5385763934890928
4.123340357836604	4.123340357836604	-1.414213562373095
4.319689898685965	4.123340357836604	-1.26267701420615
4.516039439535327	4.123340357836604	-1.0897902135516375
4.71238898038469	4.123340357836604	-0.9021971032026759
4.908738521234052	4.123340357836604	-0.7071067811865475
5.105088062083414	4.123340357836604	-0.512016459170419
5.301437602932776	4.123340357836604	-0.3244233488214581
5.497787143782138	4.123340357836604	-0.1515365481669454
5.6941366846315	4.123340357836604	0.0
5.890486225480862	4.123340357836604	0.12436283111599733
6.086835766330224	4.123340357836604	0.21677275132473905
6.283185307179586	4.123340357836604	0.27367849921668297

0.0	4.319689898685965	0.4252150473836277
0.19634954084936207	4.319689898685965	0.44442976698039727
0.39269908169872414	4.319689898685965	0.4252150473836278
0.5890486225480862	4.319689898685965	0.3683092994916841
0.7853981633974483	4.319689898685965	0.2758993792829425
0.9817477042468103	4.319689898685965	0.15153654816694473
1.1780972450961724	4.319689898685965	-4.440892098500626E-16
1.3744467859455345	4.319689898685965	-0.17288680065451267
1.5707963267948966	4.319689898685965	-0.3604799110034744
1.7671458676442586	4.319689898685965	-0.5555702330196028
1.9634954084936207	4.319689898685965	-0.7506605550357309
2.1598449493429825	4.319689898685965	-0.9382536653846922
2.356194490192345	4.319689898685965	-1.1111404660392048
2.552544031041707	4.319689898685965	-1.2626770142061503
2.748893571891069	4.319689898685965	-1.387039845322148
2.945243112740431	4.319689898685965	-1.4794497655308894
3.141592653589793	4.319689898685965	-1.536355513422833
3.3379421944391554	4.319689898685965	-1.5555702330196026
3.5342917352885173	4.319689898685965	-1.536355513422833
3.730641276137879	4.319689898685965	-1.4794497655308896
3.9269908169872414	4.319689898685965	-1.387039845322148
4.123340357836604	4.319689898685965	-1.26267701420615
4.319689898685965	4.319689898685965	-1.1111404660392055
4.516039439535327	4.319689898685965	-0.9382536653846929
4.71238898038469	4.319689898685965	-0.7506605550357313
4.908738521234052	4.319689898685965	-0.5555702330196027
5.105088062083414	4.319689898685965	-0.36047991100347426
5.301437602932776	4.319689898685965	-0.1728868006545134
5.497787143782138	4.319689898685965	-6.661338147750939E-16
5.6941366846315	4.319689898685965	0.15153654816694473
5.890486225480862	4.319689898685965	0.27589937928294206
6.086835766330224	4.319689898685965	0.3683092994916838
6.283185307179586	4.319689898685965	0.4252150473836277

0.0	4.516039439535327	0.5981018480381403
0.19634954084936207	4.516039439535327	0.6173165676349098
0.39269908169872414	4.516039439535327	0.5981018480381404
0.5890486225480862	4.516039439535327	0.5411961001461967
0.7853981633974483	4.516039439535327	0.44878617993745507
0.9817477042468103	4.516039439535327	0.3244233488214573
1.1780972450961724	4.516039439535327	0.17288680065451212
1.3744467859455345	4.516039439535327	-1.1102230246251565E-16
1.5707963267948966	4.516039439535327	-0.1875931103489618
1.7671458676442586	4.516039439535327	-0.3826834323650903
1.9634954084936207	4.516039439535327	-0.5777737543812184
2.1598449493429825	4.516039439535327	-0.7653668647301797
2.356194490192345	4.516039439535327	-0.9382536653846923
2.552544031041707	4.516039439535327	-1.0897902135516377
2.748893571891069	4.516039439535327	-1.2141530446676354
2.945243112740431	4.516039439535327	-1.3065629648763768
3.141592653589793	4.516039439535327	-1.3634687127683205
3.3379421944391554	4.516039439535327	-1.38268343236509
3.5342917352885173	4.516039439535327	-1.3634687127683205
3.730641276137879	4.516039439535327	-1.306562964876377
3.9269908169872414	4.516039439535327	-1.2141530446676354
4.123340357836604	4.516039439535327	-1.0897902135516375
4.319689898685965	4.516039439535327	-0.9382536653846929
4.516039439535327	4.516039439535327	-0.7653668647301803
4.71238898038469	4.516039439535327	-0.5777737543812187
4.908738521234052	4.516039439535327	-0.38268343236509017
5.105088062083414	4.516039439535327	-0.1875931103489617
5.301437602932776	4.516039439535327	-8.326672684688674E-16
5.497787143782138	4.516039439535327	0.1728868006545119
5.6941366846315	4.516039439535327	0.3244233488214573
5.890486225480862	4.516039439535327	0.4487861799374546
6.086835766330224	4.516039439535327	0.5411961001461963
6.283185307179586	4.516039439535327	0.5981018480381403

0.0	4.71238898038469	0.785694958387102
0.19634954084936207	4.71238898038469	0.8049096779838716
0.39269908169872414	4.71238898038469	0.785694958387102
0.5890486225480862	4.71238898038469	0.7287892104951583
0.7853981633974483	4.71238898038469	0.6363792902864167
0.9817477042468103	4.71238898038469	0.512016459170419
1.1780972450961724	4.71238898038469	0.3604799110034738
1.3744467859455345	4.71238898038469	0.1875931103489616
1.5707963267948966	4.71238898038469	-1.1102230246251565E-16
1.7671458676442586	4.71238898038469	-0.19509032201612858
1.9634954084936207	4.71238898038469	-0.3901806440322566
2.1598449493429825	4.71238898038469	-0.5777737543812179
2.356194490192345	4.71238898038469	-0.7506605550357306
2.552544031041707	4.71238898038469	-0.9021971032026761
2.748893571891069	4.71238898038469	-1.0265599343186735
2.945243112740431	4.71238898038469	-1.1189698545274152
3.141592653589793	4.71238898038469	-1.1758756024193588
3.3379421944391554	4.71238898038469	-1.1950903220161284
3.5342917352885173	4.71238898038469	-1.1758756024193588
3.730641276137879	4.71238898038469	-1.1189698545274154
3.9269908169872414	4.71238898038469	-1.0265599343186738
4.123340357836604	4.71238898038469	-0.9021971032026759
4.319689898685965	4.71238898038469	-0.7506605550357313
4.516039439535327	4.71238898038469	-0.5777737543812187
4.71238898038469	4.71238898038469	-0.39018064403225694
4.908738521234052	4.71238898038469	-0.19509032201612847
5.105088062083414	4.71238898038469	0.0
5.301437602932776	4.71238898038469	0.18759311034896087
5.497787143782138	4.71238898038469	0.3604799110034736
5.6941366846315	4.71238898038469	0.512016459170419
5.890486225480862	4.71238898038469	0.6363792902864163
6.086835766330224	4.71238898038469	0.7287892104951581
6.283185307179586	4.71238898038469	0.785694958387102

0.0	4.908738521234052	0.9807852804032304
0.19634954084936207	4.908738521234052	1.0
0.39269908169872414	4.908738521234052	0.9807852804032305
0.5890486225480862	4.908738521234052	0.9238795325112868
0.7853981633974483	4.908738521234052	0.8314696123025452
0.9817477042468103	4.908738521234052	0.7071067811865475
1.1780972450961724	4.908738521234052	0.5555702330196023
1.3744467859455345	4.908738521234052	0.38268343236509006
1.5707963267948966	4.908738521234052	0.19509032201612836
1.7671458676442586	4.908738521234052	-1.2246467991473532E-16
1.9634954084936207	4.908738521234052	-0.19509032201612816
2.1598449493429825	4.908738521234052	-0.38268343236508945
2.356194490192345	4.908738521234052	-0.5555702330196022
2.552544031041707	4.908738521234052	-0.7071067811865476
2.748893571891069	4.908738521234052	-0.8314696123025451
2.945243112740431	4.908738521234052	-0.9238795325112866
3.141592653589793	4.908738521234052	-0.9807852804032304
3.3379421944391554	4.908738521234052	-1.0
3.5342917352885173	4.908738521234052	-0.9807852804032304
3.730641276137879	4.908738521234052	-0.923879532511287
3.9269908169872414	4.908738521234052	-0.8314696123025453
4.123340357836604	4.908738521234052	-0.7071067811865475
4.319689898685965	4.908738521234052	-0.5555702330196027
4.516039439535327	4.908738521234052	-0.38268343236509017
4.71238898038469	4.908738521234052	-0.19509032201612847
4.908738521234052	4.908738521234052	0.0
5.105088062083414	4.908738521234052	0.19509032201612847
5.301437602932776	4.908738521234052	0.38268343236508934
5.497787143782138	4.908738521234052	0.5555702330196021
5.6941366846315	4.908738521234052	0.7071067811865475
5.890486225480862	4.908738521234052	0.8314696123025448
6.086835766330224	4.908738521234052	0.9238795325112865
6.283185307179586	4.908738521234052	0.9807852804032304

0.0	5.105088062083414	1.1758756024193588
0.19634954084936207	5.105088062083414	1.1950903220161284
0.39269908169872414	5.105088062083414	1.175875602419359
0.5890486225480862	5.105088062083414	1.1189698545274154
0.7853981633974483	5.105088062083414	1.0265599343186738
0.9817477042468103	5.105088062083414	0.9021971032026759
1.1780972450961724	5.105088062083414	0.7506605550357308
1.3744467859455345	5.105088062083414	0.5777737543812185
1.5707963267948966	5.105088062083414	0.39018064403225683
1.7671458676442586	5.105088062083414	0.19509032201612836
1.9634954084936207	5.105088062083414	3.0531133177191805E-16
2.1598449493429825	5.105088062083414	-0.18759311034896098
2.356194490192345	5.105088062083414	-0.3604799110034737
2.552544031041707	5.105088062083414	-0.512016459170419
2.748893571891069	5.105088062083414	-0.6363792902864167
2.945243112740431	5.105088062083414	-0.7287892104951581
3.141592653589793	5.105088062083414	-0.785694958387102
3.3379421944391554	5.105088062083414	-0.8049096779838716
3.5342917352885173	5.105088062083414	-0.785694958387102
3.730641276137879	5.105088062083414	-0.7287892104951585
3.9269908169872414	5.105088062083414	-0.6363792902864169
4.123340357836604	5.105088062083414	-0.512016459170419
4.319689898685965	5.105088062083414	-0.36047991100347426
4.516039439535327	5.105088062083414	-0.1875931103489617
4.71238898038469	5.105088062083414	0.0
4.908738521234052	5.105088062083414	0.19509032201612847
5.105088062083414	5.105088062083414	0.39018064403225694
5.301437602932776	5.105088062083414	0.5777737543812178
5.497787143782138	5.105088062083414	0.7506605550357306
5.6941366846315	5.105088062083414	0.9021971032026759
5.890486225480862	5.105088062083414	1.0265599343186733
6.086835766330224	5.105088062083414	1.118969854527415
6.283185307179586	5.105088062083414	1.1758756024193588

0.0	5.301437602932776	1.3634687127683198
0.19634954084936207	5.301437602932776	1.3826834323650894
0.39269908169872414	5.301437602932776	1.3634687127683198
0.5890486225480862	5.301437602932776	1.3065629648763761
0.7853981633974483	5.301437602932776	1.2141530446676345
0.9817477042468103	5.301437602932776	1.0897902135516369
1.1780972450961724	5.301437602932776	0.9382536653846916
1.3744467859455345	5.301437602932776	0.7653668647301795
1.5707963267948966	5.301437602932776	0.5777737543812177
1.7671458676442586	5.301437602932776	0.3826834323650892
1.9634954084936207	5.301437602932776	0.18759311034896117
2.1598449493429825	5.301437602932776	-1.1102230246251565E-16
2.356194490192345	5.301437602932776	-0.17288680065451284
2.552544031041707	5.301437602932776	-0.32442334882145824
2.748893571891069	5.301437602932776	-0.4487861799374558
2.945243112740431	5.301437602932776	-0.5411961001461973
3.141592653589793	5.301437602932776	-0.598101848038141
3.3379421944391554	5.301437602932776	-0.6173165676349106
3.5342917352885173	5.301437602932776	-0.598101848038141
3.730641276137879	5.301437602932776	-0.5411961001461976
3.9269908169872414	5.301437602932776	-0.448786179937456
4.123340357836604	5.301437602932776	-0.3244233488214581
4.319689898685965	5.301437602932776	-0.1728868006545134
4.516039439535327	5.301437602932776	-8.326672684688674E-16
4.71238898038469	5.301437602932776	0.18759311034896087
4.908738521234052	5.301437602932776	0.38268343236508934
5.105088062083414	5.301437602932776	0.5777737543812178
5.301437602932776	5.301437602932776	0.7653668647301787
5.497787143782138	5.301437602932776	0.9382536653846913
5.6941366846315	5.301437602932776	1.0897902135516369
5.890486225480862	5.301437602932776	1.214153044667634
6.086835766330224	5.301437602932776	1.306562964876376
6.283185307179586	5.301437602932776	1.3634687127683198

0.0	5.497787143782138	1.5363555134228326
0.19634954084936207	5.497787143782138	1.5555702330196022
0.39269908169872414	5.497787143782138	1.5363555134228326
0.5890486225480862	5.497787143782138	1.479449765530889
0.7853981633974483	5.497787143782138	1.3870398453221473
0.9817477042468103	5.497787143782138	1.2626770142061496
1.1780972450961724	5.497787143782138	1.1111404660392044
1.3744467859455345	5.497787143782138	0.9382536653846921
1.5707963267948966	5.497787143782138	0.7506605550357304
1.7671458676442586	5.497787143782138	0.555570233019602
1.9634954084936207	5.497787143782138	0.3604799110034739
2.1598449493429825	5.497787143782138	0.17288680065451262
2.356194490192345	5.497787143782138	-1.1102230246251565E-16
2.552544031041707	5.497787143782138	-0.1515365481669455
2.748893571891069	5.497787143782138	-0.27589937928294306
2.945243112740431	5.497787143782138	-0.36830929949168456
3.141592653589793	5.497787143782138	-0.42521504738362836
3.3379421944391554	5.497787143782138	-0.44442976698039793
3.5342917352885173	5.497787143782138	-0.42521504738362836
3.730641276137879	5.497787143782138	-0.3683092994916849
3.9269908169872414	5.497787143782138	-0.2758993792829433
4.123340357836604	5.497787143782138	-0.1515365481669454
4.319689898685965	5.497787143782138	-6.661338147750939E-16
4.516039439535327	5.497787143782138	0.1728868006545119
4.71238898038469	5.497787143782138	0.3604799110034736
4.908738521234052	5.497787143782138	0.5555702330196021
5.105088062083414	5.497787143782138	0.7506605550357306
5.301437602932776	5.497787143782138	0.9382536653846913
5.497787143782138	5.497787143782138	1.1111404660392041
5.6941366846315	5.497787143782138	1.2626770142061496
5.890486225480862	5.497787143782138	1.3870398453221469
6.086835766330224	5.497787143782138	1.4794497655308887
6.283185307179586	5.497787143782138	1.5363555134228326

0.0	5.6941366846315	1.687892061589778
0.19634954084936207	5.6941366846315	1.7071067811865475
0.39269908169872414	5.6941366846315	1.687892061589778
0.5890486225480862	5.6941366846315	1.6309863136978344
0.7853981633974483	5.6941366846315	1.5385763934890928
0.9817477042468103	5.6941366846315	1.414213562373095
1.1780972450961724	5.6941366846315	1.2626770142061496
1.3744467859455345	5.6941366846315	1.0897902135516375
1.5707963267948966	5.6941366846315	0.9021971032026759
1.7671458676442586	5.6941366846315	0.7071067811865474
1.9634954084936207	5.6941366846315	0.5120164591704193
2.1598449493429825	5.6941366846315	0.324423348821458
2.356194490192345	5.6941366846315	0.15153654816694528
2.552544031041707	5.6941366846315	-1.1102230246251565E-16
2.748893571891069	5.6941366846315	-0.12436283111599766
2.945243112740431	5.6941366846315	-0.21677275132473917
3.141592653589793	5.6941366846315	-0.27367849921668297
3.3379421944391554	5.6941366846315	-0.29289321881345254
3.5342917352885173	5.6941366846315	-0.27367849921668297
3.730641276137879	5.6941366846315	-0.2167727513247395
3.9269908169872414	5.6941366846315	-0.12436283111599788
4.123340357836604	5.6941366846315	0.0
4.319689898685965	5.6941366846315	0.15153654816694473
4.516039439535327	5.6941366846315	0.3244233488214573
4.71238898038469	5.6941366846315	0.512016459170419
4.908738521234052	5.6941366846315	0.7071067811865475
5.105088062083414	5.6941366846315	0.9021971032026759
5.301437602932776	5.6941366846315	1.0897902135516369
5.497787143782138	5.6941366846315	1.2626770142061496
5.6941366846315	5.6941366846315	1.414213562373095
5.890486225480862	5.6941366846315	1.5385763934890924
6.086835766330224	5.6941366846315	1.630986313697834
6.283185307179586	5.6941366846315	1.687892061589778

0.0	5.890486225480862	1.8122548927057753
0.19634954084936207	5.890486225480862	1.831469612302545
0.39269908169872414	5.890486225480862	1.8122548927057753
0.5890486225480862	5.890486225480862	1.7553491448138316
0.7853981633974483	5.890486225480862	1.66293922460509
0.9817477042468103	5.890486225480862	1.5385763934890924
1.1780972450961724	5.890486225480862	1.387039845322147
1.3744467859455345	5.890486225480862	1.214153044667635
1.5707963267948966	5.890486225480862	1.026559934318673
1.7671458676442586	5.890486225480862	0.8314696123025447
1.9634954084936207	5.890486225480862	0.6363792902864166
2.1598449493429825	5.890486225480862	0.44878617993745534
2.356194490192345	5.890486225480862	0.2758993792829426
2.552544031041707	5.890486225480862	0.12436283111599722
2.748893571891069	5.890486225480862	-3.3306690738754696E-16
2.945243112740431	5.890486225480862	-0.09240992020874184
3.141592653589793	5.890486225480862	-0.14931566810068564
3.3379421944391554	5.890486225480862	-0.1685303876974552
3.5342917352885173	5.890486225480862	-0.14931566810068564
3.730641276137879	5.890486225480862	-0.09240992020874217
3.9269908169872414	5.890486225480862	-5.551115123125783E-16
4.123340357836604	5.890486225480862	0.12436283111599733
4.319689898685965	5.890486225480862	0.27589937928294206
4.516039439535327	5.890486225480862	0.4487861799374546
4.71238898038469	5.890486225480862	0.6363792902864163
4.908738521234052	5.890486225480862	0.8314696123025448
5.105088062083414	5.890486225480862	1.0265599343186733
5.301437602932776	5.890486225480862	1.214153044667634
5.497787143782138	5.890486225480862	1.3870398453221469
5.6941366846315	5.890486225480862	1.5385763934890924
5.890486225480862	5.890486225480862	1.6629392246050896
6.086835766330224	5.890486225480862	1.7553491448138314
6.283185307179586	5.890486225480862	1.8122548927057753

0.0	6.086835766330224	1.904664812914517
0.19634954084936207	6.086835766330224	1.9238795325112865
0.39269908169872414	6.086835766330224	1.904664812914517
0.5890486225480862	6.086835766330224	1.8477590650225735
0.7853981633974483	6.086835766330224	1.7553491448138319
0.9817477042468103	6.086835766330224	1.630986313697834
1.1780972450961724	6.086835766330224	1.4794497655308887
1.3744467859455345	6.086835766330224	1.3065629648763766
1.5707963267948966	6.086835766330224	1.118969854527415
1.7671458676442586	6.086835766330224	0.9238795325112864
1.9634954084936207	6.086835766330224	0.7287892104951583
2.1598449493429825	6.086835766330224	0.5411961001461971
2.356194490192345	6.086835766330224	0.36830929949168434
2.552544031041707	6.086835766330224	0.21677275132473894
2.748893571891069	6.086835766330224	0.09240992020874139
2.945243112740431	6.086835766330224	-1.1102230246251565E-16
3.141592653589793	6.086835766330224	-0.056905747891943914
3.3379421944391554	6.086835766330224	-0.07612046748871348
3.5342917352885173	6.086835766330224	-0.056905747891943914
3.730641276137879	6.086835766330224	-4.440892098500626E-16
3.9269908169872414	6.086835766330224	0.09240992020874117
4.123340357836604	6.086835766330224	0.21677275132473905
4.319689898685965	6.086835766330224	0.3683092994916838
4.516039439535327	6.086835766330224	0.5411961001461963
4.71238898038469	6.086835766330224	0.7287892104951581
4.908738521234052	6.086835766330224	0.9238795325112865
5.105088062083414	6.086835766330224	1.118969854527415
5.301437602932776	6.086835766330224	1.306562964876376
5.497787143782138	6.086835766330224	1.4794497655308887
5.6941366846315	6.086835766330224	1.630986313697834
5.890486225480862	6.086835766330224	1.7553491448138314
6.086835766330224	6.086835766330224	1.847759065022573
6.283185307179586	6.086835766330224	1.904664812914517

0.0	6.283185307179586	1.9615705608064609
0.19634954084936207	6.283185307179586	1.9807852804032304
0.39269908169872414	6.283185307179586	1.9615705608064609
0.5890486225480862	6.283185307179586	1.9046648129145174
0.7853981633974483	6.283185307179586	1.8122548927057758
0.9817477042468103	6.283185307179586	1.687892061589778
1.1780972450961724	6.283185307179586	1.5363555134228326
1.3744467859455345	6.283185307179586	1.3634687127683205
1.5707963267948966	6.283185307179586	1.1758756024193588
1.7671458676442586	6.283185307179586	0.9807852804032303
1.9634954084936207	6.283185307179586	0.7856949583871022
2.1598449493429825	6.283185307179586	0.598101848038141
2.356194490192345	6.283185307179586	0.42521504738362825
2.552544031041707	6.283185307179586	0.27367849921668286
2.748893571891069	6.283185307179586	0.1493156681006853
2.945243112740431	6.283185307179586	0.0569057478919438
3.141592653589793	6.283185307179586	0.0
3.3379421944391554	6.283185307179586	-0.01921471959676957
3.5342917352885173	6.283185307179586	0.0
3.730641276137879	6.283185307179586	0.05690574789194347
3.9269908169872414	6.283185307179586	0.14931566810068508
4.123340357836604	6.283185307179586	0.27367849921668297
4.319689898685965	6.283185307179586	0.4252150473836277
4.516039439535327	6.283185307179586	0.5981018480381403
4.71238898038469	6.283185307179586	0.785694958387102
4.908738521234052	6.283185307179586	0.9807852804032304
5.105088062083414	6.283185307179586	1.1758756024193588
5.301437602932776	6.283185307179586	1.3634687127683198
5.497787143782138	6.283185307179586	1.5363555134228326
5.6941366846315	6.283185307179586	1.687892061589778
5.890486225480862	6.283185307179586	1.8122548927057753
6.086835766330224	6.283185307179586	1.904664812914517
6.283185307179586	6.283185307179586	1.9615705608064609

