0.0	0.0	-0.7653668647301798
0.19634954084936207	0.0	-0.938253665384692
0.39269908169872414	0.0	-1.0897902135516375
0.5890486225480862	0.0	-1.2141530446676354
0.7853981633974483	0.0	-1.3065629648763766
0.9817477042468103	0.0	-1.3634687127683203
1.1780972450961724	0.0	-1.3826834323650898
1.3744467859455345	0.0	-1.3634687127683203
1.5707963267948966	0.0	-1.3065629648763766
1.7671458676442586	0.0	-1.2141530446676352
1.9634954084936207	0.0	-1.0897902135516373
2.1598449493429825	0.0	-0.9382536653846922
2.356194490192345	0.0	-0.7653668647301797
2.552544031041707	0.0	-0.5777737543812179
2.748893571891069	0.0	-0.3826834323650899
2.945243112740431	0.0	-0.18759311034896184
3.141592653589793	0.0	-1.1102230246251565E-16
3.3379421944391554	0.0	0.1728868006545125
3.5342917352885173	0.0	0.32442334882145757
3.730641276137879	0.0	0.44878617993745523
3.9269908169872414	0.0	0.5411961001461969
4.123340357836604	0.0	0.5981018480381406
4.319689898685965	0.0	0.6173165676349102
4.516039439535327	0.0	0.5981018480381406
4.71238898038469	0.0	0.5411961001461969
4.908738521234052	0.0	0.44878617993745523
5.105088062083414	0.0	0.32442334882145735
5.301437602932776	0.0	0.17288680065451262
5.497787143782138	0.0	0.0
5.6941366846315	0.0	-0.18759311034896173
5.890486225480862	0.0	-0.38268343236508934
6.086835766330224	0.0	-0.5777737543812178
6.283185307179586	0.0	-0.7653668647301796

0.0	0.19634954084936207	-0.938253665384692
0.19634954084936207	0.19634954084936207	-1.1111404660392044
0.39269908169872414	0.19634954084936207	-1.2626770142061496
0.5890486225480862	0.19634954084936207	-1.3870398453221475
0.7853981633974483	0.19634954084936207	-1.479449765530889
0.9817477042468103	0.19634954084936207	-1.5363555134228326
1.1780972450961724	0.19634954084936207	-1.5555702330196022
1.3744467859455345	0.19634954084936207	-1.5363555134228326
1.5707963267948966	0.19634954084936207	-1.479449765530889
1.7671458676442586	0.19634954084936207	-1.3870398453221475
1.9634954084936207	0.19634954084936207	-1.2626770142061496
2.1598449493429825	0.19634954084936207	-1.1111404660392046
2.356194490192345	0.19634954084936207	-0.938253665384692
2.552544031041707	0.19634954084936207	-0.7506605550357303
2.748893571891069	0.19634954084936207	-0.5555702330196022
2.945243112740431	0.19634954084936207	-0.3604799110034741
3.141592653589793	0.19634954084936207	-0.1728868006545124
3.3379421944391554	0.19634954084936207	2.220446049250313E-16
3.5342917352885173	0.19634954084936207	0.15153654816694528
3.730641276137879	0.19634954084936207	0.27589937928294295
3.9269908169872414	0.19634954084936207	0.36830929949168456
4.123340357836604	0.19634954084936207	0.42521504738362825
4.319689898685965	0.19634954084936207	0.4444297669803978
4.516039439535327	0.19634954084936207	0.42521504738362836
4.71238898038469	0.19634954084936207	0.36830929949168456
4.908738521234052	0.19634954084936207	0.27589937928294295
5.105088062083414	0.19634954084936207	0.15153654816694506
5.301437602932776	0.19634954084936207	3.3306690738754696E-16
5.497787143782138	0.19634954084936207	-0.17288680065451228
5.6941366846315	0.19634954084936207	-0.360479911003474
5.890486225480862	0.19634954084936207	-0.5555702330196016
6.086835766330224	0.19634954084936207	-0.7506605550357301
6.283185307179586	0.19634954084936207	-0.9382536653846918

0.0	0.39269908169872414	-1.0897902135516375
0.19634954084936207	0.39269908169872414	-1.2626770142061496
0.39269908169872414	0.39269908169872414	-1.4142135623730951
0.5890486225480862	0.39269908169872414	-1.538576393489093
0.7853981633974483	0.39269908169872414	-1.6309863136978344
0.9817477042468103	0.39269908169872414	-1.687892061589778
1.1780972450961724	0.39269908169872414	-1.7071067811865475
1.3744467859455345	0.39269908169872414	-1.687892061589778
1.5707963267948966	0.39269908169872414	-1.6309863136978344
1.7671458676442586	0.39269908169872414	-1.5385763934890928
1.9634954084936207	0.39269908169872414	-1.414213562373095
2.1598449493429825	0.39269908169872414	-1.26267701420615
2.356194490192345	0.39269908169872414	-1.0897902135516373
2.552544031041707	0.39269908169872414	-0.9021971032026757
2.748893571891069	0.39269908169872414	-0.7071067811865476
2.945243112740431	0.39269908169872414	-0.5120164591704195
3.141592653589793	0.39269908169872414	-0.3244233488214578
3.3379421944391554	0.39269908169872414	-0.15153654816694517
3.5342917352885173	0.39269908169872414	-1.1102230246251565E-16
3.730641276137879	0.39269908169872414	0.12436283111599755
3.9269908169872414	0.39269908169872414	0.21677275132473917
4.123340357836604	0.39269908169872414	0.27367849921668286
4.319689898685965	0.39269908169872414	0.2928932188134524
4.516039439535327	0.39269908169872414	0.27367849921668297
4.71238898038469	0.39269908169872414	0.21677275132473917
4.908738521234052	0.39269908169872414	0.12436283111599755
5.105088062083414	0.39269908169872414	-3.3306690738754696E-16
5.301437602932776	0.39269908169872414	-0.15153654816694506
5.497787143782138	0.39269908169872414	-0.3244233488214577
5.6941366846315	0.39269908169872414	-0.5120164591704194
5.890486225480862	0.39269908169872414	-0.707106781186547
6.086835766330224	0.39269908169872414	-0.9021971032026754
6.283185307179586	0.39269908169872414	-1.0897902135516373

0.0	0.5890486225480862	-1.2141530446676354
0.19634954084936207	0.5890486225480862	-1.3870398453221475
0.39269908169872414	0.5890486225480862	-1.538576393489093
0.5890486225480862	0.5890486225480862	-1.662939224605091
0.7853981633974483	0.5890486225480862	-1.7553491448138323
0.9817477042468103	0.5890486225480862	-1.8122548927057758
1.1780972450961724	0.5890486225480862	-1.8314696123025453
1.3744467859455345	0.5890486225480862	-1.8122548927057758
1.5707963267948966	0.5890486225480862	-1.7553491448138323
1.7671458676442586	0.5890486225480862	-1.6629392246050907
1.9634954084936207	0.5890486225480862	-1.5385763934890928
2.1598449493429825	0.5890486225480862	-1.387039845322148
2.356194490192345	0.5890486225480862	-1.2141530446676352
2.552544031041707	0.5890486225480862	-1.0265599343186735
2.748893571891069	0.5890486225480862	-0.8314696123025455
2.945243112740431	0.5890486225480862	-0.6363792902864174
3.141592653589793	0.5890486225480862	-0.4487861799374557
3.3379421944391554	0.5890486225480862	-0.27589937928294306
3.5342917352885173	0.5890486225480862	-0.124362831115998
3.730641276137879	0.5890486225480862	-3.3306690738754696E-16
3.9269908169872414	0.5890486225480862	0.09240992020874128
4.123340357836604	0.5890486225480862	0.14931566810068497
4.319689898685965	0.5890486225480862	0.16853038769745454
4.516039439535327	0.5890486225480862	0.14931566810068508
4.71238898038469	0.5890486225480862	0.09240992020874128
4.908738521234052	0.5890486225480862	-3.3306690738754696E-16
5.105088062083414	0.5890486225480862	-0.12436283111599822
5.301437602932776	0.5890486225480862	-0.27589937928294295
5.497787143782138	0.5890486225480862	-0.44878617993745556
5.6941366846315	0.5890486225480862	-0.6363792902864173
5.890486225480862	0.5890486225480862	-0.8314696123025449
6.086835766330224	0.5890486225480862	-1.0265599343186733
6.283185307179586	0.5890486225480862	-1.2141530446676352

0.0	0.7853981633974483	-1.3065629648763766
0.19634954084936207	0.7853981633974483	-1.479449765530889
0.39269908169872414	0.7853981633974483	-1.6309863136978344
0.5890486225480862	0.7853981633974483	-1.7553491448138323
0.7853981633974483	0.7853981633974483	-1.8477590650225735
0.9817477042468103	0.7853981633974483	-1.9046648129145172
1.1780972450961724	0.7853981633974483	-1.9238795325112867
1.3744467859455345	0.7853981633974483	-1.9046648129145172
1.5707963267948966	0.7853981633974483	-1.8477590650225735
1.7671458676442586	0.7853981633974483	-1.7553491448138319
1.9634954084936207	0.7853981633974483	-1.6309863136978342
2.1598449493429825	0.7853981633974483	-1.4794497655308891
2.356194490192345	0.7853981633974483	-1.3065629648763766
2.552544031041707	0.7853981633974483	-1.1189698545274147
2.748893571891069	0.7853981633974483	-0.9238795325112867
2.945243112740431	0.7853981633974483	-0.7287892104951587
3.141592653589793	0.7853981633974483	-0.5411961001461969
3.3379421944391554	0.7853981633974483	-0.36830929949168434
3.5342917352885173	0.7853981633974483	-0.21677275132473928
3.730641276137879	0.7853981633974483	-0.09240992020874161
3.9269908169872414	0.7853981633974483	0.0
4.123340357836604	0.7853981633974483	0.05690574789194369
4.319689898685965	0.7853981633974483	0.07612046748871326
4.516039439535327	0.7853981633974483	0.0569057478919438
4.71238898038469	0.7853981633974483	0.0
4.908738521234052	0.7853981633974483	-0.09240992020874161
5.105088062083414	0.7853981633974483	-0.2167727513247395
5.301437602932776	0.7853981633974483	-0.36830929949168423
5.497787143782138	0.7853981633974483	-0.5411961001461969
5.6941366846315	0.7853981633974483	-0.7287892104951585
5.890486225480862	0.7853981633974483	-0.9238795325112862
6.086835766330224	0.7853981633974483	-1.1189698545274147
6.283185307179586	0.7853981633974483	-1.3065629648763764

0.0	0.9817477042468103	-1.3634687127683203
0.19634954084936207	0.9817477042468103	-1.5363555134228326
0.39269908169872414	0.9817477042468103	-1.687892061589778
0.5890486225480862	0.9817477042468103	-1.8122548927057758
0.7853981633974483	0.9817477042468103	-1.9046648129145172
0.9817477042468103	0.9817477042468103	-1.9615705608064609
1.1780972450961724	0.9817477042468103	-1.9807852804032304
1.3744467859455345	0.9817477042468103	-1.9615705608064609
1.5707963267948966	0.9817477042468103	-1.9046648129145172
1.7671458676442586	0.9817477042468103	-1.8122548927057758
1.9634954084936207	0.9817477042468103	-1.687892061589778
2.1598449493429825	0.9817477042468103	-1.5363555134228328
2.356194490192345	0.9817477042468103	-1.3634687127683203
2.552544031041707	0.9817477042468103	-1.1758756024193584
2.748893571891069	0.9817477042468103	-0.9807852804032304
2.945243112740431	0.9817477042468103	-0.7856949583871023
3.141592653589793	0.9817477042468103	-0.5981018480381406
3.3379421944391554	0.9817477042468103	-0.42521504738362803
3.5342917352885173	0.9817477042468103	-0.27367849921668297
3.730641276137879	0.9817477042468103	-0.1493156681006853
3.9269908169872414	0.9817477042468103	-0.05690574789194369
4.123340357836604	0.9817477042468103	0.0
4.319689898685965	0.9817477042468103	0.01921471959676957
4.516039439535327	0.9817477042468103	1.1102230246251565E-16
4.71238898038469	0.9817477042468103	-0.05690574789194369
4.908738521234052	0.9817477042468103	-0.1493156681006853
5.105088062083414	0.9817477042468103	-0.2736784992166832
5.301437602932776	0.9817477042468103	-0.4252150473836279
5.497787143782138	0.9817477042468103	-0.5981018480381406
5.6941366846315	0.9817477042468103	-0.7856949583871022
5.890486225480862	0.9817477042468103	-0.9807852804032299
6.086835766330224	0.9817477042468103	-1.1758756024193584
6.283185307179586	0.9817477042468103	-1.36346871276832

0.0	1.1780972450961724	-1.3826834323650898
0.19634954084936207	1.1780972450961724	-1.5555702330196022
0.39269908169872414	1.1780972450961724	-1.7071067811865475
0.5890486225480862	1.1780972450961724	-1.8314696123025453
0.7853981633974483	1.1780972450961724	-1.9238795325112867
0.9817477042468103	1.1780972450961724	-1.9807852804032304
1.1780972450961724	1.1780972450961724	-2.0
1.3744467859455345	1.1780972450961724	-1.9807852804032304
1.5707963267948966	1.1780972450961724	-1.9238795325112867
1.7671458676442586	1.1780972450961724	-1.8314696123025453
1.9634954084936207	1.1780972450961724	-1.7071067811865475
2.1598449493429825	1.1780972450961724	-1.5555702330196024
2.356194490192345	1.1780972450961724	-1.3826834323650898
2.552544031041707	1.1780972450961724	-1.195090322016128
2.748893571891069	1.1780972450961724	-1.0
2.945243112740431	1.1780972450961724	-0.8049096779838719
3.141592653589793	1.1780972450961724	-0.6173165676349102
3.3379421944391554	1.1780972450961724	-0.4444297669803976
3.5342917352885173	1.1780972450961724	-0.29289321881345254
3.730641276137879	1.1780972450961724	-0.16853038769745488
3.9269908169872414	1.1780972450961724	-0.07612046748871326
4.123340357836604	1.1780972450961724	-0.01921471959676957
4.319689898685965	1.1780972450961724	0.0
4.516039439535327	1.1780972450961724	-0.01921471959676946
4.71238898038469	1.1780972450961724	-0.07612046748871326
4.908738521234052	1.1780972450961724	-0.16853038769745488
5.105088062083414	1.1780972450961724	-0.29289321881345276
5.301437602932776	1.1780972450961724	-0.4444297669803975
5.497787143782138	1.1780972450961724	-0.6173165676349102
5.6941366846315	1.1780972450961724	-0.8049096779838718
5.890486225480862	1.1780972450961724	-0.9999999999999994
6.086835766330224	1.1780972450961724	-1.195090322016128
6.283185307179586	1.1780972450961724	-1.3826834323650896

0.0	1.3744467859455345	-1.3634687127683203
0.19634954084936207	1.3744467859455345	-1.5363555134228326
0.39269908169872414	1.3744467859455345	-1.687892061589778
0.5890486225480862	1.3744467859455345	-1.8122548927057758
0.7853981633974483	1.3744467859455345	-1.9046648129145172
0.9817477042468103	1.3744467859455345	-1.9615705608064609
1.1780972450961724	1.3744467859455345	-1.9807852804032304
1.3744467859455345	1.3744467859455345	-1.9615705608064609
1.5707963267948966	1.3744467859455345	-1.9046648129145172
1.7671458676442586	1.3744467859455345	-1.8122548927057758
1.9634954084936207	1.3744467859455345	-1.687892061589778
2.1598449493429825	1.3744467859455345	-1.5363555134228328
2.356194490192345	1.3744467859455345	-1.3634687127683203
2.552544031041707	1.3744467859455345	-1.1758756024193584
2.748893571891069	1.3744467859455345	-0.9807852804032304
2.945243112740431	1.3744467859455345	-0.7856949583871023
3.141592653589793	1.3744467859455345	-0.5981018480381406
3.3379421944391554	1.3744467859455345	-0.42521504738362803
3.5342917352885173	1.3744467859455345	-0.27367849921668297
3.730641276137879	1.3744467859455345	-0.1493156681006853
3.9269908169872414	1.3744467859455345	-0.05690574789194369
4.123340357836604	1.3744467859455345	0.0
4.319689898685965	1.3744467859455345	0.01921471959676957
4.516039439535327	1.3744467859455345	1.1102230246251565E-16
4.71238898038469	1.3744467859455345	-0.05690574789194369
4.908738521234052	1.3744467859455345	-0.1493156681006853
5.105088062083414	1.3744467859455345	-0.2736784992166832
5.301437602932776	1.3744467859455345	-0.4252150473836279
5.497787143782138	1.3744467859455345	-0.5981018480381406
5.6941366846315	1.3744467859455345	-0.7856949583871022
5.890486225480862	1.3744467859455345	-0.9807852804032299
6.086835766330224	1.3744467859455345	-1.1758756024193584
6.283185307179586	1.3744467859455345	-1.36346871276832

0.0	1.5707963267948966	-1.3065629648763766
0.19634954084936207	1.5707963267948966	-1.479449765530889
0.39269908169872414	1.5707963267948966	-1.6309863136978344
0.5890486225480862	1.5707963267948966	-1.7553491448138323
0.7853981633974483	1.5707963267948966	-1.8477590650225735
0.9817477042468103	1.5707963267948966	-1.9046648129145172
1.1780972450961724	1.5707963267948966	-1.9238795325112867
1.3744467859455345	1.5707963267948966	-1.9046648129145172
1.5707963267948966	1.5707963267948966	-1.8477590650225735
1.7671458676442586	1.5707963267948966	-1.7553491448138319
1.9634954084936207	1.5707963267948966	-1.6309863136978342
2.1598449493429825	1.5707963267948966	-1.4794497655308891
2.356194490192345	1.5707963267948966	-1.3065629648763766
2.552544031041707	1.5707963267948966	-1.1189698545274147
2.748893571891069	1.5707963267948966	-0.9238795325112867
2.945243112740431	1.5707963267948966	-0.7287892104951587
3.141592653589793	1.5707963267948966	-0.5411961001461969
3.3379421944391554	1.5707963267948966	-0.36830929949168434
3.5342917352885173	1.5707963267948966	-0.21677275132473928
3.730641276137879	1.5707963267948966	-0.09240992020874161
3.9269908169872414	1.5707963267948966	0.0
4.123340357836604	1.5707963267948966	0.05690574789194369
4.319689898685965	1.5707963267948966	0.07612046748871326
4.516039439535327	1.5707963267948966	0.0569057478919438
4.71238898038469	1.5707963267948966	0.0
4.908738521234052	1.5707963267948966	-0.09240992020874161
5.105088062083414	1.5707963267948966	-0.2167727513247395
5.301437602932776	1.5707963267948966	-0.36830929949168423
5.497787143782138	1.5707963267948966	-0.5411961001461969
5.6941366846315	1.5707963267948966	-0.7287892104951585
5.890486225480862	1.5707963267948966	-0.9238795325112862
6.086835766330224	1.5707963267948966	-1.1189698545274147
6.283185307179586	1.5707963267948966	-1.3065629648763764

0.0	1.7671458676442586	-1.2141530446676352
0.19634954084936207	1.7671458676442586	-1.3870398453221475
0.39269908169872414	1.7671458676442586	-1.5385763934890928
0.5890486225480862	1.7671458676442586	-1.6629392246050907
0.7853981633974483	1.7671458676442586	-1.7553491448138319
0.9817477042468103	1.7671458676442586	-1.8122548927057758
1.1780972450961724	1.7671458676442586	-1.8314696123025453
1.3744467859455345	1.7671458676442586	-1.8122548927057758
1.5707963267948966	1.7671458676442586	-1.7553491448138319
1.7671458676442586	1.7671458676442586	-1.6629392246050905
1.9634954084936207	1.7671458676442586	-1.5385763934890928
2.1598449493429825	1.7671458676442586	-1.3870398453221475
2.356194490192345	1.7671458676442586	-1.214153044667635
2.552544031041707	1.7671458676442586	-1.0265599343186733
2.748893571891069	1.7671458676442586	-0.8314696123025452
2.945243112740431	1.7671458676442586	-0.6363792902864172
3.141592653589793	1.7671458676442586	-0.44878617993745545
3.3379421944391554	1.7671458676442586	-0.27589937928294284
3.5342917352885173	1.7671458676442586	-0.12436283111599777
3.730641276137879	1.7671458676442586	-1.1102230246251565E-16
3.9269908169872414	1.7671458676442586	0.0924099202087415
4.123340357836604	1.7671458676442586	0.1493156681006852
4.319689898685965	1.7671458676442586	0.16853038769745476
4.516039439535327	1.7671458676442586	0.1493156681006853
4.71238898038469	1.7671458676442586	0.0924099202087415
4.908738521234052	1.7671458676442586	-1.1102230246251565E-16
5.105088062083414	1.7671458676442586	-0.124362831115998
5.301437602932776	1.7671458676442586	-0.2758993792829427
5.497787143782138	1.7671458676442586	-0.44878617993745534
5.6941366846315	1.7671458676442586	-0.636379290286417
5.890486225480862	1.7671458676442586	-0.8314696123025447
6.086835766330224	1.7671458676442586	-1.026559934318673
6.283185307179586	1.7671458676442586	-1.214153044667635

0.0	1.9634954084936207	-1.0897902135516373
0.19634954084936207	1.9634954084936207	-1.2626770142061496
0.39269908169872414	1.9634954084936207	-1.414213562373095
0.5890486225480862	1.9634954084936207	-1.5385763934890928
0.7853981633974483	1.9634954084936207	-1.6309863136978342
0.9817477042468103	1.9634954084936207	-1.687892061589778
1.1780972450961724	1.9634954084936207	-1.7071067811865475
1.3744467859455345	1.9634954084936207	-1.687892061589778
1.5707963267948966	1.9634954084936207	-1.6309863136978342
1.7671458676442586	1.9634954084936207	-1.5385763934890928
1.9634954084936207	1.9634954084936207	-1.414213562373095
2.1598449493429825	1.9634954084936207	-1.2626770142061499
2.356194490192345	1.9634954084936207	-1.0897902135516373
2.552544031041707	1.9634954084936207	-0.9021971032026755
2.748893571891069	1.9634954084936207	-0.7071067811865475
2.945243112740431	1.9634954084936207	-0.5120164591704194
3.141592653589793	1.9634954084936207	-0.3244233488214577
3.3379421944391554	1.9634954084936207	-0.15153654816694506
3.5342917352885173	1.9634954084936207	0.0
3.730641276137879	1.9634954084936207	0.12436283111599766
3.9269908169872414	1.9634954084936207	0.21677275132473928
4.123340357836604	1.9634954084936207	0.27367849921668297
4.319689898685965	1.9634954084936207	0.29289321881345254
4.516039439535327	1.9634954084936207	0.2736784992166831
4.71238898038469	1.9634954084936207	0.21677275132473928
4.908738521234052	1.9634954084936207	0.12436283111599766
5.105088062083414	1.9634954084936207	-2.220446049250313E-16
5.301437602932776	1.9634954084936207	-0.15153654816694495
5.497787143782138	1.9634954084936207	-0.32442334882145757
5.6941366846315	1.9634954084936207	-0.5120164591704193
5.890486225480862	1.9634954084936207	-0.7071067811865469
6.086835766330224	1.9634954084936207	-0.9021971032026754
6.283185307179586	1.9634954084936207	-1.089790213551637

0.0	2.1598449493429825	-0.9382536653846922
0.19634954084936207	2.1598449493429825	-1.1111404660392046
0.39269908169872414	2.1598449493429825	-1.26267701420615
0.5890486225480862	2.1598449493429825	-1.387039845322148
0.7853981633974483	2.1598449493429825	-1.4794497655308891
0.9817477042468103	2.1598449493429825	-1.5363555134228328
1.1780972450961724	2.1598449493429825	-1.5555702330196024
1.3744467859455345	2.1598449493429825	-1.5363555134228328
1.5707963267948966	2.1598449493429825	-1.4794497655308891
1.7671458676442586	2.1598449493429825	-1.3870398453221475
1.9634954084936207	2.1598449493429825	-1.2626770142061499
2.1598449493429825	2.1598449493429825	-1.1111404660392048
2.356194490192345	2.1598449493429825	-0.9382536653846922
2.552544031041707	2.1598449493429825	-0.7506605550357305
2.748893571891069	2.1598449493429825	-0.5555702330196024
2.945243112740431	2.1598449493429825	-0.3604799110034743
3.141592653589793	2.1598449493429825	-0.17288680065451262
3.3379421944391554	2.1598449493429825	0.0
3.5342917352885173	2.1598449493429825	0.15153654816694506
3.730641276137879	2.1598449493429825	0.2758993792829427
3.9269908169872414	2.1598449493429825	0.36830929949168434
4.123340357836604	2.1598449493429825	0.42521504738362803
4.319689898685965	2.1598449493429825	0.4444297669803976
4.516039439535327	2.1598449493429825	0.42521504738362814
4.71238898038469	2.1598449493429825	0.36830929949168434
4.908738521234052	2.1598449493429825	0.2758993792829427
5.105088062083414	2.1598449493429825	0.15153654816694484
5.301437602932776	2.1598449493429825	1.1102230246251565E-16
5.497787143782138	2.1598449493429825	-0.1728868006545125
5.6941366846315	2.1598449493429825	-0.3604799110034742
5.890486225480862	2.1598449493429825	-0.5555702330196018
6.086835766330224	2.1598449493429825	-0.7506605550357304
6.283185307179586	2.1598449493429825	-0.938253665384692

0.0	2.356194490192345	-0.7653668647301797
0.19634954084936207	2.356194490192345	-0.938253665384692
0.39269908169872414	2.356194490192345	-1.0897902135516373
0.5890486225480862	2.356194490192345	-1.2141530446676352
0.7853981633974483	2.356194490192345	-1.3065629648763766
0.9817477042468103	2.356194490192345	-1.3634687127683203
1.1780972450961724	2.356194490192345	-1.3826834323650898
1.3744467859455345	2.356194490192345	-1.3634687127683203
1.5707963267948966	2.356194490192345	-1.3065629648763766
1.7671458676442586	2.356194490192345	-1.214153044667635
1.9634954084936207	2.356194490192345	-1.0897902135516373
2.1598449493429825	2.356194490192345	-0.9382536653846922
2.356194490192345	2.356194490192345	-0.7653668647301796
2.552544031041707	2.356194490192345	-0.5777737543812178
2.748893571891069	2.356194490192345	-0.3826834323650898
2.945243112740431	2.356194490192345	-0.18759311034896173
3.141592653589793	2.356194490192345	0.0
3.3379421944391554	2.356194490192345	0.17288680065451262
3.5342917352885173	2.356194490192345	0.3244233488214577
3.730641276137879	2.356194490192345	0.44878617993745534
3.9269908169872414	2.356194490192345	0.5411961001461969
4.123340357836604	2.356194490192345	0.5981018480381406
4.319689898685965	2.356194490192345	0.6173165676349102
4.516039439535327	2.356194490192345	0.5981018480381408
4.71238898038469	2.356194490192345	0.5411961001461969
4.908738521234052	2.356194490192345	0.44878617993745534
5.105088062083414	2.356194490192345	0.32442334882145746
5.301437602932776	2.356194490192345	0.17288680065451273
5.497787143782138	2.356194490192345	1.1102230246251565E-16
5.6941366846315	2.356194490192345	-0.18759311034896162
5.890486225480862	2.356194490192345	-0.3826834323650892
6.086835766330224	2.356194490192345	-0.5777737543812177
6.283185307179586	2.356194490192345	-0.7653668647301795

0.0	2.552544031041707	-0.5777737543812179
0.19634954084936207	2.552544031041707	-0.7506605550357303
0.39269908169872414	2.552544031041707	-0.9021971032026757
0.5890486225480862	2.552544031041707	-1.0265599343186735
0.7853981633974483	2.552544031041707	-1.1189698545274147
0.9817477042468103	2.552544031041707	-1.1758756024193584
1.1780972450961724	2.552544031041707	-1.195090322016128
1.3744467859455345	2.552544031041707	-1.1758756024193584
1.5707963267948966	2.552544031041707	-1.1189698545274147
1.7671458676442586	2.552544031041707	-1.0265599343186733
1.9634954084936207	2.552544031041707	-0.9021971032026755
2.1598449493429825	2.552544031041707	-0.7506605550357305
2.356194490192345	2.552544031041707	-0.5777737543812178
2.552544031041707	2.552544031041707	-0.3901806440322561
2.748893571891069	2.552544031041707	-0.19509032201612805
2.945243112740431	2.552544031041707	0.0
3.141592653589793	2.552544031041707	0.18759311034896173
3.3379421944391554	2.552544031041707	0.3604799110034743
3.5342917352885173	2.552544031041707	0.5120164591704194
3.730641276137879	2.552544031041707	0.636379290286417
3.9269908169872414	2.552544031041707	0.7287892104951587
4.123340357836604	2.552544031041707	0.7856949583871023
4.319689898685965	2.552544031041707	0.8049096779838719
4.516039439535327	2.552544031041707	0.7856949583871025
4.71238898038469	2.552544031041707	0.7287892104951587
4.908738521234052	2.552544031041707	0.636379290286417
5.105088062083414	2.552544031041707	0.5120164591704192
5.301437602932776	2.552544031041707	0.36047991100347443
5.497787143782138	2.552544031041707	0.18759311034896184
5.6941366846315	2.552544031041707	1.1102230246251565E-16
5.890486225480862	2.552544031041707	-0.1950903220161275
6.086835766330224	2.552544031041707	-0.39018064403225594
6.283185307179586	2.552544031041707	-0.5777737543812177

0.0	2.748893571891069	-0.3826834323650899
0.19634954084936207	2.748893571891069	-0.5555702330196022
0.39269908169872414	2.748893571891069	-0.7071067811865476
0.5890486225480862	2.748893571891069	-0.8314696123025455
0.7853981633974483	2.748893571891069	-0.9238795325112867
0.9817477042468103	2.748893571891069	-0.9807852804032304
1.1780972450961724	2.748893571891069	-1.0
1.3744467859455345	2.748893571891069	-0.9807852804032304
1.5707963267948966	2.748893571891069	-0.9238795325112867
1.7671458676442586	2.748893571891069	-0.8314696123025452
1.9634954084936207	2.748893571891069	-0.7071067811865475
2.1598449493429825	2.748893571891069	-0.5555702330196024
2.356194490192345	2.748893571891069	-0.3826834323650898
2.552544031041707	2.748893571891069	-0.19509032201612805
2.748893571891069	2.748893571891069	0.0
2.945243112740431	2.748893571891069	0.19509032201612805
3.141592653589793	2.748893571891069	0.3826834323650898
3.3379421944391554	2.748893571891069	0.5555702330196024
3.5342917352885173	2.748893571891069	0.7071067811865475
3.730641276137879	2.748893571891069	0.8314696123025451
3.9269908169872414	2.748893571891069	0.9238795325112867
4.123340357836604	2.748893571891069	0.9807852804032304
4.319689898685965	2.748893571891069	1.0
4.516039439535327	2.748893571891069	0.9807852804032305
4.71238898038469	2.748893571891069	0.9238795325112867
4.908738521234052	2.748893571891069	0.8314696123025451
5.105088062083414	2.748893571891069	0.7071067811865472
5.301437602932776	2.748893571891069	0.5555702330196025
5.497787143782138	2.748893571891069	0.3826834323650899
5.6941366846315	2.748893571891069	0.19509032201612816
5.890486225480862	2.748893571891069	5.66553889764798E-16
6.086835766330224	2.748893571891069	-0.19509032201612792
6.283185307179586	2.748893571891069	-0.38268343236508967

0.0	2.945243112740431	-0.18759311034896184
0.19634954084936207	2.945243112740431	-0.3604799110034741
0.39269908169872414	2.945243112740431	-0.5120164591704195
0.5890486225480862	2.945243112740431	-0.6363792902864174
0.7853981633974483	2.945243112740431	-0.7287892104951587
0.9817477042468103	2.945243112740431	-0.7856949583871023
1.1780972450961724	2.945243112740431	-0.8049096779838719
1.3744467859455345	2.945243112740431	-0.7856949583871023
1.5707963267948966	2.945243112740431	-0.7287892104951587
1.7671458676442586	2.945243112740431	-0.6363792902864172
1.9634954084936207	2.945243112740431	-0.5120164591704194
2.1598449493429825	2.945243112740431	-0.3604799110034743
2.356194490192345	2.945243112740431	-0.18759311034896173
2.552544031041707	2.945243112740431	0.0
2.748893571891069	2.945243112740431	0.19509032201612805
2.945243112740431	2.945243112740431	0.3901806440322561
3.141592653589793	2.945243112740431	0.5777737543812178
3.3379421944391554	2.945243112740431	0.7506605550357305
3.5342917352885173	2.945243112740431	0.9021971032026755
3.730641276137879	2.945243112740431	1.026559934318673
3.9269908169872414	2.945243112740431	1.1189698545274147
4.123340357836604	2.945243112740431	1.1758756024193584
4.319689898685965	2.945243112740431	1.195090322016128
4.516039439535327	2.945243112740431	1.1758756024193586
4.71238898038469	2.945243112740431	1.1189698545274147
4.908738521234052	2.945243112740431	1.026559934318673
5.105088062083414	2.945243112740431	0.9021971032026753
5.301437602932776	2.945243112740431	0.7506605550357306
5.497787143782138	2.945243112740431	0.5777737543812179
5.6941366846315	2.945243112740431	0.3901806440322562
5.890486225480862	2.945243112740431	0.1950903220161286
6.086835766330224	2.945243112740431	1.3877787807814457E-16
6.283185307179586	2.945243112740431	-0.18759311034896162

0.0	3.141592653589793	-1.1102230246251565E-16
0.19634954084936207	3.141592653589793	-0.1728868006545124
0.39269908169872414	3.141592653589793	-0.3244233488214578
0.5890486225480862	3.141592653589793	-0.4487861799374557
0.7853981633974483	3.141592653589793	-0.5411961001461969
0.9817477042468103	3.141592653589793	-0.5981018480381406
1.1780972450961724	3.141592653589793	-0.6173165676349102
1.3744467859455345	3.141592653589793	-0.5981018480381406
1.5707963267948966	3.141592653589793	-0.5411961001461969
1.7671458676442586	3.141592653589793	-0.44878617993745545
1.9634954084936207	3.141592653589793	-0.3244233488214577
2.1598449493429825	3.141592653589793	-0.17288680065451262
2.356194490192345	3.141592653589793	0.0
2.552544031041707	3.141592653589793	0.18759311034896173
2.748893571891069	3.141592653589793	0.3826834323650898
2.945243112740431	3.141592653589793	0.5777737543812178
3.141592653589793	3.141592653589793	0.7653668647301796
3.3379421944391554	3.141592653589793	0.9382536653846922
3.5342917352885173	3.141592653589793	1.0897902135516373
3.730641276137879	3.141592653589793	1.214153044667635
3.9269908169872414	3.141592653589793	1.3065629648763766
4.123340357836604	3.141592653589793	1.3634687127683203
4.319689898685965	3.141592653589793	1.3826834323650898
4.516039439535327	3.141592653589793	1.3634687127683203
4.71238898038469	3.141592653589793	1.3065629648763766
4.908738521234052	3.141592653589793	1.214153044667635
5.105088062083414	3.141592653589793	1.089790213551637
5.301437602932776	3.141592653589793	0.9382536653846922
5.497787143782138	3.141592653589793	0.7653668647301797
5.6941366846315	3.141592653589793	0.5777737543812179
5.890486225480862	3.141592653589793	0.38268343236509034
6.086835766330224	3.141592653589793	0.18759311034896187
6.283185307179586	3.141592653589793	1.1102230246251565E-16

0.0	3.3379421944391554	0.1728868006545125
0.19634954084936207	3.3379421944391554	2.220446049250313E-16
0.39269908169872414	3.3379421944391554	-0.15153654816694517
0.5890486225480862	3.3379421944391554	-0.27589937928294306
0.7853981633974483	3.3379421944391554	-0.36830929949168434
0.9817477042468103	3.3379421944391554	-0.42521504738362803
1.1780972450961724	3.3379421944391554	-0.4444297669803976
1.3744467859455345	3.3379421944391554	-0.42521504738362803
1.5707963267948966	3.3379421944391554	-0.36830929949168434
1.7671458676442586	3.3379421944391554	-0.27589937928294284
1.9634954084936207	3.3379421944391554	-0.15153654816694506
2.1598449493429825	3.3379421944391554	0.0
2.356194490192345	3.3379421944391554	0.17288680065451262
2.552544031041707	3.3379421944391554	0.3604799110034743
2.748893571891069	3.3379421944391554	0.5555702330196024
2.945243112740431	3.3379421944391554	0.7506605550357305
3.141592653589793	3.3379421944391554	0.9382536653846922
3.3379421944391554	3.3379421944391554	1.1111404660392048
3.5342917352885173	3.3379421944391554	1.2626770142061499
3.730641276137879	3.3379421944391554	1.3870398453221475
3.9269908169872414	3.3379421944391554	1.4794497655308891
4.123340357836604	3.3379421944391554	1.5363555134228328
4.319689898685965	3.3379421944391554	1.5555702330196024
4.516039439535327	3.3379421944391554	1.536355513422833
4.71238898038469	3.3379421944391554	1.4794497655308891
4.908738521234052	3.3379421944391554	1.3870398453221475
5.105088062083414	3.3379421944391554	1.2626770142061496
5.301437602932776	3.3379421944391554	1.1111404660392048
5.497787143782138	3.3379421944391554	0.9382536653846922
5.6941366846315	3.3379421944391554	0.7506605550357306
5.890486225480862	3.3379421944391554	0.555570233019603
6.086835766330224	3.3379421944391554	0.3604799110034745
6.283185307179586	3.3379421944391554	0.17288680065451273

0.0	3.5342917352885173	0.32442334882145757
0.19634954084936207	3.5342917352885173	0.15153654816694528
0.39269908169872414	3.5342917352885173	-1.1102230246251565E-16
0.5890486225480862	3.5342917352885173	-0.124362831115998
0.7853981633974483	3.5342917352885173	-0.21677275132473928
0.9817477042468103	3.5342917352885173	-0.27367849921668297
1.1780972450961724	3.5342917352885173	-0.29289321881345254
1.3744467859455345	3.5342917352885173	-0.27367849921668297
1.5707963267948966	3.5342917352885173	-0.21677275132473928
1.7671458676442586	3.5342917352885173	-0.12436283111599777
1.9634954084936207	3.5342917352885173	0.0
2.1598449493429825	3.5342917352885173	0.15153654816694506
2.356194490192345	3.5342917352885173	0.3244233488214577
2.552544031041707	3.5342917352885173	0.5120164591704194
2.748893571891069	3.5342917352885173	0.7071067811865475
2.945243112740431	3.5342917352885173	0.9021971032026755
3.141592653589793	3.5342917352885173	1.0897902135516373
3.3379421944391554	3.5342917352885173	1.2626770142061499
3.5342917352885173	3.5342917352885173	1.414213562373095
3.730641276137879	3.5342917352885173	1.5385763934890926
3.9269908169872414	3.5342917352885173	1.6309863136978342
4.123340357836604	3.5342917352885173	1.687892061589778
4.319689898685965	3.5342917352885173	1.7071067811865475
4.516039439535327	3.5342917352885173	1.687892061589778
4.71238898038469	3.5342917352885173	1.6309863136978342
4.908738521234052	3.5342917352885173	1.5385763934890926
5.105088062083414	3.5342917352885173	1.4142135623730947
5.301437602932776	3.5342917352885173	1.26267701420615
5.497787143782138	3.5342917352885173	1.0897902135516373
5.6941366846315	3.5342917352885173	0.9021971032026757
5.890486225480862	3.5342917352885173	0.707106781186548
6.086835766330224	3.5342917352885173	0.5120164591704195
6.283185307179586	3.5342917352885173	0.3244233488214578

0.0	3.730641276137879	0.44878617993745523
0.19634954084936207	3.730641276137879	0.27589937928294295
0.39269908169872414	3.730641276137879	0.12436283111599755
0.5890486225480862	3.730641276137879	-3.3306690738754696E-16
0.7853981633974483	3.730641276137879	-0.09240992020874161
0.9817477042468103	3.730641276137879	-0.1493156681006853
1.1780972450961724	3.730641276137879	-0.16853038769745488
1.3744467859455345	3.730641276137879	-0.1493156681006853
1.5707963267948966	3.730641276137879	-0.09240992020874161
1.7671458676442586	3.730641276137879	-1.1102230246251565E-16
1.9634954084936207	3.730641276137879	0.12436283111599766
2.1598449493429825	3.730641276137879	0.2758993792829427
2.356194490192345	3.730641276137879	0.44878617993745534
2.552544031041707	3.730641276137879	0.636379290286417
2.748893571891069	3.730641276137879	0.8314696123025451
2.945243112740431	3.730641276137879	1.026559934318673
3.141592653589793	3.730641276137879	1.214153044667635
3.3379421944391554	3.730641276137879	1.3870398453221475
3.5342917352885173	3.730641276137879	1.5385763934890926
3.730641276137879	3.730641276137879	1.6629392246050902
3.9269908169872414	3.730641276137879	1.7553491448138319
4.123340357836604	3.730641276137879	1.8122548927057756
4.319689898685965	3.730641276137879	1.8314696123025451
4.516039439535327	3.730641276137879	1.8122548927057758
4.71238898038469	3.730641276137879	1.7553491448138319
4.908738521234052	3.730641276137879	1.6629392246050902
5.105088062083414	3.730641276137879	1.5385763934890924
5.301437602932776	3.730641276137879	1.3870398453221475
5.497787143782138	3.730641276137879	1.214153044667635
5.6941366846315	3.730641276137879	1.0265599343186733
5.890486225480862	3.730641276137879	0.8314696123025457
6.086835766330224	3.730641276137879	0.6363792902864172
6.283185307179586	3.730641276137879	0.44878617993745545

0.0	3.9269908169872414	0.5411961001461969
0.19634954084936207	3.9269908169872414	0.36830929949168456
0.39269908169872414	3.9269908169872414	0.21677275132473917
0.5890486225480862	3.9269908169872414	0.09240992020874128
0.7853981633974483	3.9269908169872414	0.0
0.9817477042468103	3.9269908169872414	-0.05690574789194369
1.1780972450961724	3.9269908169872414	-0.07612046748871326
1.3744467859455345	3.9269908169872414	-0.05690574789194369
1.5707963267948966	3.9269908169872414	0.0
1.7671458676442586	3.9269908169872414	0.0924099202087415
1.9634954084936207	3.9269908169872414	0.21677275132473928
2.1598449493429825	3.9269908169872414	0.36830929949168434
2.356194490192345	3.9269908169872414	0.5411961001461969
2.552544031041707	3.9269908169872414	0.7287892104951587
2.748893571891069	3.9269908169872414	0.9238795325112867
2.945243112740431	3.9269908169872414	1.1189698545274147
3.141592653589793	3.9269908169872414	1.3065629648763766
3.3379421944391554	3.9269908169872414	1.4794497655308891
3.5342917352885173	3.9269908169872414	1.6309863136978342
3.730641276137879	3.9269908169872414	1.7553491448138319
3.9269908169872414	3.9269908169872414	1.8477590650225735
4.123340357836604	3.9269908169872414	1.9046648129145172
4.319689898685965	3.9269908169872414	1.9238795325112867
4.516039439535327	3.9269908169872414	1.9046648129145174
4.71238898038469	3.9269908169872414	1.8477590650225735
4.908738521234052	3.9269908169872414	1.7553491448138319
5.105088062083414	3.9269908169872414	1.630986313697834
5.301437602932776	3.9269908169872414	1.4794497655308891
5.497787143782138	3.9269908169872414	1.3065629648763766
5.6941366846315	3.9269908169872414	1.118969854527415
5.890486225480862	3.9269908169872414	0.9238795325112873
6.086835766330224	3.9269908169872414	0.7287892104951588
6.283185307179586	3.9269908169872414	0.5411961001461971

0.0	4.123340357836604	0.5981018480381406
0.19634954084936207	4.123340357836604	0.42521504738362825
0.39269908169872414	4.123340357836604	0.27367849921668286
0.5890486225480862	4.123340357836604	0.14931566810068497
0.7853981633974483	4.123340357836604	0.05690574789194369
0.9817477042468103	4.123340357836604	0.0
1.1780972450961724	4.123340357836604	-0.01921471959676957
1.3744467859455345	4.123340357836604	0.0
1.5707963267948966	4.123340357836604	0.05690574789194369
1.7671458676442586	4.123340357836604	0.1493156681006852
1.9634954084936207	4.123340357836604	0.27367849921668297
2.1598449493429825	4.123340357836604	0.42521504738362803
2.356194490192345	4.123340357836604	0.5981018480381406
2.552544031041707	4.123340357836604	0.7856949583871023
2.748893571891069	4.123340357836604	0.9807852804032304
2.945243112740431	4.123340357836604	1.1758756024193584
3.141592653589793	4.123340357836604	1.3634687127683203
3.3379421944391554	4.123340357836604	1.5363555134228328
3.5342917352885173	4.123340357836604	1.687892061589778
3.730641276137879	4.123340357836604	1.8122548927057756
3.9269908169872414	4.123340357836604	1.9046648129145172
4.123340357836604	4.123340357836604	1.9615705608064609
4.319689898685965	4.123340357836604	1.9807852804032304
4.516039439535327	4.123340357836604	1.9615705608064609
4.71238898038469	4.123340357836604	1.9046648129145172
4.908738521234052	4.123340357836604	1.8122548927057756
5.105088062083414	4.123340357836604	1.6878920615897777
5.301437602932776	4.123340357836604	1.536355513422833
5.497787143782138	4.123340357836604	1.3634687127683203
5.6941366846315	4.123340357836604	1.1758756024193586
5.890486225480862	4.123340357836604	0.980785280403231
6.086835766330224	4.123340357836604	0.7856949583871025
6.283185307179586	4.123340357836604	0.5981018480381408

0.0	4.319689898685965	0.6173165676349102
0.19634954084936207	4.319689898685965	0.4444297669803978
0.39269908169872414	4.319689898685965	0.2928932188134524
0.5890486225480862	4.319689898685965	0.16853038769745454
0.7853981633974483	4.319689898685965	0.07612046748871326
0.9817477042468103	4.319689898685965	0.01921471959676957
1.1780972450961724	4.319689898685965	0.0
1.3744467859455345	4.319689898685965	0.01921471959676957
1.5707963267948966	4.319689898685965	0.07612046748871326
1.7671458676442586	4.319689898685965	0.16853038769745476
1.9634954084936207	4.319689898685965	0.29289321881345254
2.1598449493429825	4.319689898685965	0.4444297669803976
2.356194490192345	4.319689898685965	0.6173165676349102
2.552544031041707	4.319689898685965	0.8049096779838719
2.748893571891069	4.319689898685965	1.0
2.945243112740431	4.319689898685965	1.195090322016128
3.141592653589793	4.319689898685965	1.3826834323650898
3.3379421944391554	4.319689898685965	1.5555702330196024
3.5342917352885173	4.319689898685965	1.7071067811865475
3.730641276137879	4.319689898685965	1.8314696123025451
3.9269908169872414	4.319689898685965	1.9238795325112867
4.123340357836604	4.319689898685965	1.9807852804032304
4.319689898685965	4.319689898685965	2.0
4.516039439535327	4.319689898685965	1.9807852804032304
4.71238898038469	4.319689898685965	1.9238795325112867
4.908738521234052	4.319689898685965	1.8314696123025451
5.105088062083414	4.319689898685965	1.7071067811865472
5.301437602932776	4.319689898685965	1.5555702330196026
5.497787143782138	4.319689898685965	1.3826834323650898
5.6941366846315	4.319689898685965	1.1950903220161282
5.890486225480862	4.319689898685965	1.0000000000000007
6.086835766330224	4.319689898685965	0.804909677983872
6.283185307179586	4.319689898685965	0.6173165676349104

0.0	4.516039439535327	0.5981018480381406
0.19634954084936207	4.516039439535327	0.42521504738362836
0.39269908169872414	4.516039439535327	0.27367849921668297
0.5890486225480862	4.516039439535327	0.14931566810068508
0.7853981633974483	4.516039439535327	0.0569057478919438
0.9817477042468103	4.516039439535327	1.1102230246251565E-16
1.1780972450961724	4.516039439535327	-0.01921471959676946
1.3744467859455345	4.516039439535327	1.1102230246251565E-16
1.5707963267948966	4.516039439535327	0.0569057478919438
1.7671458676442586	4.516039439535327	0.1493156681006853
1.9634954084936207	4.516039439535327	0.2736784992166831
2.1598449493429825	4.516039439535327	0.42521504738362814
2.356194490192345	4.516039439535327	0.5981018480381408
2.552544031041707	4.516039439535327	0.7856949583871025
2.748893571891069	4.516039439535327	0.9807852804032305
2.945243112740431	4.516039439535327	1.1758756024193586
3.141592653589793	4.516039439535327	1.3634687127683203
3.3379421944391554	4.516039439535327	1.536355513422833
3.5342917352885173	4.516039439535327	1.687892061589778
3.730641276137879	4.516039439535327	1.8122548927057758
3.9269908169872414	4.516039439535327	1.9046648129145174
4.123340357836604	4.516039439535327	1.9615705608064609
4.319689898685965	4.516039439535327	1.9807852804032304
4.516039439535327	4.516039439535327	1.961570560806461
4.71238898038469	4.516039439535327	1.9046648129145174
4.908738521234052	4.516039439535327	1.8122548927057758
5.105088062083414	4.516039439535327	1.687892061589778
5.301437602932776	4.516039439535327	1.536355513422833
5.497787143782138	4.516039439535327	1.3634687127683205
5.6941366846315	4.516039439535327	1.1758756024193586
5.890486225480862	4.516039439535327	0.9807852804032311
6.086835766330224	4.516039439535327	0.7856949583871027
6.283185307179586	4.516039439535327	0.5981018480381408

0.0	4.71238898038469	0.5411961001461969
0.19634954084936207	4.71238898038469	0.36830929949168456
0.39269908169872414	4.71238898038469	0.21677275132473917
0.5890486225480862	4.71238898038469	0.09240992020874128
0.7853981633974483	4.71238898038469	0.0
0.9817477042468103	4.71238898038469	-0.05690574789194369
1.1780972450961724	4.71238898038469	-0.07612046748871326
1.3744467859455345	4.71238898038469	-0.05690574789194369
1.5707963267948966	4.71238898038469	0.0
1.7671458676442586	4.71238898038469	0.0924099202087415
1.9634954084936207	4.71238898038469	0.21677275132473928
2.1598449493429825	4.71238898038469	0.36830929949168434
2.356194490192345	4.71238898038469	0.5411961001461969
2.552544031041707	4.71238898038469	0.7287892104951587
2.748893571891069	4.71238898038469	0.9238795325112867
2.945243112740431	4.71238898038469	1.1189698545274147
3.141592653589793	4.71238898038469	1.3065629648763766
3.3379421944391554	4.71238898038469	1.4794497655308891
3.5342917352885173	4.71238898038469	1.6309863136978342
3.730641276137879	4.71238898038469	1.7553491448138319
3.9269908169872414	4.71238898038469	1.8477590650225735
4.123340357836604	4.71238898038469	1.9046648129145172
4.319689898685965	4.71238898038469	1.9238795325112867
4.516039439535327	4.71238898038469	1.9046648129145174
4.71238898038469	4.71238898038469	1.8477590650225735
4.908738521234052	4.71238898038469	1.7553491448138319
5.105088062083414	4.71238898038469	1.630986313697834
5.301437602932776	4.71238898038469	1.4794497655308891
5.497787143782138	4.71238898038469	1.3065629648763766
5.6941366846315	4.71238898038469	1.118969854527415
5.890486225480862	4.71238898038469	0.9238795325112873
6.086835766330224	4.71238898038469	0.7287892104951588
6.283185307179586	4.71238898038469	0.5411961001461971

0.0	4.908738521234052	0.44878617993745523
0.19634954084936207	4.908738521234052	0.27589937928294295
0.39269908169872414	4.908738521234052	0.12436283111599755
0.5890486225480862	4.908738521234052	-3.3306690738754696E-16
0.7853981633974483	4.908738521234052	-0.09240992020874161
0.9817477042468103	4.908738521234052	-0.1493156681006853
1.1780972450961724	4.908738521234052	-0.16853038769745488
1.3744467859455345	4.908738521234052	-0.1493156681006853
1.5707963267948966	4.908738521234052	-0.09240992020874161
1.7671458676442586	4.908738521234052	-1.1102230246251565E-16
1.9634954084936207	4.908738521234052	0.12436283111599766
2.1598449493429825	4.908738521234052	0.2758993792829427
2.356194490192345	4.908738521234052	0.44878617993745534
2.552544031041707	4.908738521234052	0.636379290286417
2.748893571891069	4.908738521234052	0.8314696123025451
2.945243112740431	4.908738521234052	1.026559934318673
3.141592653589793	4.908738521234052	1.214153044667635
3.3379421944391554	4.908738521234052	1.3870398453221475
3.5342917352885173	4.908738521234052	1.5385763934890926
3.730641276137879	4.908738521234052	1.6629392246050902
3.9269908169872414	4.908738521234052	1.7553491448138319
4.123340357836604	4.908738521234052	1.8122548927057756
4.319689898685965	4.908738521234052	1.8314696123025451
4.516039439535327	4.908738521234052	1.8122548927057758
4.71238898038469	4.908738521234052	1.7553491448138319
4.908738521234052	4.908738521234052	1.6629392246050902
5.105088062083414	4.908738521234052	1.5385763934890924
5.301437602932776	4.908738521234052	1.3870398453221475
5.497787143782138	4.908738521234052	1.214153044667635
5.6941366846315	4.908738521234052	1.0265599343186733
5.890486225480862	4.908738521234052	0.8314696123025457
6.086835766330224	4.908738521234052	0.6363792902864172
6.283185307179586	4.908738521234052	0.44878617993745545

0.0	5.105088062083414	0.32442334882145735
0.19634954084936207	5.105088062083414	0.15153654816694506
0.39269908169872414	5.105088062083414	-3.3306690738754696E-16
0.5890486225480862	5.105088062083414	-0.12436283111599822
0.7853981633974483	5.105088062083414	-0.2167727513247395
0.9817477042468103	5.105088062083414	-0.2736784992166832
1.1780972450961724	5.105088062083414	-0.29289321881345276
1.3744467859455345	5.105088062083414	-0.2736784992166832
1.5707963267948966	5.105088062083414	-0.2167727513247395
1.7671458676442586	5.105088062083414	-0.124362831115998
1.9634954084936207	5.105088062083414	-2.220446049250313E-16
2.1598449493429825	5.105088062083414	0.15153654816694484
2.356194490192345	5.105088062083414	0.32442334882145746
2.552544031041707	5.105088062083414	0.5120164591704192
2.748893571891069	5.105088062083414	0.7071067811865472
2.945243112740431	5.105088062083414	0.9021971032026753
3.141592653589793	5.105088062083414	1.089790213551637
3.3379421944391554	5.105088062083414	1.2626770142061496
3.5342917352885173	5.105088062083414	1.4142135623730947
3.730641276137879	5.105088062083414	1.5385763934890924
3.9269908169872414	5.105088062083414	1.630986313697834
4.123340357836604	5.105088062083414	1.6878920615897777
4.319689898685965	5.105088062083414	1.7071067811865472
4.516039439535327	5.105088062083414	1.687892061589778
4.71238898038469	5.105088062083414	1.630986313697834
4.908738521234052	5.105088062083414	1.5385763934890924
5.105088062083414	5.105088062083414	1.4142135623730945
5.301437602932776	5.105088062083414	1.2626770142061496
5.497787143782138	5.105088062083414	1.089790213551637
5.6941366846315	5.105088062083414	0.9021971032026754
5.890486225480862	5.105088062083414	0.7071067811865478
6.086835766330224	5.105088062083414	0.5120164591704193
6.283185307179586	5.105088062083414	0.32442334882145757

0.0	5.301437602932776	0.17288680065451262
0.19634954084936207	5.301437602932776	3.3306690738754696E-16
0.39269908169872414	5.301437602932776	-0.15153654816694506
0.5890486225480862	5.301437602932776	-0.27589937928294295
0.7853981633974483	5.301437602932776	-0.36830929949168423
0.9817477042468103	5.301437602932776	-0.4252150473836279
1.1780972450961724	5.301437602932776	-0.4444297669803975
1.3744467859455345	5.301437602932776	-0.4252150473836279
1.5707963267948966	5.301437602932776	-0.36830929949168423
1.7671458676442586	5.301437602932776	-0.2758993792829427
1.9634954084936207	5.301437602932776	-0.15153654816694495
2.1598449493429825	5.301437602932776	1.1102230246251565E-16
2.356194490192345	5.301437602932776	0.17288680065451273
2.552544031041707	5.301437602932776	0.36047991100347443
2.748893571891069	5.301437602932776	0.5555702330196025
2.945243112740431	5.301437602932776	0.7506605550357306
3.141592653589793	5.301437602932776	0.9382536653846922
3.3379421944391554	5.301437602932776	1.1111404660392048
3.5342917352885173	5.301437602932776	1.26267701420615
3.730641276137879	5.301437602932776	1.3870398453221475
3.9269908169872414	5.301437602932776	1.4794497655308891
4.123340357836604	5.301437602932776	1.536355513422833
4.319689898685965	5.301437602932776	1.5555702330196026
4.516039439535327	5.301437602932776	1.536355513422833
4.71238898038469	5.301437602932776	1.4794497655308891
4.908738521234052	5.301437602932776	1.3870398453221475
5.105088062083414	5.301437602932776	1.2626770142061496
5.301437602932776	5.301437602932776	1.111140466039205
5.497787143782138	5.301437602932776	0.9382536653846925
5.6941366846315	5.301437602932776	0.7506605550357307
5.890486225480862	5.301437602932776	0.5555702330196031
6.086835766330224	5.301437602932776	0.3604799110034746
6.283185307179586	5.301437602932776	0.17288680065451284

0.0	5.497787143782138	0.0
0.19634954084936207	5.497787143782138	-0.17288680065451228
0.39269908169872414	5.497787143782138	-0.3244233488214577
0.5890486225480862	5.497787143782138	-0.44878617993745556
0.7853981633974483	5.497787143782138	-0.5411961001461969
0.9817477042468103	5.497787143782138	-0.5981018480381406
1.1780972450961724	5.497787143782138	-0.6173165676349102
1.3744467859455345	5.497787143782138	-0.5981018480381406
1.5707963267948966	5.497787143782138	-0.5411961001461969
1.7671458676442586	5.497787143782138	-0.44878617993745534
1.9634954084936207	5.497787143782138	-0.32442334882145757
2.1598449493429825	5.497787143782138	-0.1728868006545125
2.356194490192345	5.497787143782138	1.1102230246251565E-16
2.552544031041707	5.497787143782138	0.18759311034896184
2.748893571891069	5.497787143782138	0.3826834323650899
2.945243112740431	5.497787143782138	0.5777737543812179
3.141592653589793	5.497787143782138	0.7653668647301797
3.3379421944391554	5.497787143782138	0.9382536653846922
3.5342917352885173	5.497787143782138	1.0897902135516373
3.730641276137879	5.497787143782138	1.214153044667635
3.9269908169872414	5.497787143782138	1.3065629648763766
4.123340357836604	5.497787143782138	1.3634687127683203
4.319689898685965	5.497787143782138	1.3826834323650898
4.516039439535327	5.497787143782138	1.3634687127683205
4.71238898038469	5.497787143782138	1.3065629648763766
4.908738521234052	5.497787143782138	1.214153044667635
5.105088062083414	5.497787143782138	1.089790213551637
5.301437602932776	5.497787143782138	0.9382536653846925
5.497787143782138	5.497787143782138	0.7653668647301798
5.6941366846315	5.497787143782138	0.577773754381218
5.890486225480862	5.497787143782138	0.38268343236509045
6.086835766330224	5.497787143782138	0.18759311034896198
6.283185307179586	5.497787143782138	2.220446049250313E-16

0.0	5.6941366846315	-0.18759311034896173
0.19634954084936207	5.6941366846315	-0.360479911003474
0.39269908169872414	5.6941366846315	-0.5120164591704194
0.5890486225480862	5.6941366846315	-0.6363792902864173
0.7853981633974483	5.6941366846315	-0.7287892104951585
0.9817477042468103	5.6941366846315	-0.7856949583871022
1.1780972450961724	5.6941366846315	-0.8049096779838718
1.3744467859455345	5.6941366846315	-0.7856949583871022
1.5707963267948966	5.6941366846315	-0.7287892104951585
1.7671458676442586	5.6941366846315	-0.636379290286417
1.9634954084936207	5.6941366846315	-0.5120164591704193
2.1598449493429825	5.6941366846315	-0.3604799110034742
2.356194490192345	5.6941366846315	-0.18759311034896162
2.552544031041707	5.6941366846315	1.1102230246251565E-16
2.748893571891069	5.6941366846315	0.19509032201612816
2.945243112740431	5.6941366846315	0.3901806440322562
3.141592653589793	5.6941366846315	0.5777737543812179
3.3379421944391554	5.6941366846315	0.7506605550357306
3.5342917352885173	5.6941366846315	0.9021971032026757
3.730641276137879	5.6941366846315	1.0265599343186733
3.9269908169872414	5.6941366846315	1.118969854527415
4.123340357836604	5.6941366846315	1.1758756024193586
4.319689898685965	5.6941366846315	1.1950903220161282
4.516039439535327	5.6941366846315	1.1758756024193586
4.71238898038469	5.6941366846315	1.118969854527415
4.908738521234052	5.6941366846315	1.0265599343186733
5.105088062083414	5.6941366846315	0.9021971032026754
5.301437602932776	5.6941366846315	0.7506605550357307
5.497787143782138	5.6941366846315	0.577773754381218
5.6941366846315	5.6941366846315	0.39018064403225633
5.890486225480862	5.6941366846315	0.19509032201612872
6.086835766330224	5.6941366846315	2.498001805406602E-16
6.283185307179586	5.6941366846315	-0.1875931103489615

0.0	5.890486225480862	-0.38268343236508934
0.19634954084936207	5.890486225480862	-0.5555702330196016
0.39269908169872414	5.890486225480862	-0.707106781186547
0.5890486225480862	5.890486225480862	-0.8314696123025449
0.7853981633974483	5.890486225480862	-0.9238795325112862
0.9817477042468103	5.890486225480862	-0.9807852804032299
1.1780972450961724	5.890486225480862	-0.9999999999999994
1.3744467859455345	5.890486225480862	-0.9807852804032299
1.5707963267948966	5.890486225480862	-0.9238795325112862
1.7671458676442586	5.890486225480862	-0.8314696123025447
1.9634954084936207	5.890486225480862	-0.7071067811865469
2.1598449493429825	5.890486225480862	-0.5555702330196018
2.356194490192345	5.890486225480862	-0.3826834323650892
2.552544031041707	5.890486225480862	-0.1950903220161275
2.748893571891069	5.890486225480862	5.66553889764798E-16
2.945243112740431	5.890486225480862	0.1950903220161286
3.141592653589793	5.890486225480862	0.38268343236509034
3.3379421944391554	5.890486225480862	0.555570233019603
3.5342917352885173	5.890486225480862	0.707106781186548
3.730641276137879	5.890486225480862	0.8314696123025457
3.9269908169872414	5.890486225480862	0.9238795325112873
4.123340357836604	5.890486225480862	0.980785280403231
4.319689898685965	5.890486225480862	1.0000000000000007
4.516039439535327	5.890486225480862	0.9807852804032311
4.71238898038469	5.890486225480862	0.9238795325112873
4.908738521234052	5.890486225480862	0.8314696123025457
5.105088062083414	5.890486225480862	0.7071067811865478
5.301437602932776	5.890486225480862	0.5555702330196031
5.497787143782138	5.890486225480862	0.38268343236509045
5.6941366846315	5.890486225480862	0.19509032201612872
5.890486225480862	5.890486225480862	1.133107779529596E-15
6.086835766330224	5.890486225480862	-0.19509032201612736
6.283185307179586	5.890486225480862	-0.3826834323650891

0.0	6.086835766330224	-0.5777737543812178
0.19634954084936207	6.086835766330224	-0.7506605550357301
0.39269908169872414	6.086835766330224	-0.9021971032026754
0.5890486225480862	6.086835766330224	-1.0265599343186733
0.7853981633974483	6.086835766330224	-1.1189698545274147
0.9817477042468103	6.086835766330224	-1.1758756024193584
1.1780972450961724	6.086835766330224	-1.195090322016128
1.3744467859455345	6.086835766330224	-1.1758756024193584
1.5707963267948966	6.086835766330224	-1.1189698545274147
1.7671458676442586	6.086835766330224	-1.026559934318673
1.9634954084936207	6.086835766330224	-0.9021971032026754
2.1598449493429825	6.086835766330224	-0.7506605550357304
2.356194490192345	6.086835766330224	-0.5777737543812177
2.552544031041707	6.086835766330224	-0.39018064403225594
2.748893571891069	6.086835766330224	-0.19509032201612792
2.945243112740431	6.086835766330224	1.3877787807814457E-16
3.141592653589793	6.086835766330224	0.18759311034896187
3.3379421944391554	6.086835766330224	0.3604799110034745
3.5342917352885173	6.086835766330224	0.5120164591704195
3.730641276137879	6.086835766330224	0.6363792902864172
3.9269908169872414	6.086835766330224	0.7287892104951588
4.123340357836604	6.086835766330224	0.7856949583871025
4.319689898685965	6.086835766330224	0.804909677983872
4.516039439535327	6.086835766330224	0.7856949583871027
4.71238898038469	6.086835766330224	0.7287892104951588
4.908738521234052	6.086835766330224	0.6363792902864172
5.105088062083414	6.086835766330224	0.5120164591704193
5.301437602932776	6.086835766330224	0.3604799110034746
5.497787143782138	6.086835766330224	0.18759311034896198
5.6941366846315	6.086835766330224	2.498001805406602E-16
5.890486225480862	6.086835766330224	-0.19509032201612736
6.086835766330224	6.086835766330224	-0.39018064403225583
6.283185307179586	6.086835766330224	-0.5777737543812176

0.0	6.283185307179586	-0.7653668647301796
0.19634954084936207	6.283185307179586	-0.9382536653846918
0.39269908169872414	6.283185307179586	-1.0897902135516373
0.5890486225480862	6.283185307179586	-1.2141530446676352
0.7853981633974483	6.283185307179586	-1.3065629648763764
0.9817477042468103	6.283185307179586	-1.36346871276832
1.1780972450961724	6.283185307179586	-1.3826834323650896
1.3744467859455345	6.283185307179586	-1.36346871276832
1.5707963267948966	6.283185307179586	-1.3065629648763764
1.7671458676442586	6.283185307179586	-1.214153044667635
1.9634954084936207	6.283185307179586	-1.089790213551637
2.1598449493429825	6.283185307179586	-0.938253665384692
2.356194490192345	6.283185307179586	-0.7653668647301795
2.552544031041707	6.283185307179586	-0.5777737543812177
2.748893571891069	6.283185307179586	-0.38268343236508967
2.945243112740431	6.283185307179586	-0.18759311034896162
3.141592653589793	6.283185307179586	1.1102230246251565E-16
3.3379421944391554	6.283185307179586	0.17288680065451273
3.5342917352885173	6.283185307179586	0.3244233488214578
3.730641276137879	6.283185307179586	0.44878617993745545
3.9269908169872414	6.283185307179586	0.5411961001461971
4.123340357836604	6.283185307179586	0.5981018480381408
4.319689898685965	6.283185307179586	0.6173165676349104
4.516039439535327	6.283185307179586	0.5981018480381408
4.71238898038469	6.283185307179586	0.5411961001461971
4.908738521234052	6.283185307179586	0.44878617993745545
5.105088062083414	6.283185307179586	0.32442334882145757
5.301437602932776	6.283185307179586	0.17288680065451284
5.497787143782138	6.283185307179586	2.220446049250313E-16
5.6941366846315	6.283185307179586	-0.1875931103489615
5.890486225480862	6.283185307179586	-0.3826834323650891
6.086835766330224	6.283185307179586	-0.5777737543812176
6.283185307179586	6.283185307179586	-0.7653668647301793

