0.0	0.0	0.3901806440322567
0.19634954084936207	0.0	0.19509032201612825
0.39269908169872414	0.0	1.942890293094024E-16
0.5890486225480862	0.0	-0.1875931103489611
0.7853981633974483	0.0	-0.3604799110034738
0.9817477042468103	0.0	-0.5120164591704193
1.1780972450961724	0.0	-0.6363792902864167
1.3744467859455345	0.0	-0.7287892104951583
1.5707963267948966	0.0	-0.785694958387102
1.7671458676442586	0.0	-0.8049096779838716
1.9634954084936207	0.0	-0.785694958387102
2.1598449493429825	0.0	-0.7287892104951585
2.356194490192345	0.0	-0.6363792902864169
2.552544031041707	0.0	-0.512016459170419
2.748893571891069	0.0	-0.36047991100347404
2.945243112740431	0.0	-0.1875931103489618
3.141592653589793	0.0	-1.1102230246251565E-16
3.3379421944391554	0.0	0.19509032201612836
3.5342917352885173	0.0	0.3901806440322564
3.730641276137879	0.0	0.5777737543812177
3.9269908169872414	0.0	0.7506605550357304
4.123340357836604	0.0	0.9021971032026759
4.319689898685965	0.0	1.026559934318673
4.516039439535327	0.0	1.118969854527415
4.71238898038469	0.0	1.1758756024193588
4.908738521234052	0.0	1.1950903220161284
5.105088062083414	0.0	1.1758756024193588
5.301437602932776	0.0	1.1189698545274154
5.497787143782138	0.0	1.0265599343186738
5.6941366846315	0.0	0.9021971032026759
5.890486225480862	0.0	0.7506605550357313
6.086835766330224	0.0	0.5777737543812187
6.283185307179586	0.0	0.39018064403225694

0.0	0.19634954084936207	0.19509032201612825
0.19634954084936207	0.19634954084936207	-2.4492935982947064E-16
0.39269908169872414	0.19634954084936207	-0.19509032201612828
0.5890486225480862	0.19634954084936207	-0.38268343236508956
0.7853981633974483	0.19634954084936207	-0.5555702330196023
0.9817477042468103	0.19634954084936207	-0.7071067811865477
1.1780972450961724	0.19634954084936207	-0.8314696123025452
1.3744467859455345	0.19634954084936207	-0.9238795325112868
1.5707963267948966	0.19634954084936207	-0.9807852804032305
1.7671458676442586	0.19634954084936207	-1.0000000000000002
1.9634954084936207	0.19634954084936207	-0.9807852804032305
2.1598449493429825	0.19634954084936207	-0.9238795325112871
2.356194490192345	0.19634954084936207	-0.8314696123025455
2.552544031041707	0.19634954084936207	-0.7071067811865476
2.748893571891069	0.19634954084936207	-0.5555702330196025
2.945243112740431	0.19634954084936207	-0.3826834323650903
3.141592653589793	0.19634954084936207	-0.19509032201612858
3.3379421944391554	0.19634954084936207	-1.2246467991473532E-16
3.5342917352885173	0.19634954084936207	0.19509032201612794
3.730641276137879	0.19634954084936207	0.3826834323650892
3.9269908169872414	0.19634954084936207	0.555570233019602
4.123340357836604	0.19634954084936207	0.7071067811865474
4.319689898685965	0.19634954084936207	0.8314696123025447
4.516039439535327	0.19634954084936207	0.9238795325112864
4.71238898038469	0.19634954084936207	0.9807852804032303
4.908738521234052	0.19634954084936207	0.9999999999999999
5.105088062083414	0.19634954084936207	0.9807852804032303
5.301437602932776	0.19634954084936207	0.9238795325112868
5.497787143782138	0.19634954084936207	0.8314696123025453
5.6941366846315	0.19634954084936207	0.7071067811865475
5.890486225480862	0.19634954084936207	0.5555702330196027
6.086835766330224	0.19634954084936207	0.38268343236509017
6.283185307179586	0.19634954084936207	0.1950903220161285

0.0	0.39269908169872414	1.942890293094024E-16
0.19634954084936207	0.39269908169872414	-0.19509032201612828
0.39269908169872414	0.39269908169872414	-0.39018064403225633
0.5890486225480862	0.39269908169872414	-0.5777737543812176
0.7853981633974483	0.39269908169872414	-0.7506605550357304
0.9817477042468103	0.39269908169872414	-0.9021971032026758
1.1780972450961724	0.39269908169872414	-1.0265599343186733
1.3744467859455345	0.39269908169872414	-1.118969854527415
1.5707963267948966	0.39269908169872414	-1.1758756024193586
1.7671458676442586	0.39269908169872414	-1.1950903220161282
1.9634954084936207	0.39269908169872414	-1.1758756024193586
2.1598449493429825	0.39269908169872414	-1.1189698545274152
2.356194490192345	0.39269908169872414	-1.0265599343186735
2.552544031041707	0.39269908169872414	-0.9021971032026757
2.748893571891069	0.39269908169872414	-0.7506605550357306
2.945243112740431	0.39269908169872414	-0.5777737543812184
3.141592653589793	0.39269908169872414	-0.3901806440322566
3.3379421944391554	0.39269908169872414	-0.19509032201612816
3.5342917352885173	0.39269908169872414	-1.1102230246251565E-16
3.730641276137879	0.39269908169872414	0.18759311034896117
3.9269908169872414	0.39269908169872414	0.3604799110034739
4.123340357836604	0.39269908169872414	0.5120164591704193
4.319689898685965	0.39269908169872414	0.6363792902864166
4.516039439535327	0.39269908169872414	0.7287892104951583
4.71238898038469	0.39269908169872414	0.7856949583871022
4.908738521234052	0.39269908169872414	0.8049096779838718
5.105088062083414	0.39269908169872414	0.7856949583871022
5.301437602932776	0.39269908169872414	0.7287892104951588
5.497787143782138	0.39269908169872414	0.6363792902864173
5.6941366846315	0.39269908169872414	0.5120164591704194
5.890486225480862	0.39269908169872414	0.36047991100347465
6.086835766330224	0.39269908169872414	0.18759311034896212
6.283185307179586	0.39269908169872414	4.440892098500626E-16

0.0	0.5890486225480862	-0.1875931103489611
0.19634954084936207	0.5890486225480862	-0.38268343236508956
0.39269908169872414	0.5890486225480862	-0.5777737543812176
0.5890486225480862	0.5890486225480862	-0.7653668647301789
0.7853981633974483	0.5890486225480862	-0.9382536653846916
0.9817477042468103	0.5890486225480862	-1.089790213551637
1.1780972450961724	0.5890486225480862	-1.2141530446676345
1.3744467859455345	0.5890486225480862	-1.3065629648763761
1.5707963267948966	0.5890486225480862	-1.3634687127683198
1.7671458676442586	0.5890486225480862	-1.3826834323650894
1.9634954084936207	0.5890486225480862	-1.3634687127683198
2.1598449493429825	0.5890486225480862	-1.3065629648763764
2.356194490192345	0.5890486225480862	-1.2141530446676347
2.552544031041707	0.5890486225480862	-1.0897902135516369
2.748893571891069	0.5890486225480862	-0.9382536653846918
2.945243112740431	0.5890486225480862	-0.7653668647301797
3.141592653589793	0.5890486225480862	-0.5777737543812179
3.3379421944391554	0.5890486225480862	-0.38268343236508945
3.5342917352885173	0.5890486225480862	-0.1875931103489614
3.730641276137879	0.5890486225480862	-1.1102230246251565E-16
3.9269908169872414	0.5890486225480862	0.17288680065451262
4.123340357836604	0.5890486225480862	0.324423348821458
4.319689898685965	0.5890486225480862	0.44878617993745534
4.516039439535327	0.5890486225480862	0.5411961001461971
4.71238898038469	0.5890486225480862	0.598101848038141
4.908738521234052	0.5890486225480862	0.6173165676349106
5.105088062083414	0.5890486225480862	0.598101848038141
5.301437602932776	0.5890486225480862	0.5411961001461976
5.497787143782138	0.5890486225480862	0.448786179937456
5.6941366846315	0.5890486225480862	0.3244233488214581
5.890486225480862	0.5890486225480862	0.1728868006545134
6.086835766330224	0.5890486225480862	8.326672684688674E-16
6.283185307179586	0.5890486225480862	-0.18759311034896084

0.0	0.7853981633974483	-0.3604799110034738
0.19634954084936207	0.7853981633974483	-0.5555702330196023
0.39269908169872414	0.7853981633974483	-0.7506605550357304
0.5890486225480862	0.7853981633974483	-0.9382536653846916
0.7853981633974483	0.7853981633974483	-1.1111404660392044
0.9817477042468103	0.7853981633974483	-1.2626770142061496
1.1780972450961724	0.7853981633974483	-1.3870398453221473
1.3744467859455345	0.7853981633974483	-1.479449765530889
1.5707963267948966	0.7853981633974483	-1.5363555134228326
1.7671458676442586	0.7853981633974483	-1.5555702330196022
1.9634954084936207	0.7853981633974483	-1.5363555134228326
2.1598449493429825	0.7853981633974483	-1.4794497655308891
2.356194490192345	0.7853981633974483	-1.3870398453221475
2.552544031041707	0.7853981633974483	-1.2626770142061496
2.748893571891069	0.7853981633974483	-1.1111404660392046
2.945243112740431	0.7853981633974483	-0.9382536653846923
3.141592653589793	0.7853981633974483	-0.7506605550357306
3.3379421944391554	0.7853981633974483	-0.5555702330196022
3.5342917352885173	0.7853981633974483	-0.3604799110034741
3.730641276137879	0.7853981633974483	-0.17288680065451284
3.9269908169872414	0.7853981633974483	-1.1102230246251565E-16
4.123340357836604	0.7853981633974483	0.15153654816694528
4.319689898685965	0.7853981633974483	0.2758993792829426
4.516039439535327	0.7853981633974483	0.36830929949168434
4.71238898038469	0.7853981633974483	0.42521504738362825
4.908738521234052	0.7853981633974483	0.4444297669803978
5.105088062083414	0.7853981633974483	0.42521504738362825
5.301437602932776	0.7853981633974483	0.3683092994916848
5.497787143782138	0.7853981633974483	0.2758993792829433
5.6941366846315	0.7853981633974483	0.1515365481669454
5.890486225480862	0.7853981633974483	6.661338147750939E-16
6.086835766330224	0.7853981633974483	-0.1728868006545119
6.283185307179586	0.7853981633974483	-0.36047991100347354

0.0	0.9817477042468103	-0.5120164591704193
0.19634954084936207	0.9817477042468103	-0.7071067811865477
0.39269908169872414	0.9817477042468103	-0.9021971032026758
0.5890486225480862	0.9817477042468103	-1.089790213551637
0.7853981633974483	0.9817477042468103	-1.2626770142061496
0.9817477042468103	0.9817477042468103	-1.4142135623730951
1.1780972450961724	0.9817477042468103	-1.5385763934890928
1.3744467859455345	0.9817477042468103	-1.6309863136978344
1.5707963267948966	0.9817477042468103	-1.687892061589778
1.7671458676442586	0.9817477042468103	-1.7071067811865475
1.9634954084936207	0.9817477042468103	-1.687892061589778
2.1598449493429825	0.9817477042468103	-1.6309863136978344
2.356194490192345	0.9817477042468103	-1.5385763934890928
2.552544031041707	0.9817477042468103	-1.414213562373095
2.748893571891069	0.9817477042468103	-1.26267701420615
2.945243112740431	0.9817477042468103	-1.0897902135516377
3.141592653589793	0.9817477042468103	-0.9021971032026761
3.3379421944391554	0.9817477042468103	-0.7071067811865476
3.5342917352885173	0.9817477042468103	-0.5120164591704195
3.730641276137879	0.9817477042468103	-0.32442334882145824
3.9269908169872414	0.9817477042468103	-0.1515365481669455
4.123340357836604	0.9817477042468103	-1.1102230246251565E-16
4.319689898685965	0.9817477042468103	0.12436283111599722
4.516039439535327	0.9817477042468103	0.21677275132473894
4.71238898038469	0.9817477042468103	0.27367849921668286
4.908738521234052	0.9817477042468103	0.2928932188134524
5.105088062083414	0.9817477042468103	0.27367849921668286
5.301437602932776	0.9817477042468103	0.2167727513247394
5.497787143782138	0.9817477042468103	0.12436283111599788
5.6941366846315	0.9817477042468103	0.0
5.890486225480862	0.9817477042468103	-0.15153654816694473
6.086835766330224	0.9817477042468103	-0.3244233488214573
6.283185307179586	0.9817477042468103	-0.5120164591704189

0.0	1.1780972450961724	-0.6363792902864167
0.19634954084936207	1.1780972450961724	-0.8314696123025452
0.39269908169872414	1.1780972450961724	-1.0265599343186733
0.5890486225480862	1.1780972450961724	-1.2141530446676345
0.7853981633974483	1.1780972450961724	-1.3870398453221473
0.9817477042468103	1.1780972450961724	-1.5385763934890928
1.1780972450961724	1.1780972450961724	-1.6629392246050902
1.3744467859455345	1.1780972450961724	-1.7553491448138319
1.5707963267948966	1.1780972450961724	-1.8122548927057756
1.7671458676442586	1.1780972450961724	-1.8314696123025451
1.9634954084936207	1.1780972450961724	-1.8122548927057756
2.1598449493429825	1.1780972450961724	-1.755349144813832
2.356194490192345	1.1780972450961724	-1.6629392246050905
2.552544031041707	1.1780972450961724	-1.5385763934890926
2.748893571891069	1.1780972450961724	-1.3870398453221475
2.945243112740431	1.1780972450961724	-1.2141530446676354
3.141592653589793	1.1780972450961724	-1.0265599343186735
3.3379421944391554	1.1780972450961724	-0.8314696123025451
3.5342917352885173	1.1780972450961724	-0.636379290286417
3.730641276137879	1.1780972450961724	-0.4487861799374558
3.9269908169872414	1.1780972450961724	-0.27589937928294306
4.123340357836604	1.1780972450961724	-0.12436283111599766
4.319689898685965	1.1780972450961724	-3.3306690738754696E-16
4.516039439535327	1.1780972450961724	0.09240992020874139
4.71238898038469	1.1780972450961724	0.1493156681006853
4.908738521234052	1.1780972450961724	0.16853038769745488
5.105088062083414	1.1780972450961724	0.1493156681006853
5.301437602932776	1.1780972450961724	0.09240992020874184
5.497787143782138	1.1780972450961724	3.3306690738754696E-16
5.6941366846315	1.1780972450961724	-0.12436283111599755
5.890486225480862	1.1780972450961724	-0.2758993792829423
6.086835766330224	1.1780972450961724	-0.44878617993745484
6.283185307179586	1.1780972450961724	-0.6363792902864165

0.0	1.3744467859455345	-0.7287892104951583
0.19634954084936207	1.3744467859455345	-0.9238795325112868
0.39269908169872414	1.3744467859455345	-1.118969854527415
0.5890486225480862	1.3744467859455345	-1.3065629648763761
0.7853981633974483	1.3744467859455345	-1.479449765530889
0.9817477042468103	1.3744467859455345	-1.6309863136978344
1.1780972450961724	1.3744467859455345	-1.7553491448138319
1.3744467859455345	1.3744467859455345	-1.8477590650225735
1.5707963267948966	1.3744467859455345	-1.9046648129145172
1.7671458676442586	1.3744467859455345	-1.9238795325112867
1.9634954084936207	1.3744467859455345	-1.9046648129145172
2.1598449493429825	1.3744467859455345	-1.8477590650225737
2.356194490192345	1.3744467859455345	-1.755349144813832
2.552544031041707	1.3744467859455345	-1.6309863136978342
2.748893571891069	1.3744467859455345	-1.4794497655308891
2.945243112740431	1.3744467859455345	-1.306562964876377
3.141592653589793	1.3744467859455345	-1.1189698545274152
3.3379421944391554	1.3744467859455345	-0.9238795325112867
3.5342917352885173	1.3744467859455345	-0.7287892104951587
3.730641276137879	1.3744467859455345	-0.5411961001461973
3.9269908169872414	1.3744467859455345	-0.36830929949168467
4.123340357836604	1.3744467859455345	-0.21677275132473928
4.319689898685965	1.3744467859455345	-0.09240992020874195
4.516039439535327	1.3744467859455345	-2.220446049250313E-16
4.71238898038469	1.3744467859455345	0.05690574789194369
4.908738521234052	1.3744467859455345	0.07612046748871326
5.105088062083414	1.3744467859455345	0.05690574789194369
5.301437602932776	1.3744467859455345	2.220446049250313E-16
5.497787143782138	1.3744467859455345	-0.09240992020874128
5.6941366846315	1.3744467859455345	-0.21677275132473917
5.890486225480862	1.3744467859455345	-0.3683092994916839
6.086835766330224	1.3744467859455345	-0.5411961001461965
6.283185307179586	1.3744467859455345	-0.7287892104951581

0.0	1.5707963267948966	-0.785694958387102
0.19634954084936207	1.5707963267948966	-0.9807852804032305
0.39269908169872414	1.5707963267948966	-1.1758756024193586
0.5890486225480862	1.5707963267948966	-1.3634687127683198
0.7853981633974483	1.5707963267948966	-1.5363555134228326
0.9817477042468103	1.5707963267948966	-1.687892061589778
1.1780972450961724	1.5707963267948966	-1.8122548927057756
1.3744467859455345	1.5707963267948966	-1.9046648129145172
1.5707963267948966	1.5707963267948966	-1.9615705608064609
1.7671458676442586	1.5707963267948966	-1.9807852804032304
1.9634954084936207	1.5707963267948966	-1.9615705608064609
2.1598449493429825	1.5707963267948966	-1.9046648129145174
2.356194490192345	1.5707963267948966	-1.8122548927057758
2.552544031041707	1.5707963267948966	-1.687892061589778
2.748893571891069	1.5707963267948966	-1.5363555134228328
2.945243112740431	1.5707963267948966	-1.3634687127683205
3.141592653589793	1.5707963267948966	-1.1758756024193588
3.3379421944391554	1.5707963267948966	-0.9807852804032304
3.5342917352885173	1.5707963267948966	-0.7856949583871023
3.730641276137879	1.5707963267948966	-0.598101848038141
3.9269908169872414	1.5707963267948966	-0.42521504738362836
4.123340357836604	1.5707963267948966	-0.27367849921668297
4.319689898685965	1.5707963267948966	-0.14931566810068564
4.516039439535327	1.5707963267948966	-0.056905747891943914
4.71238898038469	1.5707963267948966	0.0
4.908738521234052	1.5707963267948966	0.01921471959676957
5.105088062083414	1.5707963267948966	0.0
5.301437602932776	1.5707963267948966	-0.05690574789194347
5.497787143782138	1.5707963267948966	-0.14931566810068497
5.6941366846315	1.5707963267948966	-0.27367849921668286
5.890486225480862	1.5707963267948966	-0.4252150473836276
6.086835766330224	1.5707963267948966	-0.5981018480381401
6.283185307179586	1.5707963267948966	-0.7856949583871018

0.0	1.7671458676442586	-0.8049096779838716
0.19634954084936207	1.7671458676442586	-1.0000000000000002
0.39269908169872414	1.7671458676442586	-1.1950903220161282
0.5890486225480862	1.7671458676442586	-1.3826834323650894
0.7853981633974483	1.7671458676442586	-1.5555702330196022
0.9817477042468103	1.7671458676442586	-1.7071067811865475
1.1780972450961724	1.7671458676442586	-1.8314696123025451
1.3744467859455345	1.7671458676442586	-1.9238795325112867
1.5707963267948966	1.7671458676442586	-1.9807852804032304
1.7671458676442586	1.7671458676442586	-2.0
1.9634954084936207	1.7671458676442586	-1.9807852804032304
2.1598449493429825	1.7671458676442586	-1.923879532511287
2.356194490192345	1.7671458676442586	-1.8314696123025453
2.552544031041707	1.7671458676442586	-1.7071067811865475
2.748893571891069	1.7671458676442586	-1.5555702330196024
2.945243112740431	1.7671458676442586	-1.38268343236509
3.141592653589793	1.7671458676442586	-1.1950903220161284
3.3379421944391554	1.7671458676442586	-1.0
3.5342917352885173	1.7671458676442586	-0.8049096779838719
3.730641276137879	1.7671458676442586	-0.6173165676349106
3.9269908169872414	1.7671458676442586	-0.44442976698039793
4.123340357836604	1.7671458676442586	-0.29289321881345254
4.319689898685965	1.7671458676442586	-0.1685303876974552
4.516039439535327	1.7671458676442586	-0.07612046748871348
4.71238898038469	1.7671458676442586	-0.01921471959676957
4.908738521234052	1.7671458676442586	0.0
5.105088062083414	1.7671458676442586	-0.01921471959676957
5.301437602932776	1.7671458676442586	-0.07612046748871304
5.497787143782138	1.7671458676442586	-0.16853038769745454
5.6941366846315	1.7671458676442586	-0.2928932188134524
5.890486225480862	1.7671458676442586	-0.44442976698039716
6.086835766330224	1.7671458676442586	-0.6173165676349097
6.283185307179586	1.7671458676442586	-0.8049096779838714

0.0	1.9634954084936207	-0.785694958387102
0.19634954084936207	1.9634954084936207	-0.9807852804032305
0.39269908169872414	1.9634954084936207	-1.1758756024193586
0.5890486225480862	1.9634954084936207	-1.3634687127683198
0.7853981633974483	1.9634954084936207	-1.5363555134228326
0.9817477042468103	1.9634954084936207	-1.687892061589778
1.1780972450961724	1.9634954084936207	-1.8122548927057756
1.3744467859455345	1.9634954084936207	-1.9046648129145172
1.5707963267948966	1.9634954084936207	-1.9615705608064609
1.7671458676442586	1.9634954084936207	-1.9807852804032304
1.9634954084936207	1.9634954084936207	-1.9615705608064609
2.1598449493429825	1.9634954084936207	-1.9046648129145174
2.356194490192345	1.9634954084936207	-1.8122548927057758
2.552544031041707	1.9634954084936207	-1.687892061589778
2.748893571891069	1.9634954084936207	-1.5363555134228328
2.945243112740431	1.9634954084936207	-1.3634687127683205
3.141592653589793	1.9634954084936207	-1.1758756024193588
3.3379421944391554	1.9634954084936207	-0.9807852804032304
3.5342917352885173	1.9634954084936207	-0.7856949583871023
3.730641276137879	1.9634954084936207	-0.598101848038141
3.9269908169872414	1.9634954084936207	-0.42521504738362836
4.123340357836604	1.9634954084936207	-0.27367849921668297
4.319689898685965	1.9634954084936207	-0.14931566810068564
4.516039439535327	1.9634954084936207	-0.056905747891943914
4.71238898038469	1.9634954084936207	0.0
4.908738521234052	1.9634954084936207	0.01921471959676957
5.105088062083414	1.9634954084936207	0.0
5.301437602932776	1.9634954084936207	-0.05690574789194347
5.497787143782138	1.9634954084936207	-0.14931566810068497
5.6941366846315	1.9634954084936207	-0.27367849921668286
5.890486225480862	1.9634954084936207	-0.4252150473836276
6.086835766330224	1.9634954084936207	-0.5981018480381401
6.283185307179586	1.9634954084936207	-0.7856949583871018

0.0	2.1598449493429825	-0.7287892104951585
0.19634954084936207	2.1598449493429825	-0.9238795325112871
0.39269908169872414	2.1598449493429825	-1.1189698545274152
0.5890486225480862	2.1598449493429825	-1.3065629648763764
0.7853981633974483	2.1598449493429825	-1.4794497655308891
0.9817477042468103	2.1598449493429825	-1.6309863136978344
1.1780972450961724	2.1598449493429825	-1.755349144813832
1.3744467859455345	2.1598449493429825	-1.8477590650225737
1.5707963267948966	2.1598449493429825	-1.9046648129145174
1.7671458676442586	2.1598449493429825	-1.923879532511287
1.9634954084936207	2.1598449493429825	-1.9046648129145174
2.1598449493429825	2.1598449493429825	-1.847759065022574
2.356194490192345	2.1598449493429825	-1.7553491448138323
2.552544031041707	2.1598449493429825	-1.6309863136978344
2.748893571891069	2.1598449493429825	-1.4794497655308894
2.945243112740431	2.1598449493429825	-1.306562964876377
3.141592653589793	2.1598449493429825	-1.1189698545274154
3.3379421944391554	2.1598449493429825	-0.923879532511287
3.5342917352885173	2.1598449493429825	-0.7287892104951589
3.730641276137879	2.1598449493429825	-0.5411961001461976
3.9269908169872414	2.1598449493429825	-0.3683092994916849
4.123340357836604	2.1598449493429825	-0.2167727513247395
4.319689898685965	2.1598449493429825	-0.09240992020874217
4.516039439535327	2.1598449493429825	-4.440892098500626E-16
4.71238898038469	2.1598449493429825	0.05690574789194347
4.908738521234052	2.1598449493429825	0.07612046748871304
5.105088062083414	2.1598449493429825	0.05690574789194347
5.301437602932776	2.1598449493429825	0.0
5.497787143782138	2.1598449493429825	-0.0924099202087415
5.6941366846315	2.1598449493429825	-0.2167727513247394
5.890486225480862	2.1598449493429825	-0.3683092994916841
6.086835766330224	2.1598449493429825	-0.5411961001461967
6.283185307179586	2.1598449493429825	-0.7287892104951583

0.0	2.356194490192345	-0.6363792902864169
0.19634954084936207	2.356194490192345	-0.8314696123025455
0.39269908169872414	2.356194490192345	-1.0265599343186735
0.5890486225480862	2.356194490192345	-1.2141530446676347
0.7853981633974483	2.356194490192345	-1.3870398453221475
0.9817477042468103	2.356194490192345	-1.5385763934890928
1.1780972450961724	2.356194490192345	-1.6629392246050905
1.3744467859455345	2.356194490192345	-1.755349144813832
1.5707963267948966	2.356194490192345	-1.8122548927057758
1.7671458676442586	2.356194490192345	-1.8314696123025453
1.9634954084936207	2.356194490192345	-1.8122548927057758
2.1598449493429825	2.356194490192345	-1.7553491448138323
2.356194490192345	2.356194490192345	-1.6629392246050907
2.552544031041707	2.356194490192345	-1.5385763934890928
2.748893571891069	2.356194490192345	-1.3870398453221477
2.945243112740431	2.356194490192345	-1.2141530446676354
3.141592653589793	2.356194490192345	-1.0265599343186738
3.3379421944391554	2.356194490192345	-0.8314696123025453
3.5342917352885173	2.356194490192345	-0.6363792902864173
3.730641276137879	2.356194490192345	-0.448786179937456
3.9269908169872414	2.356194490192345	-0.2758993792829433
4.123340357836604	2.356194490192345	-0.12436283111599788
4.319689898685965	2.356194490192345	-5.551115123125783E-16
4.516039439535327	2.356194490192345	0.09240992020874117
4.71238898038469	2.356194490192345	0.14931566810068508
4.908738521234052	2.356194490192345	0.16853038769745465
5.105088062083414	2.356194490192345	0.14931566810068508
5.301437602932776	2.356194490192345	0.09240992020874161
5.497787143782138	2.356194490192345	1.1102230246251565E-16
5.6941366846315	2.356194490192345	-0.12436283111599777
5.890486225480862	2.356194490192345	-0.2758993792829425
6.086835766330224	2.356194490192345	-0.44878617993745507
6.283185307179586	2.356194490192345	-0.6363792902864167

0.0	2.552544031041707	-0.512016459170419
0.19634954084936207	2.552544031041707	-0.7071067811865476
0.39269908169872414	2.552544031041707	-0.9021971032026757
0.5890486225480862	2.552544031041707	-1.0897902135516369
0.7853981633974483	2.552544031041707	-1.2626770142061496
0.9817477042468103	2.552544031041707	-1.414213562373095
1.1780972450961724	2.552544031041707	-1.5385763934890926
1.3744467859455345	2.552544031041707	-1.6309863136978342
1.5707963267948966	2.552544031041707	-1.687892061589778
1.7671458676442586	2.552544031041707	-1.7071067811865475
1.9634954084936207	2.552544031041707	-1.687892061589778
2.1598449493429825	2.552544031041707	-1.6309863136978344
2.356194490192345	2.552544031041707	-1.5385763934890928
2.552544031041707	2.552544031041707	-1.414213562373095
2.748893571891069	2.552544031041707	-1.2626770142061499
2.945243112740431	2.552544031041707	-1.0897902135516375
3.141592653589793	2.552544031041707	-0.9021971032026759
3.3379421944391554	2.552544031041707	-0.7071067811865475
3.5342917352885173	2.552544031041707	-0.5120164591704194
3.730641276137879	2.552544031041707	-0.3244233488214581
3.9269908169872414	2.552544031041707	-0.1515365481669454
4.123340357836604	2.552544031041707	0.0
4.319689898685965	2.552544031041707	0.12436283111599733
4.516039439535327	2.552544031041707	0.21677275132473905
4.71238898038469	2.552544031041707	0.27367849921668297
4.908738521234052	2.552544031041707	0.29289321881345254
5.105088062083414	2.552544031041707	0.27367849921668297
5.301437602932776	2.552544031041707	0.2167727513247395
5.497787143782138	2.552544031041707	0.124362831115998
5.6941366846315	2.552544031041707	1.1102230246251565E-16
5.890486225480862	2.552544031041707	-0.15153654816694462
6.086835766330224	2.552544031041707	-0.3244233488214572
6.283185307179586	2.552544031041707	-0.5120164591704188

0.0	2.748893571891069	-0.36047991100347404
0.19634954084936207	2.748893571891069	-0.5555702330196025
0.39269908169872414	2.748893571891069	-0.7506605550357306
0.5890486225480862	2.748893571891069	-0.9382536653846918
0.7853981633974483	2.748893571891069	-1.1111404660392046
0.9817477042468103	2.748893571891069	-1.26267701420615
1.1780972450961724	2.748893571891069	-1.3870398453221475
1.3744467859455345	2.748893571891069	-1.4794497655308891
1.5707963267948966	2.748893571891069	-1.5363555134228328
1.7671458676442586	2.748893571891069	-1.5555702330196024
1.9634954084936207	2.748893571891069	-1.5363555134228328
2.1598449493429825	2.748893571891069	-1.4794497655308894
2.356194490192345	2.748893571891069	-1.3870398453221477
2.552544031041707	2.748893571891069	-1.2626770142061499
2.748893571891069	2.748893571891069	-1.1111404660392048
2.945243112740431	2.748893571891069	-0.9382536653846926
3.141592653589793	2.748893571891069	-0.7506605550357308
3.3379421944391554	2.748893571891069	-0.5555702330196024
3.5342917352885173	2.748893571891069	-0.3604799110034743
3.730641276137879	2.748893571891069	-0.17288680065451306
3.9269908169872414	2.748893571891069	-3.3306690738754696E-16
4.123340357836604	2.748893571891069	0.15153654816694506
4.319689898685965	2.748893571891069	0.2758993792829424
4.516039439535327	2.748893571891069	0.3683092994916841
4.71238898038469	2.748893571891069	0.42521504738362803
4.908738521234052	2.748893571891069	0.4444297669803976
5.105088062083414	2.748893571891069	0.42521504738362803
5.301437602932776	2.748893571891069	0.36830929949168456
5.497787143782138	2.748893571891069	0.27589937928294306
5.6941366846315	2.748893571891069	0.15153654816694517
5.890486225480862	2.748893571891069	4.440892098500626E-16
6.086835766330224	2.748893571891069	-0.17288680065451212
6.283185307179586	2.748893571891069	-0.36047991100347376

0.0	2.945243112740431	-0.1875931103489618
0.19634954084936207	2.945243112740431	-0.3826834323650903
0.39269908169872414	2.945243112740431	-0.5777737543812184
0.5890486225480862	2.945243112740431	-0.7653668647301797
0.7853981633974483	2.945243112740431	-0.9382536653846923
0.9817477042468103	2.945243112740431	-1.0897902135516377
1.1780972450961724	2.945243112740431	-1.2141530446676354
1.3744467859455345	2.945243112740431	-1.306562964876377
1.5707963267948966	2.945243112740431	-1.3634687127683205
1.7671458676442586	2.945243112740431	-1.38268343236509
1.9634954084936207	2.945243112740431	-1.3634687127683205
2.1598449493429825	2.945243112740431	-1.306562964876377
2.356194490192345	2.945243112740431	-1.2141530446676354
2.552544031041707	2.945243112740431	-1.0897902135516375
2.748893571891069	2.945243112740431	-0.9382536653846926
2.945243112740431	2.945243112740431	-0.7653668647301803
3.141592653589793	2.945243112740431	-0.5777737543812187
3.3379421944391554	2.945243112740431	-0.38268343236509017
3.5342917352885173	2.945243112740431	-0.18759311034896212
3.730641276137879	2.945243112740431	-8.326672684688674E-16
3.9269908169872414	2.945243112740431	0.1728868006545119
4.123340357836604	2.945243112740431	0.3244233488214573
4.319689898685965	2.945243112740431	0.4487861799374546
4.516039439535327	2.945243112740431	0.5411961001461963
4.71238898038469	2.945243112740431	0.5981018480381403
4.908738521234052	2.945243112740431	0.6173165676349098
5.105088062083414	2.945243112740431	0.5981018480381403
5.301437602932776	2.945243112740431	0.5411961001461968
5.497787143782138	2.945243112740431	0.4487861799374553
5.6941366846315	2.945243112740431	0.3244233488214574
5.890486225480862	2.945243112740431	0.17288680065451267
6.086835766330224	2.945243112740431	1.1102230246251565E-16
6.283185307179586	2.945243112740431	-0.18759311034896156

0.0	3.141592653589793	-1.1102230246251565E-16
0.19634954084936207	3.141592653589793	-0.19509032201612858
0.39269908169872414	3.141592653589793	-0.3901806440322566
0.5890486225480862	3.141592653589793	-0.5777737543812179
0.7853981633974483	3.141592653589793	-0.7506605550357306
0.9817477042468103	3.141592653589793	-0.9021971032026761
1.1780972450961724	3.141592653589793	-1.0265599343186735
1.3744467859455345	3.141592653589793	-1.1189698545274152
1.5707963267948966	3.141592653589793	-1.1758756024193588
1.7671458676442586	3.141592653589793	-1.1950903220161284
1.9634954084936207	3.141592653589793	-1.1758756024193588
2.1598449493429825	3.141592653589793	-1.1189698545274154
2.356194490192345	3.141592653589793	-1.0265599343186738
2.552544031041707	3.141592653589793	-0.9021971032026759
2.748893571891069	3.141592653589793	-0.7506605550357308
2.945243112740431	3.141592653589793	-0.5777737543812187
3.141592653589793	3.141592653589793	-0.39018064403225694
3.3379421944391554	3.141592653589793	-0.19509032201612847
3.5342917352885173	3.141592653589793	-4.163336342344337E-16
3.730641276137879	3.141592653589793	0.18759311034896087
3.9269908169872414	3.141592653589793	0.3604799110034736
4.123340357836604	3.141592653589793	0.512016459170419
4.319689898685965	3.141592653589793	0.6363792902864163
4.516039439535327	3.141592653589793	0.7287892104951581
4.71238898038469	3.141592653589793	0.785694958387102
4.908738521234052	3.141592653589793	0.8049096779838716
5.105088062083414	3.141592653589793	0.785694958387102
5.301437602932776	3.141592653589793	0.7287892104951585
5.497787143782138	3.141592653589793	0.6363792902864169
5.6941366846315	3.141592653589793	0.512016459170419
5.890486225480862	3.141592653589793	0.3604799110034744
6.086835766330224	3.141592653589793	0.1875931103489618
6.283185307179586	3.141592653589793	1.3877787807814457E-16

0.0	3.3379421944391554	0.19509032201612836
0.19634954084936207	3.3379421944391554	-1.2246467991473532E-16
0.39269908169872414	3.3379421944391554	-0.19509032201612816
0.5890486225480862	3.3379421944391554	-0.38268343236508945
0.7853981633974483	3.3379421944391554	-0.5555702330196022
0.9817477042468103	3.3379421944391554	-0.7071067811865476
1.1780972450961724	3.3379421944391554	-0.8314696123025451
1.3744467859455345	3.3379421944391554	-0.9238795325112867
1.5707963267948966	3.3379421944391554	-0.9807852804032304
1.7671458676442586	3.3379421944391554	-1.0
1.9634954084936207	3.3379421944391554	-0.9807852804032304
2.1598449493429825	3.3379421944391554	-0.923879532511287
2.356194490192345	3.3379421944391554	-0.8314696123025453
2.552544031041707	3.3379421944391554	-0.7071067811865475
2.748893571891069	3.3379421944391554	-0.5555702330196024
2.945243112740431	3.3379421944391554	-0.38268343236509017
3.141592653589793	3.3379421944391554	-0.19509032201612847
3.3379421944391554	3.3379421944391554	0.0
3.5342917352885173	3.3379421944391554	0.19509032201612805
3.730641276137879	3.3379421944391554	0.38268343236508934
3.9269908169872414	3.3379421944391554	0.5555702330196021
4.123340357836604	3.3379421944391554	0.7071067811865475
4.319689898685965	3.3379421944391554	0.8314696123025448
4.516039439535327	3.3379421944391554	0.9238795325112865
4.71238898038469	3.3379421944391554	0.9807852804032304
4.908738521234052	3.3379421944391554	1.0
5.105088062083414	3.3379421944391554	0.9807852804032304
5.301437602932776	3.3379421944391554	0.923879532511287
5.497787143782138	3.3379421944391554	0.8314696123025455
5.6941366846315	3.3379421944391554	0.7071067811865476
5.890486225480862	3.3379421944391554	0.5555702330196028
6.086835766330224	3.3379421944391554	0.3826834323650903
6.283185307179586	3.3379421944391554	0.1950903220161286

0.0	3.5342917352885173	0.3901806440322564
0.19634954084936207	3.5342917352885173	0.19509032201612794
0.39269908169872414	3.5342917352885173	-1.1102230246251565E-16
0.5890486225480862	3.5342917352885173	-0.1875931103489614
0.7853981633974483	3.5342917352885173	-0.3604799110034741
0.9817477042468103	3.5342917352885173	-0.5120164591704195
1.1780972450961724	3.5342917352885173	-0.636379290286417
1.3744467859455345	3.5342917352885173	-0.7287892104951587
1.5707963267948966	3.5342917352885173	-0.7856949583871023
1.7671458676442586	3.5342917352885173	-0.8049096779838719
1.9634954084936207	3.5342917352885173	-0.7856949583871023
2.1598449493429825	3.5342917352885173	-0.7287892104951589
2.356194490192345	3.5342917352885173	-0.6363792902864173
2.552544031041707	3.5342917352885173	-0.5120164591704194
2.748893571891069	3.5342917352885173	-0.3604799110034743
2.945243112740431	3.5342917352885173	-0.18759311034896212
3.141592653589793	3.5342917352885173	-4.163336342344337E-16
3.3379421944391554	3.5342917352885173	0.19509032201612805
3.5342917352885173	3.5342917352885173	0.3901806440322561
3.730641276137879	3.5342917352885173	0.5777737543812174
3.9269908169872414	3.5342917352885173	0.7506605550357301
4.123340357836604	3.5342917352885173	0.9021971032026755
4.319689898685965	3.5342917352885173	1.0265599343186729
4.516039439535327	3.5342917352885173	1.1189698545274145
4.71238898038469	3.5342917352885173	1.1758756024193584
4.908738521234052	3.5342917352885173	1.195090322016128
5.105088062083414	3.5342917352885173	1.1758756024193584
5.301437602932776	3.5342917352885173	1.118969854527415
5.497787143782138	3.5342917352885173	1.0265599343186735
5.6941366846315	3.5342917352885173	0.9021971032026757
5.890486225480862	3.5342917352885173	0.7506605550357309
6.086835766330224	3.5342917352885173	0.5777737543812184
6.283185307179586	3.5342917352885173	0.39018064403225666

0.0	3.730641276137879	0.5777737543812177
0.19634954084936207	3.730641276137879	0.3826834323650892
0.39269908169872414	3.730641276137879	0.18759311034896117
0.5890486225480862	3.730641276137879	-1.1102230246251565E-16
0.7853981633974483	3.730641276137879	-0.17288680065451284
0.9817477042468103	3.730641276137879	-0.32442334882145824
1.1780972450961724	3.730641276137879	-0.4487861799374558
1.3744467859455345	3.730641276137879	-0.5411961001461973
1.5707963267948966	3.730641276137879	-0.598101848038141
1.7671458676442586	3.730641276137879	-0.6173165676349106
1.9634954084936207	3.730641276137879	-0.598101848038141
2.1598449493429825	3.730641276137879	-0.5411961001461976
2.356194490192345	3.730641276137879	-0.448786179937456
2.552544031041707	3.730641276137879	-0.3244233488214581
2.748893571891069	3.730641276137879	-0.17288680065451306
2.945243112740431	3.730641276137879	-8.326672684688674E-16
3.141592653589793	3.730641276137879	0.18759311034896087
3.3379421944391554	3.730641276137879	0.38268343236508934
3.5342917352885173	3.730641276137879	0.5777737543812174
3.730641276137879	3.730641276137879	0.7653668647301787
3.9269908169872414	3.730641276137879	0.9382536653846913
4.123340357836604	3.730641276137879	1.0897902135516369
4.319689898685965	3.730641276137879	1.214153044667634
4.516039439535327	3.730641276137879	1.306562964876376
4.71238898038469	3.730641276137879	1.3634687127683198
4.908738521234052	3.730641276137879	1.3826834323650894
5.105088062083414	3.730641276137879	1.3634687127683198
5.301437602932776	3.730641276137879	1.3065629648763764
5.497787143782138	3.730641276137879	1.2141530446676347
5.6941366846315	3.730641276137879	1.0897902135516369
5.890486225480862	3.730641276137879	0.9382536653846922
6.086835766330224	3.730641276137879	0.7653668647301797
6.283185307179586	3.730641276137879	0.5777737543812179

0.0	3.9269908169872414	0.7506605550357304
0.19634954084936207	3.9269908169872414	0.555570233019602
0.39269908169872414	3.9269908169872414	0.3604799110034739
0.5890486225480862	3.9269908169872414	0.17288680065451262
0.7853981633974483	3.9269908169872414	-1.1102230246251565E-16
0.9817477042468103	3.9269908169872414	-0.1515365481669455
1.1780972450961724	3.9269908169872414	-0.27589937928294306
1.3744467859455345	3.9269908169872414	-0.36830929949168467
1.5707963267948966	3.9269908169872414	-0.42521504738362836
1.7671458676442586	3.9269908169872414	-0.44442976698039793
1.9634954084936207	3.9269908169872414	-0.42521504738362836
2.1598449493429825	3.9269908169872414	-0.3683092994916849
2.356194490192345	3.9269908169872414	-0.2758993792829433
2.552544031041707	3.9269908169872414	-0.1515365481669454
2.748893571891069	3.9269908169872414	-3.3306690738754696E-16
2.945243112740431	3.9269908169872414	0.1728868006545119
3.141592653589793	3.9269908169872414	0.3604799110034736
3.3379421944391554	3.9269908169872414	0.5555702330196021
3.5342917352885173	3.9269908169872414	0.7506605550357301
3.730641276137879	3.9269908169872414	0.9382536653846913
3.9269908169872414	3.9269908169872414	1.1111404660392041
4.123340357836604	3.9269908169872414	1.2626770142061496
4.319689898685965	3.9269908169872414	1.3870398453221469
4.516039439535327	3.9269908169872414	1.4794497655308887
4.71238898038469	3.9269908169872414	1.5363555134228326
4.908738521234052	3.9269908169872414	1.5555702330196022
5.105088062083414	3.9269908169872414	1.5363555134228326
5.301437602932776	3.9269908169872414	1.4794497655308891
5.497787143782138	3.9269908169872414	1.3870398453221475
5.6941366846315	3.9269908169872414	1.2626770142061496
5.890486225480862	3.9269908169872414	1.1111404660392048
6.086835766330224	3.9269908169872414	0.9382536653846923
6.283185307179586	3.9269908169872414	0.7506605550357307

0.0	4.123340357836604	0.9021971032026759
0.19634954084936207	4.123340357836604	0.7071067811865474
0.39269908169872414	4.123340357836604	0.5120164591704193
0.5890486225480862	4.123340357836604	0.324423348821458
0.7853981633974483	4.123340357836604	0.15153654816694528
0.9817477042468103	4.123340357836604	-1.1102230246251565E-16
1.1780972450961724	4.123340357836604	-0.12436283111599766
1.3744467859455345	4.123340357836604	-0.21677275132473928
1.5707963267948966	4.123340357836604	-0.27367849921668297
1.7671458676442586	4.123340357836604	-0.29289321881345254
1.9634954084936207	4.123340357836604	-0.27367849921668297
2.1598449493429825	4.123340357836604	-0.2167727513247395
2.356194490192345	4.123340357836604	-0.12436283111599788
2.552544031041707	4.123340357836604	0.0
2.748893571891069	4.123340357836604	0.15153654816694506
2.945243112740431	4.123340357836604	0.3244233488214573
3.141592653589793	4.123340357836604	0.512016459170419
3.3379421944391554	4.123340357836604	0.7071067811865475
3.5342917352885173	4.123340357836604	0.9021971032026755
3.730641276137879	4.123340357836604	1.0897902135516369
3.9269908169872414	4.123340357836604	1.2626770142061496
4.123340357836604	4.123340357836604	1.414213562373095
4.319689898685965	4.123340357836604	1.5385763934890924
4.516039439535327	4.123340357836604	1.630986313697834
4.71238898038469	4.123340357836604	1.687892061589778
4.908738521234052	4.123340357836604	1.7071067811865475
5.105088062083414	4.123340357836604	1.687892061589778
5.301437602932776	4.123340357836604	1.6309863136978344
5.497787143782138	4.123340357836604	1.5385763934890928
5.6941366846315	4.123340357836604	1.414213562373095
5.890486225480862	4.123340357836604	1.2626770142061503
6.086835766330224	4.123340357836604	1.0897902135516377
6.283185307179586	4.123340357836604	0.9021971032026761

0.0	4.319689898685965	1.026559934318673
0.19634954084936207	4.319689898685965	0.8314696123025447
0.39269908169872414	4.319689898685965	0.6363792902864166
0.5890486225480862	4.319689898685965	0.44878617993745534
0.7853981633974483	4.319689898685965	0.2758993792829426
0.9817477042468103	4.319689898685965	0.12436283111599722
1.1780972450961724	4.319689898685965	-3.3306690738754696E-16
1.3744467859455345	4.319689898685965	-0.09240992020874195
1.5707963267948966	4.319689898685965	-0.14931566810068564
1.7671458676442586	4.319689898685965	-0.1685303876974552
1.9634954084936207	4.319689898685965	-0.14931566810068564
2.1598449493429825	4.319689898685965	-0.09240992020874217
2.356194490192345	4.319689898685965	-5.551115123125783E-16
2.552544031041707	4.319689898685965	0.12436283111599733
2.748893571891069	4.319689898685965	0.2758993792829424
2.945243112740431	4.319689898685965	0.4487861799374546
3.141592653589793	4.319689898685965	0.6363792902864163
3.3379421944391554	4.319689898685965	0.8314696123025448
3.5342917352885173	4.319689898685965	1.0265599343186729
3.730641276137879	4.319689898685965	1.214153044667634
3.9269908169872414	4.319689898685965	1.3870398453221469
4.123340357836604	4.319689898685965	1.5385763934890924
4.319689898685965	4.319689898685965	1.6629392246050896
4.516039439535327	4.319689898685965	1.7553491448138314
4.71238898038469	4.319689898685965	1.8122548927057753
4.908738521234052	4.319689898685965	1.831469612302545
5.105088062083414	4.319689898685965	1.8122548927057753
5.301437602932776	4.319689898685965	1.7553491448138319
5.497787143782138	4.319689898685965	1.6629392246050902
5.6941366846315	4.319689898685965	1.5385763934890924
5.890486225480862	4.319689898685965	1.3870398453221475
6.086835766330224	4.319689898685965	1.214153044667635
6.283185307179586	4.319689898685965	1.0265599343186733

0.0	4.516039439535327	1.118969854527415
0.19634954084936207	4.516039439535327	0.9238795325112864
0.39269908169872414	4.516039439535327	0.7287892104951583
0.5890486225480862	4.516039439535327	0.5411961001461971
0.7853981633974483	4.516039439535327	0.36830929949168434
0.9817477042468103	4.516039439535327	0.21677275132473894
1.1780972450961724	4.516039439535327	0.09240992020874139
1.3744467859455345	4.516039439535327	-2.220446049250313E-16
1.5707963267948966	4.516039439535327	-0.056905747891943914
1.7671458676442586	4.516039439535327	-0.07612046748871348
1.9634954084936207	4.516039439535327	-0.056905747891943914
2.1598449493429825	4.516039439535327	-4.440892098500626E-16
2.356194490192345	4.516039439535327	0.09240992020874117
2.552544031041707	4.516039439535327	0.21677275132473905
2.748893571891069	4.516039439535327	0.3683092994916841
2.945243112740431	4.516039439535327	0.5411961001461963
3.141592653589793	4.516039439535327	0.7287892104951581
3.3379421944391554	4.516039439535327	0.9238795325112865
3.5342917352885173	4.516039439535327	1.1189698545274145
3.730641276137879	4.516039439535327	1.306562964876376
3.9269908169872414	4.516039439535327	1.4794497655308887
4.123340357836604	4.516039439535327	1.630986313697834
4.319689898685965	4.516039439535327	1.7553491448138314
4.516039439535327	4.516039439535327	1.847759065022573
4.71238898038469	4.516039439535327	1.904664812914517
4.908738521234052	4.516039439535327	1.9238795325112865
5.105088062083414	4.516039439535327	1.904664812914517
5.301437602932776	4.516039439535327	1.8477590650225735
5.497787143782138	4.516039439535327	1.7553491448138319
5.6941366846315	4.516039439535327	1.630986313697834
5.890486225480862	4.516039439535327	1.4794497655308894
6.086835766330224	4.516039439535327	1.3065629648763768
6.283185307179586	4.516039439535327	1.1189698545274152

0.0	4.71238898038469	1.1758756024193588
0.19634954084936207	4.71238898038469	0.9807852804032303
0.39269908169872414	4.71238898038469	0.7856949583871022
0.5890486225480862	4.71238898038469	0.598101848038141
0.7853981633974483	4.71238898038469	0.42521504738362825
0.9817477042468103	4.71238898038469	0.27367849921668286
1.1780972450961724	4.71238898038469	0.1493156681006853
1.3744467859455345	4.71238898038469	0.05690574789194369
1.5707963267948966	4.71238898038469	0.0
1.7671458676442586	4.71238898038469	-0.01921471959676957
1.9634954084936207	4.71238898038469	0.0
2.1598449493429825	4.71238898038469	0.05690574789194347
2.356194490192345	4.71238898038469	0.14931566810068508
2.552544031041707	4.71238898038469	0.27367849921668297
2.748893571891069	4.71238898038469	0.42521504738362803
2.945243112740431	4.71238898038469	0.5981018480381403
3.141592653589793	4.71238898038469	0.785694958387102
3.3379421944391554	4.71238898038469	0.9807852804032304
3.5342917352885173	4.71238898038469	1.1758756024193584
3.730641276137879	4.71238898038469	1.3634687127683198
3.9269908169872414	4.71238898038469	1.5363555134228326
4.123340357836604	4.71238898038469	1.687892061589778
4.319689898685965	4.71238898038469	1.8122548927057753
4.516039439535327	4.71238898038469	1.904664812914517
4.71238898038469	4.71238898038469	1.9615705608064609
4.908738521234052	4.71238898038469	1.9807852804032304
5.105088062083414	4.71238898038469	1.9615705608064609
5.301437602932776	4.71238898038469	1.9046648129145174
5.497787143782138	4.71238898038469	1.8122548927057758
5.6941366846315	4.71238898038469	1.687892061589778
5.890486225480862	4.71238898038469	1.5363555134228333
6.086835766330224	4.71238898038469	1.3634687127683207
6.283185307179586	4.71238898038469	1.175875602419359

0.0	4.908738521234052	1.1950903220161284
0.19634954084936207	4.908738521234052	0.9999999999999999
0.39269908169872414	4.908738521234052	0.8049096779838718
0.5890486225480862	4.908738521234052	0.6173165676349106
0.7853981633974483	4.908738521234052	0.4444297669803978
0.9817477042468103	4.908738521234052	0.2928932188134524
1.1780972450961724	4.908738521234052	0.16853038769745488
1.3744467859455345	4.908738521234052	0.07612046748871326
1.5707963267948966	4.908738521234052	0.01921471959676957
1.7671458676442586	4.908738521234052	0.0
1.9634954084936207	4.908738521234052	0.01921471959676957
2.1598449493429825	4.908738521234052	0.07612046748871304
2.356194490192345	4.908738521234052	0.16853038769745465
2.552544031041707	4.908738521234052	0.29289321881345254
2.748893571891069	4.908738521234052	0.4444297669803976
2.945243112740431	4.908738521234052	0.6173165676349098
3.141592653589793	4.908738521234052	0.8049096779838716
3.3379421944391554	4.908738521234052	1.0
3.5342917352885173	4.908738521234052	1.195090322016128
3.730641276137879	4.908738521234052	1.3826834323650894
3.9269908169872414	4.908738521234052	1.5555702330196022
4.123340357836604	4.908738521234052	1.7071067811865475
4.319689898685965	4.908738521234052	1.831469612302545
4.516039439535327	4.908738521234052	1.9238795325112865
4.71238898038469	4.908738521234052	1.9807852804032304
4.908738521234052	4.908738521234052	2.0
5.105088062083414	4.908738521234052	1.9807852804032304
5.301437602932776	4.908738521234052	1.923879532511287
5.497787143782138	4.908738521234052	1.8314696123025453
5.6941366846315	4.908738521234052	1.7071067811865475
5.890486225480862	4.908738521234052	1.5555702330196028
6.086835766330224	4.908738521234052	1.3826834323650903
6.283185307179586	4.908738521234052	1.1950903220161286

0.0	5.105088062083414	1.1758756024193588
0.19634954084936207	5.105088062083414	0.9807852804032303
0.39269908169872414	5.105088062083414	0.7856949583871022
0.5890486225480862	5.105088062083414	0.598101848038141
0.7853981633974483	5.105088062083414	0.42521504738362825
0.9817477042468103	5.105088062083414	0.27367849921668286
1.1780972450961724	5.105088062083414	0.1493156681006853
1.3744467859455345	5.105088062083414	0.05690574789194369
1.5707963267948966	5.105088062083414	0.0
1.7671458676442586	5.105088062083414	-0.01921471959676957
1.9634954084936207	5.105088062083414	0.0
2.1598449493429825	5.105088062083414	0.05690574789194347
2.356194490192345	5.105088062083414	0.14931566810068508
2.552544031041707	5.105088062083414	0.27367849921668297
2.748893571891069	5.105088062083414	0.42521504738362803
2.945243112740431	5.105088062083414	0.5981018480381403
3.141592653589793	5.105088062083414	0.785694958387102
3.3379421944391554	5.105088062083414	0.9807852804032304
3.5342917352885173	5.105088062083414	1.1758756024193584
3.730641276137879	5.105088062083414	1.3634687127683198
3.9269908169872414	5.105088062083414	1.5363555134228326
4.123340357836604	5.105088062083414	1.687892061589778
4.319689898685965	5.105088062083414	1.8122548927057753
4.516039439535327	5.105088062083414	1.904664812914517
4.71238898038469	5.105088062083414	1.9615705608064609
4.908738521234052	5.105088062083414	1.9807852804032304
5.105088062083414	5.105088062083414	1.9615705608064609
5.301437602932776	5.105088062083414	1.9046648129145174
5.497787143782138	5.105088062083414	1.8122548927057758
5.6941366846315	5.105088062083414	1.687892061589778
5.890486225480862	5.105088062083414	1.5363555134228333
6.086835766330224	5.105088062083414	1.3634687127683207
6.283185307179586	5.105088062083414	1.175875602419359

0.0	5.301437602932776	1.1189698545274154
0.19634954084936207	5.301437602932776	0.9238795325112868
0.39269908169872414	5.301437602932776	0.7287892104951588
0.5890486225480862	5.301437602932776	0.5411961001461976
0.7853981633974483	5.301437602932776	0.3683092994916848
0.9817477042468103	5.301437602932776	0.2167727513247394
1.1780972450961724	5.301437602932776	0.09240992020874184
1.3744467859455345	5.301437602932776	2.220446049250313E-16
1.5707963267948966	5.301437602932776	-0.05690574789194347
1.7671458676442586	5.301437602932776	-0.07612046748871304
1.9634954084936207	5.301437602932776	-0.05690574789194347
2.1598449493429825	5.301437602932776	0.0
2.356194490192345	5.301437602932776	0.09240992020874161
2.552544031041707	5.301437602932776	0.2167727513247395
2.748893571891069	5.301437602932776	0.36830929949168456
2.945243112740431	5.301437602932776	0.5411961001461968
3.141592653589793	5.301437602932776	0.7287892104951585
3.3379421944391554	5.301437602932776	0.923879532511287
3.5342917352885173	5.301437602932776	1.118969854527415
3.730641276137879	5.301437602932776	1.3065629648763764
3.9269908169872414	5.301437602932776	1.4794497655308891
4.123340357836604	5.301437602932776	1.6309863136978344
4.319689898685965	5.301437602932776	1.7553491448138319
4.516039439535327	5.301437602932776	1.8477590650225735
4.71238898038469	5.301437602932776	1.9046648129145174
4.908738521234052	5.301437602932776	1.923879532511287
5.105088062083414	5.301437602932776	1.9046648129145174
5.301437602932776	5.301437602932776	1.847759065022574
5.497787143782138	5.301437602932776	1.7553491448138323
5.6941366846315	5.301437602932776	1.6309863136978344
5.890486225480862	5.301437602932776	1.4794497655308898
6.086835766330224	5.301437602932776	1.3065629648763772
6.283185307179586	5.301437602932776	1.1189698545274156

0.0	5.497787143782138	1.0265599343186738
0.19634954084936207	5.497787143782138	0.8314696123025453
0.39269908169872414	5.497787143782138	0.6363792902864173
0.5890486225480862	5.497787143782138	0.448786179937456
0.7853981633974483	5.497787143782138	0.2758993792829433
0.9817477042468103	5.497787143782138	0.12436283111599788
1.1780972450961724	5.497787143782138	3.3306690738754696E-16
1.3744467859455345	5.497787143782138	-0.09240992020874128
1.5707963267948966	5.497787143782138	-0.14931566810068497
1.7671458676442586	5.497787143782138	-0.16853038769745454
1.9634954084936207	5.497787143782138	-0.14931566810068497
2.1598449493429825	5.497787143782138	-0.0924099202087415
2.356194490192345	5.497787143782138	1.1102230246251565E-16
2.552544031041707	5.497787143782138	0.124362831115998
2.748893571891069	5.497787143782138	0.27589937928294306
2.945243112740431	5.497787143782138	0.4487861799374553
3.141592653589793	5.497787143782138	0.6363792902864169
3.3379421944391554	5.497787143782138	0.8314696123025455
3.5342917352885173	5.497787143782138	1.0265599343186735
3.730641276137879	5.497787143782138	1.2141530446676347
3.9269908169872414	5.497787143782138	1.3870398453221475
4.123340357836604	5.497787143782138	1.5385763934890928
4.319689898685965	5.497787143782138	1.6629392246050902
4.516039439535327	5.497787143782138	1.7553491448138319
4.71238898038469	5.497787143782138	1.8122548927057758
4.908738521234052	5.497787143782138	1.8314696123025453
5.105088062083414	5.497787143782138	1.8122548927057758
5.301437602932776	5.497787143782138	1.7553491448138323
5.497787143782138	5.497787143782138	1.662939224605091
5.6941366846315	5.497787143782138	1.538576393489093
5.890486225480862	5.497787143782138	1.3870398453221484
6.086835766330224	5.497787143782138	1.2141530446676359
6.283185307179586	5.497787143782138	1.026559934318674

0.0	5.6941366846315	0.9021971032026759
0.19634954084936207	5.6941366846315	0.7071067811865475
0.39269908169872414	5.6941366846315	0.5120164591704194
0.5890486225480862	5.6941366846315	0.3244233488214581
0.7853981633974483	5.6941366846315	0.1515365481669454
0.9817477042468103	5.6941366846315	0.0
1.1780972450961724	5.6941366846315	-0.12436283111599755
1.3744467859455345	5.6941366846315	-0.21677275132473917
1.5707963267948966	5.6941366846315	-0.27367849921668286
1.7671458676442586	5.6941366846315	-0.2928932188134524
1.9634954084936207	5.6941366846315	-0.27367849921668286
2.1598449493429825	5.6941366846315	-0.2167727513247394
2.356194490192345	5.6941366846315	-0.12436283111599777
2.552544031041707	5.6941366846315	1.1102230246251565E-16
2.748893571891069	5.6941366846315	0.15153654816694517
2.945243112740431	5.6941366846315	0.3244233488214574
3.141592653589793	5.6941366846315	0.512016459170419
3.3379421944391554	5.6941366846315	0.7071067811865476
3.5342917352885173	5.6941366846315	0.9021971032026757
3.730641276137879	5.6941366846315	1.0897902135516369
3.9269908169872414	5.6941366846315	1.2626770142061496
4.123340357836604	5.6941366846315	1.414213562373095
4.319689898685965	5.6941366846315	1.5385763934890924
4.516039439535327	5.6941366846315	1.630986313697834
4.71238898038469	5.6941366846315	1.687892061589778
4.908738521234052	5.6941366846315	1.7071067811865475
5.105088062083414	5.6941366846315	1.687892061589778
5.301437602932776	5.6941366846315	1.6309863136978344
5.497787143782138	5.6941366846315	1.538576393489093
5.6941366846315	5.6941366846315	1.4142135623730951
5.890486225480862	5.6941366846315	1.2626770142061505
6.086835766330224	5.6941366846315	1.089790213551638
6.283185307179586	5.6941366846315	0.9021971032026762

0.0	5.890486225480862	0.7506605550357313
0.19634954084936207	5.890486225480862	0.5555702330196027
0.39269908169872414	5.890486225480862	0.36047991100347465
0.5890486225480862	5.890486225480862	0.1728868006545134
0.7853981633974483	5.890486225480862	6.661338147750939E-16
0.9817477042468103	5.890486225480862	-0.15153654816694473
1.1780972450961724	5.890486225480862	-0.2758993792829423
1.3744467859455345	5.890486225480862	-0.3683092994916839
1.5707963267948966	5.890486225480862	-0.4252150473836276
1.7671458676442586	5.890486225480862	-0.44442976698039716
1.9634954084936207	5.890486225480862	-0.4252150473836276
2.1598449493429825	5.890486225480862	-0.3683092994916841
2.356194490192345	5.890486225480862	-0.2758993792829425
2.552544031041707	5.890486225480862	-0.15153654816694462
2.748893571891069	5.890486225480862	4.440892098500626E-16
2.945243112740431	5.890486225480862	0.17288680065451267
3.141592653589793	5.890486225480862	0.3604799110034744
3.3379421944391554	5.890486225480862	0.5555702330196028
3.5342917352885173	5.890486225480862	0.7506605550357309
3.730641276137879	5.890486225480862	0.9382536653846922
3.9269908169872414	5.890486225480862	1.1111404660392048
4.123340357836604	5.890486225480862	1.2626770142061503
4.319689898685965	5.890486225480862	1.3870398453221475
4.516039439535327	5.890486225480862	1.4794497655308894
4.71238898038469	5.890486225480862	1.5363555134228333
4.908738521234052	5.890486225480862	1.5555702330196028
5.105088062083414	5.890486225480862	1.5363555134228333
5.301437602932776	5.890486225480862	1.4794497655308898
5.497787143782138	5.890486225480862	1.3870398453221484
5.6941366846315	5.890486225480862	1.2626770142061505
5.890486225480862	5.890486225480862	1.1111404660392057
6.086835766330224	5.890486225480862	0.9382536653846931
6.283185307179586	5.890486225480862	0.7506605550357315

0.0	6.086835766330224	0.5777737543812187
0.19634954084936207	6.086835766330224	0.38268343236509017
0.39269908169872414	6.086835766330224	0.18759311034896212
0.5890486225480862	6.086835766330224	8.326672684688674E-16
0.7853981633974483	6.086835766330224	-0.1728868006545119
0.9817477042468103	6.086835766330224	-0.3244233488214573
1.1780972450961724	6.086835766330224	-0.44878617993745484
1.3744467859455345	6.086835766330224	-0.5411961001461965
1.5707963267948966	6.086835766330224	-0.5981018480381401
1.7671458676442586	6.086835766330224	-0.6173165676349097
1.9634954084936207	6.086835766330224	-0.5981018480381401
2.1598449493429825	6.086835766330224	-0.5411961001461967
2.356194490192345	6.086835766330224	-0.44878617993745507
2.552544031041707	6.086835766330224	-0.3244233488214572
2.748893571891069	6.086835766330224	-0.17288680065451212
2.945243112740431	6.086835766330224	1.1102230246251565E-16
3.141592653589793	6.086835766330224	0.1875931103489618
3.3379421944391554	6.086835766330224	0.3826834323650903
3.5342917352885173	6.086835766330224	0.5777737543812184
3.730641276137879	6.086835766330224	0.7653668647301797
3.9269908169872414	6.086835766330224	0.9382536653846923
4.123340357836604	6.086835766330224	1.0897902135516377
4.319689898685965	6.086835766330224	1.214153044667635
4.516039439535327	6.086835766330224	1.3065629648763768
4.71238898038469	6.086835766330224	1.3634687127683207
4.908738521234052	6.086835766330224	1.3826834323650903
5.105088062083414	6.086835766330224	1.3634687127683207
5.301437602932776	6.086835766330224	1.3065629648763772
5.497787143782138	6.086835766330224	1.2141530446676359
5.6941366846315	6.086835766330224	1.089790213551638
5.890486225480862	6.086835766330224	0.9382536653846931
6.086835766330224	6.086835766330224	0.7653668647301806
6.283185307179586	6.086835766330224	0.5777737543812189

0.0	6.283185307179586	0.39018064403225694
0.19634954084936207	6.283185307179586	0.1950903220161285
0.39269908169872414	6.283185307179586	4.440892098500626E-16
0.5890486225480862	6.283185307179586	-0.18759311034896084
0.7853981633974483	6.283185307179586	-0.36047991100347354
0.9817477042468103	6.283185307179586	-0.5120164591704189
1.1780972450961724	6.283185307179586	-0.6363792902864165
1.3744467859455345	6.283185307179586	-0.7287892104951581
1.5707963267948966	6.283185307179586	-0.7856949583871018
1.7671458676442586	6.283185307179586	-0.8049096779838714
1.9634954084936207	6.283185307179586	-0.7856949583871018
2.1598449493429825	6.283185307179586	-0.7287892104951583
2.356194490192345	6.283185307179586	-0.6363792902864167
2.552544031041707	6.283185307179586	-0.5120164591704188
2.748893571891069	6.283185307179586	-0.36047991100347376
2.945243112740431	6.283185307179586	-0.18759311034896156
3.141592653589793	6.283185307179586	1.3877787807814457E-16
3.3379421944391554	6.283185307179586	0.1950903220161286
3.5342917352885173	6.283185307179586	0.39018064403225666
3.730641276137879	6.283185307179586	0.5777737543812179
3.9269908169872414	6.283185307179586	0.7506605550357307
4.123340357836604	6.283185307179586	0.9021971032026761
4.319689898685965	6.283185307179586	1.0265599343186733
4.516039439535327	6.283185307179586	1.1189698545274152
4.71238898038469	6.283185307179586	1.175875602419359
4.908738521234052	6.283185307179586	1.1950903220161286
5.105088062083414	6.283185307179586	1.175875602419359
5.301437602932776	6.283185307179586	1.1189698545274156
5.497787143782138	6.283185307179586	1.026559934318674
5.6941366846315	6.283185307179586	0.9021971032026762
5.890486225480862	6.283185307179586	0.7506605550357315
6.086835766330224	6.283185307179586	0.5777737543812189
6.283185307179586	6.283185307179586	0.3901806440322572

